,PC1,PC2,PC3,PC4,PC5
0,-0.34415615043040493,-0.33351829094109053,0.25122865633828445,-0.5334930488414857,0.45762269549394063
1,-0.2282980165956843,-0.5602753257686731,0.2249657287111331,-0.606860370187719,0.34645884398715016
2,-0.14527751134576355,-0.6154085720735826,0.17266339536303532,-0.5068329222839603,0.3717231605456169
3,-0.005612627077375308,-0.8263812048109682,0.09863582178258677,-0.34894367590197534,0.3670025083527795
4,-0.10329254125736367,-0.8580936156139481,0.1634108022864728,-0.46081193116040026,0.3208793919120508
5,-0.2834004272888449,-0.4546043599853698,0.2062143787513252,-0.48818096384126314,0.4279588088200184
6,-0.2271614011631955,-0.5255388155362322,0.20028827000777932,-0.507753032883081,0.39327452018399406
7,-0.07598572491837009,-0.7616445875047694,0.12822670352765622,-0.4351402655092959,0.32171341832822725
8,-0.10011893255259235,-0.7648513491410277,0.11002558158171936,-0.28029606139951063,0.42789128875495763
9,-0.28590420501156855,-0.5138710930878283,0.2190788859447014,-0.47366496884935466,0.414865552890951
10,-0.2860188173331259,-0.478140965647862,0.2204578712212475,-0.4892126840066798,0.43047646085558544
11,-0.38466107101482605,-0.23686680784802286,0.2204248375699489,-0.37750612012064005,0.5492809500096337
12,-0.3777098481742169,-0.15692272125841503,0.21021897208396723,-0.38660931666569914,0.5651661912438549
13,-0.4915081414204958,0.6091299494277231,-0.15121842440105518,0.6232810962795072,-0.8177688935503645
14,-0.46121578513459516,0.6119535889140916,-0.1913076017963174,0.7078520127435279,-0.7857098489594352
15,-0.471289553780172,0.5757797177141957,-0.15529217737740655,0.6376596382618782,-0.8260714279995196
16,-0.4364378151365912,0.6124621684883891,-0.19360022942582902,0.7083201689749097,-0.774861519802001
17,-0.4356056775346669,0.49142204322172034,-0.1552701306908692,0.5777329657168853,-0.8737908768745981
18,-0.4823982942084221,0.6116427242610304,-0.1512417433515489,0.6188772703568645,-0.8194590544816448
19,-0.4415640002601689,0.5562323561466783,-0.16443887408297908,0.5962120026678086,-0.8454478789454394
20,-0.5024412464945333,0.7244147592269574,-0.16941874981640548,0.668462852688481,-0.7576885522225394
21,-0.49129723577771134,0.6975103753740223,-0.1664380890559501,0.6501055088089112,-0.7730079991227693
22,-0.506451876815703,0.6922652576770695,-0.1678639800017464,0.6898305185212186,-0.761839533414253
23,-0.5326046418580607,0.8813157207586814,-0.18675433962321805,0.7285972066434903,-0.698586483932464
24,-0.5213010955475295,0.5959853591025643,-0.12214437336924294,0.5991345282471237,-0.8156734444363078
25,-0.43557037032932955,0.5593924417570352,-0.17160478577152802,0.6140335710711848,-0.8269811017319099
26,-0.5539096340894332,0.7488052770993225,-0.14352709523216467,0.6748102743004368,-0.7383898594844441
27,-0.4822559416623894,0.7155121030712851,-0.17465459993410518,0.6755704272772973,-0.7498337121349453
28,-0.5394178542949153,0.7926832559910764,-0.17537817449323667,0.7334734545415078,-0.719827662439452
29,-0.5530689682994829,0.809060679358116,-0.15255487610944654,0.6699796553233675,-0.7302850237845865
30,-0.5919708392925579,1.0079889678498228,-0.18822127554722085,0.802766630559584,-0.638005162871087
31,-0.5669135198536355,0.9393860016368429,-0.1791774432614287,0.7666217678069622,-0.6466399307727175
32,-0.5682365938834545,0.9972295104294796,-0.19230043147860257,0.7642223350974976,-0.6454044456671129
33,-0.5602731227892032,0.8574750432493381,-0.1814080071294055,0.7675917014597814,-0.6831190571993205
34,-0.5143922866570051,0.7228329340164923,-0.15236315626500077,0.6310390164921807,-0.7675566207978656
35,-0.5079756328443175,0.8133642193544229,-0.19428355956734544,0.7451893258676061,-0.7118796145284355
36,-0.5967849931358666,0.9229898163678281,-0.15378729208018052,0.7164077376540815,-0.6746389742989374
37,-0.47273348139084664,0.6923932184022225,-0.1823236699884144,0.6792518576343278,-0.7764595087884621
38,-0.526208651894946,1.1752150444878835,-0.31039277129271875,1.0531559210560297,-0.5125028138158287
39,-0.5671461855861454,0.8006060635042745,-0.14520573763520297,0.6620661877210473,-0.7280029060872107
40,-0.5494410455411523,0.7922928306846494,-0.16269544149551377,0.7200553868277104,-0.7045362528058021
41,-0.6395949141788281,0.9598834808055856,-0.1504409088770034,0.7319444870064855,-0.6472945244564448
42,-0.5450906296258443,0.7172432943187788,-0.14717390397103416,0.6431796788387671,-0.7579162925762947
43,-0.6669200977694669,0.8604047333054728,-0.09609214676851019,0.6519665375739084,-0.7026052108031591
44,-0.5797799428476933,0.8033427013564112,-0.14450232463070847,0.7042182231353009,-0.717285474166805
45,-0.4853436839546158,0.6033539724277066,-0.16010770679914627,0.6673637811179438,-0.7979475303452216
46,-0.5745455054789694,0.9501859781432281,-0.19861491519951485,0.8208202589881742,-0.614496020725442
47,-0.619290083494758,0.9066383322600507,-0.126956738230252,0.7150296000360111,-0.6713447427233039
48,-0.4972434162055741,0.6474961372527421,-0.16153066038551572,0.6660853017991124,-0.7776750870672824
49,-0.5709449135893945,0.962025942983365,-0.1622301119030713,0.7323464342530112,-0.6497104327756164
50,-0.5758535778459205,0.8714437581151279,-0.16502349560975596,0.6936536949878142,-0.6931157378106833
51,-0.630576672039441,0.9564590987281976,-0.1265048228249764,0.7391888991390523,-0.6459038053992722
52,-0.5968915384170544,0.9533335610798697,-0.16233911741320756,0.7387361677590549,-0.6743435158645488
53,-0.712221990156951,1.170908122302367,-0.12918759329676696,0.7601715687612111,-0.5836882101868048
54,-0.5232662768938249,0.9149999721824478,-0.21511601614172848,0.7669410071705082,-0.6596311456726457
55,-0.622231361143534,0.9588349778324956,-0.1785717136515127,0.749009372052029,-0.629195238196793
56,-0.5653560407623094,0.939724842130348,-0.15576980937114068,0.7310731494844671,-0.6633227705716606
57,-0.5347541486605785,0.7876771157036591,-0.15155794837262446,0.6791570758458321,-0.7206267229719266
58,-0.5487805975370363,0.9467490384559061,-0.1813221858268484,0.7205555001322916,-0.6659225168455923
59,-0.5315357707966619,0.8984946682433531,-0.2227183578625784,0.8125663998288294,-0.628933456882241
60,-0.5672774517364593,0.8194230681815429,-0.13373205945828456,0.7052012148570018,-0.7019023648246058
61,-0.5096552661914501,0.8416130605653213,-0.18554141597041,0.7026095364580229,-0.6934366119061052
62,-0.6288990046900845,1.0753529804702184,-0.1814733863518165,0.7680453598187988,-0.5879236493421492
63,-0.5018639548834363,0.7440487835122327,-0.16057458150882284,0.6773989443370911,-0.7453437916426215
64,-0.5484435463983769,0.8483608651917861,-0.165619046475423,0.6971097218263218,-0.6990391529956637
65,-0.6687654228285758,1.0820116418355652,-0.09388383366780055,0.6883660993020565,-0.638841428994071
66,-0.655300549749365,1.2166566686054214,-0.19532938597764396,0.8623674569179597,-0.5334205101932473
67,-0.5701089783139809,0.7629555815385487,-0.12656746933949334,0.6170351652630371,-0.7417656821727993
68,-0.5883884005569425,0.8526584721890976,-0.13581280560551132,0.8031619641855436,-0.6380463042140023
69,-0.5332012016260921,0.8605662670460912,-0.2230232148361807,0.8856577979287564,-0.605123237197681
70,-0.5199539743823792,0.8292710861898569,-0.19540033307974367,0.8354050925848799,-0.6347108834035545
71,-0.5327019765989607,0.6259536116980978,-0.1461371995624732,0.7301184022517324,-0.6943552528391438
72,-0.5205606315117384,0.8206576909369991,-0.15264160442050523,0.7719055739053906,-0.6549703393447206
73,-0.652575480666727,1.1345846704380034,-0.19133104114326668,0.9357281535660488,-0.47241166727764916
74,-0.23316610098008853,-0.1462757874726434,-0.14969120068091354,0.5846793116122347,-1.0254114340957212
75,-0.39858787214100777,0.4652091442981009,-0.21086514133258175,0.7191399242168155,-0.7844297664735773
76,-0.687049893454678,1.0499414593552885,-0.10790090966228463,0.7885181464645455,-0.5724031926014925
77,-0.35928985942150554,0.37769880185396,-0.18881005557381106,0.7026658145750655,-0.8373006465445105
78,-0.40614352879733395,0.48286066526345217,-0.20490717239351347,0.7510151178755793,-0.7968962252245473
79,-0.6147135741264673,0.8362620777839583,-0.13647219495380264,0.7809315286444658,-0.5936722900114846
80,-0.49292137325518076,0.4317926053919759,-0.13491747422178457,0.6941852943035204,-0.8078956808279087
81,-0.3311965424988852,0.3203937114560564,-0.201132702400484,0.6884578432258467,-0.8637448692991512
82,-0.6178274488220561,1.018120896148782,-0.16476509905386028,0.7941696780016377,-0.5760289821369889
83,-0.6124943331793743,0.851491035375354,-0.13478514029902605,0.765702890844381,-0.6374575414462085
84,-0.3308557510653842,0.33394773106247677,-0.21665915088569812,0.743912899892503,-0.8428626016418411
85,-0.4209989038411471,0.4765012690401854,-0.17866231709545974,0.6858291238549965,-0.7920723153173366
86,-0.5099798425794898,0.7812234829876119,-0.20885053448069682,0.8313901961935587,-0.6587858950701806
87,-0.629914248520388,1.1276095259132919,-0.1893524428151905,0.8965866058788321,-0.5201541029664896
88,-0.48406826471016345,0.7847699155117716,-0.21775269075919,0.8716943978923675,-0.6557833496579053
89,-0.19338704476415042,0.035466569077953064,-0.23991049545682444,0.6389543448321582,-0.9899386638722777
90,-0.07020303212119196,0.36652247595531073,-0.39004471624122494,1.0058853381062756,-0.7102321779866808
91,-0.2505566894759511,0.07408378570034295,-0.22084481889277394,0.6469645276386319,-0.9706880802510054
92,-0.43919236203294043,0.5683405553678939,-0.21005261320454266,0.7677788619875007,-0.7627420876774202
93,-0.5782893866992084,0.7281743763474842,-0.13734507107439553,0.7062620553882172,-0.7245672407554812
94,-0.5016880968772189,0.6850316888203942,-0.1732615778203912,0.7254147977761574,-0.7255733536145129
95,-0.531773704968273,0.7807585199671302,-0.16850886282906,0.7343480743727427,-0.710890562522465
96,-0.5055858120308155,0.7969857297214908,-0.2234915095103527,0.8798209475486712,-0.6433197553650891
97,-0.5048709142214266,0.7909645164473448,-0.1922385443714902,0.825748654753231,-0.6805873872294439
98,-0.4252940421802719,0.5430045004774849,-0.2091687188508163,0.7133830493594788,-0.7877590367998341
99,-0.49026657671308194,0.7361288030565343,-0.19876827201630426,0.8106904435680664,-0.704408755362341
100,-0.3910950118296621,0.5236398287769142,-0.21764384763358235,0.7448387867426038,-0.7954976135931086
101,-0.49854685328715614,0.6913353021093723,-0.17710486048558383,0.7146066635387621,-0.7423709865465962
102,-0.5030606722040005,0.6690087435484365,-0.17830253022722298,0.6537095723432572,-0.7704177438700001
103,-0.39535989529530974,0.4354605772481206,-0.1916252090543569,0.6765109614083656,-0.8313536424211365
104,-0.5673641446830089,1.010572301180881,-0.20212262407158205,0.8706823548968013,-0.615883751740895
105,-0.4767453883621873,0.7477255134960316,-0.2007641025168439,0.7592660314372233,-0.7202448178450254
106,-0.4408248542943071,0.523936332939086,-0.15243315323987933,0.6106153686896587,-0.8266049581124105
107,-0.44812395178084546,0.5909357637078861,-0.16925206906062687,0.6920515009023223,-0.7991152899464421
108,-0.39836272155460056,0.44221035822473137,-0.21306821076512966,0.7148275122609731,-0.8090592117716896
109,-0.48244783913418243,0.5448367432757242,-0.14040448559913637,0.6379186976299585,-0.8023184337813736
110,-0.40830006142498065,0.48755856634956074,-0.18690254630901668,0.6673119879617083,-0.8351445757050554
111,-0.4421287329703941,0.49728666848442493,-0.18792269406554624,0.6408253428323575,-0.8206883927894177
112,-0.4909021986194933,0.7913280401360193,-0.21794607863844553,0.7788927434601038,-0.7046198627767779
113,-0.42315369992528296,0.5891256364500025,-0.20684948590912972,0.7528983238664881,-0.7615454836623657
114,-0.5438687132867268,0.9107745691451308,-0.19947230068308813,0.7975494098940319,-0.6626179359698222
115,-0.37176798895744584,0.3803432259680996,-0.17978153061424146,0.6514633578710863,-0.868882290932284
116,-0.47288868846899584,0.612591121859853,-0.1752058815283466,0.681292243814739,-0.7776138545971768
117,-0.4487032887227789,0.7115988857472149,-0.20645743198810362,0.749163895843783,-0.7388334165284423
118,-0.5412018508360376,0.8358731333691927,-0.2057440163557436,0.8056937539002504,-0.6721718331201522
119,-0.39520421903763675,0.5579786888978531,-0.208457184418119,0.6842629355049229,-0.7990684325879929
120,-0.4053861905402545,0.40560744618527583,-0.1721717897449904,0.6429486327474245,-0.8584573165495727
121,-0.47546637991131635,0.618159077095047,-0.17283463656828355,0.7387057547198875,-0.7567622177598714
122,-0.3928886442747585,0.3932677371700502,-0.17432877368353455,0.6198260006586421,-0.8801910359346764
123,-0.4301165689589034,0.4391434460858351,-0.16432795767188438,0.6636548614100513,-0.8439949285633108
124,-0.45208485473836396,0.6575878301569074,-0.19117672967246133,0.7104551199182376,-0.7581923092289944
125,-0.35434749509351054,0.40090071930164395,-0.22298521276497607,0.756771023533324,-0.8285447946186848
126,-0.34657999867840295,0.39016885059551537,-0.20621245576835412,0.7229429745954784,-0.8499709534969226
127,-0.3755992665496709,0.5231010042368427,-0.20947680818501294,0.7141311913847209,-0.81958489078171
128,-0.44885085753988196,0.6251875241743603,-0.17761669903034,0.6351491813358439,-0.8049342636699681
129,-0.4656768869956871,0.6916988416518602,-0.18136716824431054,0.6852421852471345,-0.7718249331208091
130,-0.4489176957464227,0.6643574838820681,-0.2240110020581271,0.7714723513982633,-0.7435713416049673
131,-0.4211867735366637,0.5270303306565257,-0.20243155410911212,0.7004334184081891,-0.8112065163681194
132,-0.49794588780224486,0.6879006842315107,-0.18055865322060627,0.7421641016349595,-0.7423650190900152
133,-0.42049475160794375,0.584000690796716,-0.18347485975829483,0.6912171708029414,-0.7985869123824287
134,-0.5469883378293097,0.7474149100217469,-0.14617855273919803,0.6991040981056942,-0.7328470812397502
135,-0.5243503566096186,0.8561685442855231,-0.20018033159519974,0.7504667258109236,-0.6927906414916538
136,-0.4211771328538002,0.46530791992006515,-0.1574377033597877,0.5886436685384283,-0.8515602456043577
137,-0.48415525247509644,0.6344085757781069,-0.1750856154519966,0.6742735345783694,-0.7683394155572274
138,-0.38874618182027326,0.5454883352694867,-0.2265445328913826,0.685034793714724,-0.8219810930123409
139,-0.42384064874475935,0.524375824058601,-0.19900039951686063,0.7796830452367443,-0.7695766975662671
140,-0.5124851624185459,0.6696069063670353,-0.14957090946368876,0.7253506901011866,-0.7478098541270837
141,-0.40588532532688976,0.36342473478082055,-0.16213236271614642,0.6226681896124334,-0.8843208022163704
142,-0.4118278406392329,0.4636154862113932,-0.20798646301230514,0.7767093937454197,-0.7874167791655418
143,-0.5211436535164502,0.7478731859291468,-0.1703891033316985,0.7154401276684258,-0.7227545761986961
144,-0.40301695407053656,0.4798453715314474,-0.1924256919975557,0.6931314211061258,-0.8124494328499539
145,-0.5175761518435371,0.7258104204387847,-0.15799271305337773,0.7134356996076537,-0.727009952889703
146,-0.4117593746333297,0.5102189958824984,-0.19258678934790327,0.6718686178212119,-0.8224665096783678
147,-0.5128696578996395,1.263398109811033,-0.3256538706444742,1.0643400018476399,-0.4623231350272263
148,-0.5049941304118721,0.7474833486969895,-0.17824523029774417,0.7296971881108087,-0.7059635280982496
149,-0.4308154592912798,0.6065983143146098,-0.18172491230052726,0.6614172029403553,-0.8032171960481237
150,-0.459455235667076,0.6898895175961764,-0.1908968440500841,0.7083645551572116,-0.7520288143577308
151,-0.4875357038746659,0.6434396108490815,-0.1588979471261925,0.6344996210944103,-0.7891265235650099
152,-0.49350665660465226,0.759066262505534,-0.18756879149301955,0.7485398543226659,-0.7181304496080849
153,-0.5422119563494568,0.7302370314732984,-0.13516285798703243,0.6175672560656607,-0.7696150689829904
154,-0.5099397574448954,0.6774131647583486,-0.14416363191037257,0.6056937062198265,-0.7798859952999879
155,-0.40841849836409627,0.6233903583909675,-0.20701214043641805,0.7036820095821782,-0.7808523104161522
156,-0.5181256372282773,0.7182529834930075,-0.14356126091459356,0.6661196316213156,-0.7390593142267066
157,-0.45658816988681117,0.7353953501715762,-0.19889559927480044,0.7400470249344377,-0.7248841302133664
158,-0.2090212049590243,0.006969399020050348,-0.22019457646262444,0.6516772175881826,-0.987053946236158
159,-0.4633455395159341,0.676238718494939,-0.19134615332649835,0.7306646938802805,-0.7349183359295988
160,-0.5430316490903407,0.9520356685483774,-0.18286377182950805,0.7369180343687767,-0.6547172329818598
161,-0.5528893866897245,0.8032480484656828,-0.16666016196750563,0.7385359546468143,-0.6882737910927414
162,-0.42980888525433153,0.508693785633818,-0.1781059416242504,0.6624511800227454,-0.8028305089006544
163,-0.5097599303254312,0.6999185326700804,-0.14857745795613053,0.6896364811414532,-0.7312614358729472
164,-0.5034072107857498,0.7885969172839223,-0.1563393125881694,0.6864857010522324,-0.7125081552517865
165,-0.5221093116699091,0.6817436292001193,-0.13038428721592038,0.6298601351148554,-0.7638431042642974
166,-0.6346867700779992,1.001747274569068,-0.12415304611197482,0.6501690279126129,-0.6640818970607963
167,-0.586189569447758,0.9249403070020372,-0.1244723366416255,0.6069693032663858,-0.6996294504501027
168,-0.586091807333648,0.8590228318972255,-0.12279835236384645,0.6194760565867703,-0.7101936409791806
169,-0.5475875938117475,0.895169960331484,-0.15915200438986246,0.6590165764132977,-0.6764558366998793
170,-0.5522509168950623,0.82395956120206,-0.15120289073556872,0.6491945646447383,-0.7127852511750494
171,-0.6143148761983346,1.0344372801897868,-0.16507982297410148,0.767664681453241,-0.6189546428197111
172,-0.5907099920632979,0.9446835504684085,-0.16014082018503845,0.7205191631831125,-0.6544264724004
173,-0.5402098904373946,0.6914093271227091,-0.12845934060074068,0.6336665458842953,-0.7612203562745653
174,-0.570248720973583,0.8032205536068728,-0.13774849288267318,0.6762490644886331,-0.7149225789493339
175,-0.45892931791681385,0.612914105145125,-0.16870745399786827,0.6576387292258453,-0.7850726472736264
176,-0.6275365494882896,0.9249568250673202,-0.14036005668366755,0.7303881598775894,-0.6525982918068136
177,-0.5792955939639661,0.7953511766409118,-0.13057185189584047,0.64798010668072,-0.7307948417662846
178,-0.5444682779560635,0.7283092782329723,-0.13679972745666222,0.6343466629433333,-0.7466838612272682
179,-0.49227144554162705,0.86038190178915,-0.19497557369957175,0.7331184911137693,-0.6719304672018891
180,-0.5150124705036013,0.9490282312751082,-0.1943646679719186,0.7623125904438045,-0.6564184718725985
181,-0.5899689140301387,1.077593245481656,-0.16967083882088027,0.7522326343452331,-0.5913771403800051
182,-0.5186407823851882,0.7423102643179152,-0.16048429974727418,0.6644513406307756,-0.7343488179296295
183,-0.5930970661757544,1.1467300963444949,-0.218865152474004,0.8561451561464081,-0.5511733610408678
184,-0.5029599569350676,0.7851334780565922,-0.17536558495918292,0.724484713957184,-0.6912821635209062
185,-0.5017273004509449,0.7578695167188477,-0.15687871475190682,0.6877552187953971,-0.7248229880276859
186,-0.4345439456535542,0.6482853220029159,-0.19135715071978288,0.7152277021716565,-0.7565262569471353
187,-0.631690220345696,1.1012440722445136,-0.16645561617766538,0.8151172595388788,-0.5591620316728595
188,-0.20540896984693724,0.19049540008046334,-0.25289274981954796,0.6612818523389676,-0.9422886405216564
189,-0.5095182481655051,0.8069903476257231,-0.20724722743648613,0.8055860326414508,-0.6724086546568092
190,-0.5134891147171282,0.7573996897093304,-0.1572484720690715,0.6699495636903332,-0.7256781546842566
191,-0.6576948126153709,1.029105901070483,-0.12702197869017184,0.7161507567175724,-0.624256944958714
192,-0.652581804734354,1.0108089352850524,-0.14551178602866516,0.7784728326211535,-0.6111099451532704
193,-0.5385699829295978,0.8982223763755306,-0.20050999386873464,0.7736238978995341,-0.652597603073819
194,-0.6506326255607352,0.9920298356540181,-0.13927382829646032,0.7941589948464685,-0.6041068895013032
195,-0.5924127898427576,0.9493140823717954,-0.1675863852487069,0.7732593251957713,-0.6247165605840589
196,-0.5647439586007031,0.8452132871172728,-0.1633618647874741,0.7053282949795288,-0.6931108174005823
197,-0.6340452637335757,1.0180635770870672,-0.14979132976134207,0.7667249567899577,-0.5924916130038808
198,-0.43303158204602954,0.8240788652859354,-0.2862147981661512,0.9586339705818957,-0.6333443850915881
199,-0.6111734456246808,0.945866366632839,-0.13918248554688287,0.6955747608148595,-0.6704224472530839
200,-0.6519812854951706,0.9692813647768848,-0.12105464945853898,0.6792879128977429,-0.6732524882969473
201,-0.7906396474696897,1.5365321138626975,-0.15293491440071186,0.8927273341931645,-0.3592024867593982
202,-0.7406665047966123,0.9269756497686081,-0.040768464326829755,0.6791023390294725,-0.6324789145247411
203,-0.4952836820987646,0.5941302753389792,-0.1973137515046407,0.8186493973322065,-0.7099715056917711
204,-0.573110876162126,0.7749057499443426,-0.1690651686711299,0.8143655835329827,-0.6368730357700833
205,-0.6055148645207576,0.8582182655717234,-0.15556275742466688,0.8459056700275668,-0.6006501959287069
206,-0.5412296958586218,0.7245537258266187,-0.1681389423503504,0.8257445408660535,-0.6616400343118868
207,-0.7007407566169167,0.84256189017971,-0.07537042868588523,0.731480089306317,-0.6111780824702548
208,-0.39342119532744524,0.6361437149099408,-0.25868996850667514,0.8160613155509783,-0.7452439390329206
209,-0.7445280469248791,1.2668896621098442,-0.1394067702570804,0.8687105704673991,-0.4381229045718519
210,-0.34073802637421885,0.2035992701624608,-0.17187816218190108,0.6456469249552399,-0.9103869004821239
211,-0.5978648923539294,1.0241252002401569,-0.19698618537748971,0.8093197452019794,-0.5888757599697989
212,-0.45074570431019206,0.5669556015112008,-0.17052593111923256,0.7195181782217629,-0.7505295689947149
213,-0.39608891638003507,0.4990571454088755,-0.20490833007934423,0.7316355061891964,-0.7997779260825071
214,-0.4210667534116284,0.31698822613257205,-0.14224392043886858,0.5812979961864821,-0.8742082008221911
215,-0.51011664321586,0.7798390658951365,-0.1853865122658025,0.7846929525207388,-0.6597835711085062
216,-0.7459803736860691,1.385357367235424,-0.15879408756952476,0.9565790570756771,-0.415987476350236
217,-0.38448810981589465,0.43545776244096307,-0.2128931089702208,0.7307446195711625,-0.806552499891669
218,-0.5358044474540516,0.7972844157017543,-0.17154931981756077,0.7740621935645337,-0.6444848836111017
219,-0.5445044267564708,0.8735587724163988,-0.18404065018934804,0.7693027686872298,-0.6485804770469672
220,-0.5621281041971278,0.9129841624226244,-0.1539557802227518,0.800497771838831,-0.6484236081701658
221,-0.594652511084102,1.082797865389281,-0.21109952511159402,0.9213610386281871,-0.5383394189823432
222,-0.44382542502513095,0.6606921669085013,-0.22203462771715504,0.7839826724621691,-0.7103434213015201
223,-0.5147662737131549,0.7253085486669214,-0.14821792847424478,0.736255420924272,-0.7159742307070788
224,-0.46226092300719607,0.8207365369347925,-0.244252286508454,0.869534384659805,-0.6252108016014715
225,-0.35336251199822716,0.3056763533902451,-0.15636758044011048,0.473294612614649,-0.973777086370227
226,-0.25250673130787943,0.08730471923723457,-0.19640018857339653,0.5569356643627472,-1.0128454003819862
227,-0.4056770077956953,-0.053522354792831614,0.19563979883011964,-0.41257569226167184,0.6263827482732478
228,-0.5158342511263321,0.21316197149433905,0.2250904296350388,-0.408568613579175,0.6980482271212437
229,-0.5142557322293936,0.2514275314117006,0.20645741852087185,-0.26325076707408696,0.7664137415289999
230,-0.5407788543792537,0.3711269518919814,0.23180574238538806,-0.3821214356616477,0.7699177102370316
231,-0.5525264481829739,0.8623331970129923,-0.1516932626961686,0.7113041347498822,-0.6801074484416272
232,-0.5721610742041822,0.8154205647281109,-0.14174968625648499,0.666228022725986,-0.7183173596655903
233,-0.4662480303942995,0.7393847902331269,-0.1913314612976694,0.6911059701640674,-0.7453018389847627
234,-0.5328041819240097,0.7809476144530751,-0.16299507352009743,0.680691853527722,-0.7305917531056791
235,-0.5234305896482652,0.7616704993591817,-0.15910057998579819,0.5895594309856644,-0.7728367839199803
236,-0.44307958471976533,0.6763362246286344,-0.2249309219189208,0.7299136815788834,-0.7596367183564414
237,-0.5056391796883187,0.7151373091599253,-0.16989468719774348,0.6499827270287819,-0.7712846951461209
238,-0.49771594154636145,0.7975995331588479,-0.19963780612696086,0.7052138169032887,-0.7346508182252162
239,-0.5541798162134381,0.8316447541638479,-0.16169539590245643,0.6710241901640444,-0.7277756460107263
240,-0.5222162962610648,0.829012453420943,-0.19686488081772385,0.7424744303245864,-0.7115485317623504
241,-0.5574458131712248,0.8698182777150147,-0.18319977112405994,0.7629245979989512,-0.6823079931556538
242,-0.5608871525407362,0.8582178610781759,-0.1493065625862812,0.6548188075267624,-0.726257518693332
243,-0.48377264962216604,0.6541719393220436,-0.16035508776606763,0.6289477234943318,-0.8091507107514249
244,-0.555296096853636,0.7600108542675944,-0.1453915897787083,0.6480601154237176,-0.7652308890898162
245,-0.5130907783534623,0.8617136997534176,-0.18976374179853875,0.7341698429880353,-0.6897870807465905
246,-0.4648001657103829,0.5863763459706635,-0.14980514323429878,0.6301237871067606,-0.8273564795381787
247,-0.5444224634867318,0.7985667043061919,-0.15757725861423677,0.648598355988697,-0.7524369686840521
248,-0.5009179432785994,0.6797731800982423,-0.15519575092346147,0.6642804719391117,-0.7842776160886213
249,-0.4884100896413113,0.6189858915037794,-0.1751830732739258,0.6996197928269624,-0.7926492851297737
250,-0.5552939299009848,0.8172340402806009,-0.16449709328445564,0.758831565853401,-0.7134609168584687
251,-0.45389993821219504,0.5473036239392786,-0.1810574194735836,0.6489451265085447,-0.837781832695304
252,-0.5588367333045072,0.8799927055277039,-0.17513489705684956,0.802002171869255,-0.6739546115464108
253,-0.5734254515536389,0.8611502883912139,-0.16000889029206483,0.7137517050973307,-0.6991445853609821
254,-0.38882842361333575,0.4027729134233521,-0.18863250845372262,0.6399359515206484,-0.8763117885167125
255,-0.5663516362576492,0.7834294502317257,-0.149454488179731,0.6991933044237129,-0.7202949699903254
256,-0.566355005622573,0.7270758451239363,-0.1327845998316133,0.6717005970462017,-0.7488708645494824
257,-0.46976688888767626,0.58808882992801,-0.15394455266656906,0.6348465621972689,-0.8126762941785803
258,-0.5532110739452065,0.8773453693125315,-0.17756581601626711,0.7495455080828882,-0.672105071454936
259,-0.5114669812166298,0.5642692667057531,-0.1421366460246825,0.6361881675020084,-0.801445062588312
260,-0.521326389535654,0.6816436452443936,-0.14635652619826825,0.6126387097797296,-0.7887300892977256
261,-0.5920901989785087,0.806606858633271,-0.1481244470691838,0.7046139591941781,-0.7091851631871113
262,-0.6030647129211705,0.9714992817446996,-0.16775826559652715,0.8039731508178228,-0.6262718177315656
263,-0.4654325842518597,0.5146405827914369,-0.15679125595538257,0.6164534163895543,-0.8372210753399267
264,-0.6116290385065373,0.7816082554613073,-0.11406532562524135,0.6210987767827952,-0.7405102475780274
265,-0.5168654502990531,0.7222803923063308,-0.173167801422627,0.7335978082919999,-0.7299305146172133
266,-0.5244599885044572,0.6953321954959113,-0.14428887332631996,0.6415657453639869,-0.7716484003474913
267,-0.5754472105209258,0.9099374458387973,-0.14913147600324653,0.6936833861308042,-0.6803881276668512
268,-0.5160453060196167,0.6861481317220839,-0.16615828924945894,0.701356453665291,-0.7356279065597557
269,-0.41887803266461787,0.4471107595477417,-0.1767595876037217,0.6743462452070186,-0.8373294692344251
270,-0.6010056506128735,0.8737209782969543,-0.1514587601404451,0.7805780493282533,-0.6636017014058071
271,-0.5223206964648353,0.7443839003076581,-0.172475146568834,0.691962668625949,-0.7398792363721857
272,-0.5084593673340028,0.6114690748723062,-0.155935627361347,0.7302785848336054,-0.7439059932348357
273,-0.6070521376103547,0.8636025979241528,-0.1474597238000158,0.7589073933193097,-0.6744828413102532
274,-0.5035004293508835,0.6977606420624753,-0.1655207539654353,0.6863972561540378,-0.7554196485118402
275,-0.5905711291130256,0.7785355663216922,-0.14367347082040455,0.7060267833993105,-0.696621417691463
276,-0.5225484521217967,0.6474284097642684,-0.15927216301361005,0.7215801651517356,-0.7532736098528422
277,-0.5866604951858261,0.9689712704812651,-0.16255412729972685,0.7855936053075028,-0.6325322393271249
278,-0.5219748013241213,0.6736709979771669,-0.13476819333552992,0.616587934627216,-0.7656210823424278
279,-0.5254207783626972,0.6629696868208204,-0.15467596629940686,0.6689474158932316,-0.7608463653259844
280,-0.5070959334658673,0.6818910445909009,-0.1623761190092308,0.6983338115410501,-0.7659817483320599
281,-0.6332842284429835,0.9284237663588862,-0.14408598524634308,0.761799541506624,-0.6597550338685191
282,-0.5279848846740697,0.8212073038531162,-0.17445691302795954,0.7015475955911163,-0.7055485194804242
283,-0.5918823931718953,0.8915835511146463,-0.16285286889472012,0.734448645803355,-0.6676081321745385
284,-0.6052753641960436,0.9103120822951002,-0.15663123333910717,0.758883249147958,-0.6468284157507003
285,-0.5619254365508106,0.8304778952753897,-0.15609986779893986,0.7111748853273345,-0.6970900557786989
286,-0.5884272843094851,0.8731531841298429,-0.12693949513625896,0.6655994102736,-0.6927104677387874
287,-0.5562051603003244,0.8230341690823745,-0.14016809133014593,0.6600330534029617,-0.7093150115754916
288,-0.6281282482579689,0.9167644388741849,-0.1339804774045359,0.7051494799269432,-0.6697115188332088
289,-0.5652262163469615,0.7911125048244295,-0.13451717290260487,0.657764985445472,-0.7232135094223737
290,-0.5527560272321448,0.8769064606331902,-0.15182620696144328,0.6581253483046685,-0.6990879823395332
291,-0.6269858222980063,1.1268222267862869,-0.18519612533231145,0.8284366025743192,-0.559446690742955
292,-0.6271277795813311,0.9243386911764715,-0.12879227461672402,0.7224237402895994,-0.6496481644841594
293,-0.5373293834071846,0.9150041545609181,-0.1802310823005075,0.7188479078262959,-0.6685056465226336
294,-0.6636292494073814,1.074300689468211,-0.10502537518091415,0.6286596708276876,-0.63480856569548
295,-0.6592912208257841,1.0851899983050028,-0.11752566180984049,0.6593096958400804,-0.6192699426977085
296,-0.5822797589586763,0.921859163451499,-0.14830042434677287,0.7246127432673344,-0.6413456637289671
297,-0.5522129041535103,0.8986967331590094,-0.16877499960790487,0.7386930948367644,-0.666774761197572
298,-0.832189747646725,1.37954125024187,-0.08797465488335492,0.7537462200048847,-0.4700422932420507
299,-0.5602787966446817,0.8255375643402112,-0.1383695725504251,0.6888704702227307,-0.6779489490974804
300,-0.4497896856132642,0.7286467566673155,-0.18592065162722207,0.6731171732337562,-0.7503960479046478
301,-0.61385588603769,1.0664319265136333,-0.1616036883537763,0.7638257432699518,-0.5943169390390187
302,-0.5744943810636717,0.9144940964923208,-0.15226220388186845,0.694897957438808,-0.6507747407427655
303,-0.7464075957025179,1.0928250513684603,-0.09864716328969189,0.7731265052738587,-0.5429040632939885
304,-0.26260508586615344,0.30959696929937275,-0.24244349656505831,0.6777526345100687,-0.9101657663790731
305,-0.5205591851757996,0.857547900464336,-0.20402289163027204,0.8478278046984896,-0.6408758848774702
306,-0.6047837970293212,1.0623652152694214,-0.18171585360107131,0.8511290460465065,-0.55476608262906
307,-0.6137360047881008,1.0587092843122679,-0.16785471405305316,0.7762297777555545,-0.5924558571734303
308,-0.7515943826207168,1.4826331442289091,-0.18208057931774255,1.0000253207542737,-0.35073040654310766
309,-0.524352300648881,0.7266475936446755,-0.17444850378953433,0.7765830405652459,-0.6776195697780015
310,-0.2880784285581807,0.20187193502790898,-0.2090866475835797,0.6689299013076957,-0.9141002275938792
311,-0.36007319711965613,0.3291002620826328,-0.18504521530788332,0.6760028675378814,-0.8637500945714729
312,-0.6527262494321687,1.1833232264271953,-0.16557089929397106,0.8427769004700737,-0.5078447750939111
313,-0.4349279906439321,0.7011497776972814,-0.23471835239855057,0.8451957244048434,-0.7010113009148015
314,-0.49836386399781674,0.8264207541109193,-0.21730360450266004,0.8519020826156671,-0.649305676582552
315,-0.4835847805598878,0.7478117874153728,-0.19415764646491118,0.7396456036867004,-0.7080377960642611
316,-0.46210942796469506,0.8017957614220403,-0.19365402003726198,0.6996840330139925,-0.7261683871627476
317,-0.7153135255246289,1.424755069913682,-0.18999876492828704,0.9511020159416944,-0.4099117574760056
318,-0.8155932060312268,1.162520202540927,-0.052564081477782895,0.7206077857582402,-0.525194681216185
319,-0.5587476415432263,1.0553859414425957,-0.1963797722286383,0.7769981606176098,-0.6074504873427795
320,-0.7868474410899657,1.563761914516282,-0.18781141493329218,1.00849083746648,-0.34990635718376545
321,-0.6342433063926796,1.1179257455376341,-0.17981400030563732,0.8410788897089627,-0.5458782463047758
322,-0.5751240186861989,0.9632594258231666,-0.1743012496781266,0.7765353630411408,-0.620884850180305
323,-0.623073118190141,0.9579651394612294,-0.1543218305138847,0.7908337828857076,-0.616190396645369
324,-0.6688663616080619,1.1532234743954146,-0.17617644387125939,0.8812445322584789,-0.5209912861822587
325,-0.368402186437152,0.3942713865048709,-0.18889516756826713,0.6127939133503871,-0.8909699289984746
326,-0.6018795944113073,0.9947697365929188,-0.1669892111057889,0.780487957184875,-0.6035785411292592
327,-0.5961586922967727,1.022042829856525,-0.165158549259011,0.7850273510006703,-0.5845068584181802
328,-0.666413695216273,0.7595869245979909,-0.09066653647381144,0.6750643323301297,-0.7060090500877206
329,-0.43076105736855497,0.5585030219445667,-0.20304794911107818,0.7577355025563284,-0.7574498879472161
330,-0.6341037330516636,1.1323350111136237,-0.17438296127602307,0.8694862273227273,-0.5133551922705679
331,-0.43317841114717576,0.6170835133338843,-0.20957353693394448,0.7330250018497269,-0.7638823939980078
332,-0.6758391644145394,1.3360855790571715,-0.1676021250414861,0.8163343964821881,-0.4860223710000687
333,-0.6232806452278065,1.1888523502045512,-0.196931866014328,0.8615256988892693,-0.5345165959035816
334,-0.7372852128715205,1.191747026239637,-0.09958191467065929,0.6934413323745379,-0.5692535699790546
335,-0.6527479346938873,1.1893686021605228,-0.1813013913682672,0.8633271621414629,-0.517903805612316
336,-0.6922458189969303,1.2773169672389073,-0.18142499755289393,0.9038106189722408,-0.4693584155874835
337,-0.6512804006685377,1.127045606615531,-0.1560951154588018,0.8080416691650703,-0.5280734498508115
338,-0.6080653591269957,0.8674803647636504,-0.1525885541062596,0.7785700902161821,-0.6344273350093923
339,-0.5451033737581492,0.8836437304142319,-0.18815204844035008,0.7922721269360288,-0.6489338038598625
340,-0.4797722654416707,0.8132817813145234,-0.1967585306601724,0.750921431876299,-0.6810801034371898
341,-0.4028239100124369,0.6020002802389445,-0.20910746048254578,0.7072205280539271,-0.7797996882249121
342,-0.6706877621200971,1.2526101576721107,-0.18464201808340502,0.91180763079962,-0.4748021888498348
343,-0.6359909312483963,1.1274447910304353,-0.15828254981062145,0.775886947477557,-0.5582473163457857
344,-0.706798508549959,1.2569976687145352,-0.1412260125807305,0.8083080776044761,-0.4786013534082432
345,-0.791502618714241,1.6446902432267292,-0.19184106771168624,0.959736830276367,-0.33210431751613767
346,-0.6244243174817895,1.0251031891383493,-0.15100353603223185,0.7405631524770409,-0.6172511270295116
347,-0.48915145878368277,0.7598954912003523,-0.18756284320080988,0.7211667527113774,-0.7223508462138993
348,-0.748542713729569,1.3871569131797519,-0.17800367957277413,0.9292765823220536,-0.45064507334004933
349,-0.47661016028998354,0.8362956393655775,-0.22552324333140505,0.7878121504020961,-0.6956414421443756
350,-0.6281027496557868,1.0216177810857667,-0.14576534283889586,0.6798141977570572,-0.6638087420511587
351,-0.6701395174646828,1.2674748840648102,-0.16204750610345942,0.7671763158959634,-0.5367686461010974
352,-0.5658640957367729,0.5351464275406055,0.19217450059551125,-0.23409872971300755,0.8779371661526033
353,-0.7009056848458893,0.8432937863991291,0.20216673042198408,-0.17537923501474936,0.994927760054845
354,-0.581949314938705,1.0115058386701727,-0.17427140288606213,0.6833459852136216,-0.6614655851449049
355,-0.5362889288459027,0.922419255619872,-0.17819176104246265,0.6727225488803992,-0.6782245960067016
356,-0.5884469339758842,1.1245681776181125,-0.21416022626366238,0.8599132486978314,-0.5646525098420228
357,-0.604344766271343,1.0665153277873944,-0.164884234970309,0.7164712118687779,-0.6264153553172287
358,-0.5029891983016851,0.7642270198226697,-0.17312017638145866,0.6325664297854852,-0.7720587411984875
359,-0.6369488042504204,1.1635549771784772,-0.17789288481520987,0.7893415834429214,-0.5770023922448932
360,-0.5348690499585861,0.9506122926574231,-0.1917439992994348,0.7305758084415847,-0.65299441840783
361,-0.5681261264991091,0.89986268574376,-0.15753324043787445,0.6646978310634484,-0.69487609740428
362,-0.4667259421728877,0.6737484446485464,-0.17903542362315367,0.6253367008587714,-0.7990752604912996
363,-0.5405040477743377,0.91076995688033,-0.18365380043277568,0.6987712673033193,-0.6835425536608712
364,-0.6190766777849661,1.0769352170255824,-0.17161865307791108,0.769722883581884,-0.6118450852279296
365,-0.5010526343655474,0.7859752658622219,-0.1687629163586529,0.6336561821420599,-0.7558315876797753
366,-0.5461880542580022,0.8297104473952924,-0.15661549679024114,0.665897306496538,-0.7208414729284494
367,-0.5748894708042434,0.89217259607376,-0.1557014283267313,0.6508766882826996,-0.7142715573349232
368,-0.4566549485555142,0.5919198375472978,-0.16507127741392547,0.6092676032684627,-0.8297748692790969
369,-0.6224717662721362,1.0297002416821102,-0.1509299842754974,0.7175899517138423,-0.6351990864309388
370,-0.5793039648464987,0.9485034460941694,-0.14345070930836643,0.6590848251546353,-0.6922208245690786
371,-0.5097051371337522,0.7881994795503335,-0.16112086465313533,0.6647993153803361,-0.7421520871590096
372,-0.5281055917428386,0.8443786449660312,-0.1583436288967325,0.6849238702064706,-0.7036148401754635
373,-0.6158057695320481,0.9576296324020912,-0.16209144785577914,0.7318321604400074,-0.6602301565125421
374,-0.5414409760684883,0.8801170037092546,-0.17030471002624734,0.6966345586003937,-0.7064877159681463
375,-0.5666444757868478,0.8911507444528185,-0.1584953064809506,0.6900956200082068,-0.6907893220312491
376,-0.5132361958668603,0.7380162469185099,-0.1509183135301108,0.6535733194597624,-0.7403003192153446
377,-0.5098069070083296,0.8045633549180196,-0.1937358247813397,0.7297005378888722,-0.6979089945142634
378,-0.5493969442578861,0.8536844128035187,-0.18176364127525782,0.7410076757435731,-0.6770384328369219
379,-0.5159779643572081,0.7988365049509885,-0.17761118562183276,0.7077416277520576,-0.7169754885035702
380,-0.5798262710510127,0.8851076407978969,-0.13744557513362263,0.692644966573305,-0.6889210277890471
381,-0.593013240037576,1.0441200992380328,-0.20400742236515942,0.8710311546043702,-0.5908841871197262
382,-0.5138337238525268,0.8206736357389984,-0.19165036383508752,0.712890193131078,-0.7195971656441843
383,-0.5778969525248357,0.8846996263596479,-0.16056071156234433,0.7303558695457377,-0.6714661748899782
384,-0.6223791644178424,0.9572019095764255,-0.15845246982901454,0.7378710193581841,-0.6446145596985965
385,-0.5970058353244334,1.0567613591417189,-0.16918403404837626,0.8221765248433003,-0.5863732469027326
386,-0.5754065884224998,0.9649290236199973,-0.16971218437902286,0.772099581289058,-0.6426481641663868
387,-0.5301405562877088,0.7739691757064178,-0.17866315420246273,0.686027168963821,-0.7266992033709259
388,-0.5958900039653658,0.8783580537511599,-0.12373496948321429,0.6726580296854369,-0.6955209604305918
389,-0.6546206468253384,0.9825221079884259,-0.13639908261660708,0.7499847014740963,-0.6358376308688236
390,-0.5719076751516117,1.0106684730478943,-0.18173082438394386,0.7249987044094316,-0.6460955260977872
391,-0.6459205010444906,0.9935713123435318,-0.13248965551360262,0.7200559820029966,-0.6380413881466019
392,-0.6657898008465339,1.1404088198836313,-0.17561526383585763,0.8600073408587333,-0.5502279339939469
393,-0.6420923632083205,1.076562670009318,-0.16728937778200148,0.7931702096746264,-0.569095985131228
394,-0.5608457391568328,0.8618610654599941,-0.1632822624258913,0.6934666719415551,-0.7067269714124459
395,-0.5453236710688616,0.8793484587163202,-0.17596865528396066,0.735718165431671,-0.6706063276803449
396,-0.26603707490020606,0.24854190939628465,-0.25300909400227983,0.7529077802350055,-0.8530762888545649
397,-0.7961705992633676,1.4009913683187782,-0.14449676144697937,0.8743640231276532,-0.42262336449797927
398,-0.5503381268297877,0.8326668914172622,-0.17489859729186824,0.723809578825058,-0.6940114166624852
399,-0.6396898700928525,1.065698923308669,-0.16363119728325343,0.8082952416367329,-0.5901834158813207
400,-0.6808549109992218,1.1871779401900222,-0.17463585832445225,0.8108689734406126,-0.5507853633269493
401,-0.6204778266896476,1.0485489717993266,-0.1987931942916511,0.878925237338248,-0.5729662088056062
402,-0.5500879293246574,0.8397858093814099,-0.1563973503225242,0.7092989701161291,-0.701606454711939
403,-0.6323288750124266,1.054692960613019,-0.16474462703399517,0.7951563286122387,-0.6037847617113682
404,-0.486139451237649,0.707718932984099,-0.19326285345438485,0.7828144010457825,-0.7167725305461753
405,-0.6988056548088921,1.2097706763968712,-0.16598960903380755,0.86703011390232,-0.5079529118325481
406,-0.5177354743757756,0.7773030071819109,-0.18407216773889454,0.7326596072146626,-0.7201828976625215
407,-0.6836084086561689,1.0102101193540076,-0.13662376465174572,0.7591245048169513,-0.6123215176057089
408,-0.566892795397082,0.9012416189701429,-0.16859356189788943,0.7525743352950788,-0.671040019593892
409,-0.5659271770163569,0.8683000192390153,-0.15508904420717914,0.7194278073853755,-0.6812418564055549
410,-0.6615037663663927,1.0800556691395655,-0.15630488926630398,0.7779987279189282,-0.5900042863903954
411,-0.6257004240324173,1.137637437050602,-0.17073024381635019,0.76059420084041,-0.5912106616425242
412,-0.579736361180131,0.8823183992354304,-0.17334153048192383,0.8016673610261112,-0.6585517418300461
413,-0.49843933983418015,0.6656221426474288,-0.18068165222531354,0.742681622986855,-0.7413369541184606
414,-0.5488214323869892,0.8946747645427812,-0.1618162433200999,0.7624047111260714,-0.650434392642306
415,-0.6488079783735371,0.9731485642975017,-0.14172661886810398,0.7359762909352997,-0.6358613008876582
416,-0.4963943757941923,0.7039138736013348,-0.14794066835238875,0.6870690911289961,-0.7417793823530455
417,-0.505261659655337,0.8208655227277111,-0.21309466882252745,0.7949318489007995,-0.6731761209569064
418,-0.5456600966252749,0.8659454801413387,-0.18955418236553073,0.776110736119561,-0.6535973628360197
419,-0.6077306427129887,0.9544937889235049,-0.17538648600816217,0.7919949544472369,-0.6130262945533479
420,-0.4349996711793749,0.5896063892928995,-0.191720203057916,0.7029253389343945,-0.7823818465042287
421,-0.5557515760662937,0.8265236806372681,-0.184136711113222,0.7995806828925968,-0.669343917050342
422,-0.5216434963610331,0.7641884004397596,-0.1713358166053242,0.6977676649772703,-0.7304346338532954
423,-0.5983952474498576,0.9140982444073408,-0.13407039311976318,0.7247337741322158,-0.6514416567644227
424,-0.5490506225941597,0.6864391560225201,-0.1264402605941224,0.6395725916478666,-0.739360004911964
425,-0.6122697420202021,0.9739050175741188,-0.16094140417789277,0.8132414784686638,-0.5904017611373615
426,-0.6112987165612653,0.9424544096163753,-0.16161887211439235,0.7792028225632716,-0.6312367970223421
427,-0.7397194682833748,1.3835930833416596,-0.17353823472231683,0.9286043900071156,-0.4419527135956549
428,-0.6740147894412792,1.1448308441401245,-0.13979882437693195,0.8226452700885871,-0.5325568416756773
429,-0.40348017176708695,0.49559574346321866,-0.19278705281624461,0.6314125121593005,-0.8465451754360003
430,-0.43443202612285925,0.6092267708471777,-0.20838595245846714,0.7605052719568375,-0.7805794233309392
431,-0.6644147414023045,1.1259045502421359,-0.15476459666216524,0.7790850400567604,-0.5775455756345524
432,-0.7782358648997342,1.3159047500609509,-0.12316099629345827,0.8194873341811271,-0.47676552741523537
433,-0.7766259095114375,1.4444714392490396,-0.1431830688627963,0.8725685504205046,-0.42891105642000443
434,-0.6707989457042984,1.0091163727743957,-0.12044295080049713,0.7612118520500528,-0.5873432143873032
435,-0.7337603327590858,1.2786204258186828,-0.1455501859163357,0.8706882916838752,-0.46329761576525685
436,-0.6477233811619267,1.0908655037347137,-0.1650769708516271,0.8144835036981388,-0.5541863654556441
437,-0.677893226969555,1.0186916512812625,-0.1260527840977714,0.7716805450851666,-0.6070959909044766
438,-0.7007183674696912,1.1619169713009443,-0.14883466383457666,0.7999634427995976,-0.53414813124939
439,-0.7437330564808984,1.338326950164502,-0.1405702759477827,0.855026908990213,-0.4741980663965157
440,-0.5790310639688786,0.8921160472103487,-0.16923625361692593,0.7546530435216487,-0.6632209406712435
441,-0.7130599088498507,1.29913097490671,-0.152744673579837,0.8181260243221524,-0.49317295420856117
442,-0.3886267389390771,0.41056398411724815,-0.18618947162442626,0.6568217928804237,-0.8750196508937835
443,-0.5922186739383815,0.8433451216204291,-0.12930611630806751,0.6830277020129094,-0.6996936615375634
444,-0.6705140010830136,1.0556189203398758,-0.14659037579358125,0.7580607915056501,-0.6035191113277889
445,-0.8152151962524413,1.495251595566607,-0.148481252867601,0.9267670637695095,-0.37208875846116135
446,-0.6035357177078451,0.8704693197054497,-0.13501619799467424,0.730422840528867,-0.642476565367896
447,-0.5966096514243912,0.790830960220079,-0.12735630079610435,0.7285556988915928,-0.6737890899834649
448,-0.6405550324148094,0.9258606183026434,-0.11008076158722203,0.7410236036573292,-0.6139562729057214
449,-0.659271789243301,0.9901934095055187,-0.1325026407818448,0.7555825591005868,-0.6093803323719381
450,-0.6811536798764192,1.048064934595556,-0.12794003976664237,0.8020828712606456,-0.5601415371707292
451,-0.7816469078919713,1.2666518249089662,-0.1318682576914525,0.8824789737906626,-0.46258747966614333
452,-0.4921329932956793,0.6719327360600279,-0.16923839218556422,0.7086857295843347,-0.737965585197503
453,-0.6532839598536997,1.1079012121467053,-0.17190140786414201,0.8645900729732473,-0.5404089743071238
454,-0.6782437151471534,1.0515621478951451,-0.1549059158160943,0.8271111455246942,-0.5857259518738911
455,-0.5491841485669011,0.7774610724408373,-0.1425220289614094,0.7527044167200219,-0.6917753947694235
456,-0.49799760596510956,0.5548853173275826,-0.15918100433239457,0.6600875661274533,-0.8085315026785574
457,-0.595199817263061,0.9966920964543751,-0.16272051262721102,0.7388331348295156,-0.6283137017188082
458,-0.7167513745983346,1.3120379664345236,-0.18403319749740082,0.929029665905409,-0.4523463968459951
459,-0.6792130901985675,1.1621032064993284,-0.17039322694072093,0.8879213275123609,-0.5120154091271586
460,-0.6506244663267995,1.0554393556822623,-0.13899196473496803,0.7942439290148856,-0.5590929171235016
461,-0.6846023300687533,1.189832017871842,-0.14914718878941483,0.7901986915826695,-0.5533700248848096
462,-0.575819946339568,0.8339940462591254,-0.1459208746548467,0.7217310847498741,-0.658000904793026
463,-0.658495262380831,1.101758091525537,-0.17423554656481308,0.8639410260364314,-0.5402674788053021
464,-0.6348880318434718,1.0430316050166444,-0.1413489589637811,0.7695983804110883,-0.5803255924208102
465,-0.657840073000189,1.1486099061937576,-0.16642889813571113,0.8535148024934629,-0.5439419503553465
466,-0.6855907592543787,1.190564901021481,-0.17087076417325564,0.844627027394564,-0.5218136571289889
467,-0.6226891123784986,1.098203631884108,-0.17928746341036894,0.8315364166688233,-0.5722029941400989
468,-0.6517671417226376,1.1043258387176411,-0.14329836938683316,0.7238121916592488,-0.5838840853827792
469,-0.6618365679691904,1.1782290210894109,-0.17337105423505744,0.8271845024798321,-0.5286503367715778
470,-0.6798479826513453,1.1182926935005546,-0.14444195639165075,0.7812937548915605,-0.5657187287686869
471,-0.6576987861260771,1.1759837980727683,-0.15181057420764074,0.8004888691333861,-0.5299846989287464
472,-0.6929194135588049,1.2018501326804085,-0.15677207944278604,0.8382525953883103,-0.5202786364815197
473,-0.6542471223045602,1.1728541886504367,-0.1736701436077667,0.8386130133118544,-0.532087173006515
474,-0.6439389320199764,1.152323844475778,-0.15414538085533036,0.7735052657257949,-0.5682471082828414
475,-0.675310573560176,1.2410552286417968,-0.1777585924268943,0.8271767768621897,-0.5362562458341721
476,-0.7382612843611329,1.4383739097493662,-0.17295964460622965,0.8992126687281118,-0.42605147963134343
477,-0.6968799280736296,1.2240912905779502,-0.14430987377909238,0.802039116986459,-0.5249097249283988
478,-0.7005472702841135,1.29629882416932,-0.173765811265302,0.8524389356506505,-0.5082007350735654
479,-0.6219456954812899,1.1485804519270726,-0.17777099795690995,0.7694960970059567,-0.5904137147956805
480,-0.49110508343112275,0.8712049603660887,-0.215426158750359,0.8002249543252389,-0.6723167552446032
481,-0.5281005390971013,0.792907066521212,-0.18569947572377005,0.7845247723503413,-0.6754395342605681
482,-0.5611840594663225,1.0841628379087191,-0.21064933999460772,0.7735731453254195,-0.6007774672409185
483,-0.5401688224233043,0.9277652967728391,-0.21035716373462743,0.824155388948716,-0.6297133508418837
484,-0.4187574158276623,0.5452779618042515,-0.22043898469400014,0.7716957008665087,-0.7871569113872255
485,-0.2200969253818913,0.2696363583991462,-0.23807841715526315,0.6657566440754796,-0.9574049241327499
486,-0.14096756677916647,-0.16859277662209496,-0.2360236904727633,0.5161833094088438,-1.1092073124164212
487,-0.16625434202413653,-0.1394964888716071,-0.19898342076496475,0.4701497010012613,-1.1395825734263927
488,-0.28638151282036906,-0.036149793374278004,-0.17992010852087287,0.5723899646245577,-1.0387813764506457
489,-0.20699224580414444,-2.564444128859683,0.4179786849535338,-0.648502027024204,-0.22164753138841156
490,-0.2430652033994833,-2.4806741541535424,0.42210024946456887,-0.5737034450165722,-0.1652834374002595
491,-0.2532775468572111,-2.426502710809107,0.4057033585289725,-0.48750526832973773,-0.09846702215390431
492,-0.2022790880677033,-2.329475358347375,0.3522847486544207,-0.40882184767259006,-0.026541652379210398
493,-0.3124397529365568,-2.040499955549187,0.3631708379241204,-0.28741917508648523,0.10925873407230988
494,-0.2694988731974416,-2.229424643611225,0.3841757101175456,-0.42260465480538606,-0.007945895252425538
495,-0.6586438312814588,-0.024732991157274693,0.06416338922652136,1.4836631801100282,1.6926288229079107
496,-0.3192048139384189,-2.1582747327498093,0.3802254996712535,-0.3264392141454987,0.052554874998804936
497,-0.6417498587740993,1.7191180417311698,-0.2659958465668656,1.750927849563924,2.180710275441429
498,-0.8650810865225548,-0.8419192500396965,0.5250057254880118,-0.5254252426589091,0.3282730781786918
499,-0.6439781977262427,-1.489517558646101,0.4967877980449144,-0.5804609760523233,0.09189409629276124
500,-0.8109495098050542,-0.9512996391718993,0.48690692414665676,-0.3939565103736488,0.34187064380757215
501,-0.6436184952573492,-1.4794146941256472,0.49023684684702595,-0.550734439077058,0.11215947355714691
502,-0.5771444740501718,-1.659479943303427,0.48450960855064995,-0.5779216165177721,0.04606768398501157
503,-0.5910897627589745,-1.6492113266121367,0.49354331829983533,-0.6243700328191,0.03419771849898201
504,-0.6063552507654666,-0.4103873328727213,0.1906697749030726,0.7705138655161888,1.190261458804991
505,-0.8370262795551381,-0.9244177505081281,0.5134012385969827,-0.44227451540789925,0.34431141255688275
506,-0.5855707425257677,-1.615459591845311,0.4918230702174264,-0.6091941012773097,0.056095312501973006
507,-0.5944657359718375,-1.5941952914189759,0.4835611645734114,-0.5563118698753725,0.07717998482257546
508,-0.5530438997963533,-1.7087902053532538,0.4701246016105245,-0.5411744704958692,0.06027944190291866
509,-0.8102266976526019,-0.96734337813516,0.5006760380687381,-0.38922331362649526,0.3612198916883582
510,-0.8517294362509757,-0.4016732752107105,0.12530592241349614,0.5984339044179311,-1.1033932852248087
511,-0.9031410154427117,-0.3058771014157371,0.139731613923732,0.6385146525061227,-1.0501386007851186
512,-0.8176855295109215,-0.529381223077064,0.11779019330192794,0.6387765078391829,-1.1137509322477
513,-0.6505150257593638,-0.9483135985601471,0.11861724174336796,0.45567631177379586,-1.3269131485809678
514,-0.8314986056910438,-0.45677950943038725,0.09078914743497565,0.7544282722938058,-1.0610964728605219
515,-0.7541930823929291,-0.7074300543960621,0.12415714743749369,0.5165929282525943,-1.2263397400512692
516,-0.6873911299907493,-0.8181365748451508,0.0840399272970905,0.6153328827658849,-1.223372452088979
517,-0.7528827825603921,-0.6523812392409919,0.10054258986528596,0.6143600546345285,-1.1615790900213243
518,-0.9118074586986061,0.8811784902699669,-0.18482508321164354,2.0550951501681163,0.12839654715177742
519,-1.4524287178562185,2.471110808267369,-0.2535126666453968,3.553704916962488,1.4801469107104088
520,-0.7754816574916391,-0.5886143552040713,0.09248934349504694,0.68278617638521,-1.1260067395898101
521,-0.9455604644669894,2.144140720884338,-0.37583425679518145,4.753805172595341,2.38007237329665
522,-0.514874344671696,-0.09731480564207085,-0.38489353442546476,2.111146439288649,-0.15333920804316958
523,-0.291258515543327,-1.7777596690577782,-0.03194028848658425,0.9070987452539053,-1.2541342071170318
524,-0.3434516251035592,-1.5350062150580988,-0.06518660105268147,1.0805050519448192,-1.1383074371033932
525,-0.25778990911453614,-1.815969333440973,-0.030356622266486315,0.8590422215554209,-1.3194889474291898
526,-0.27697585636562466,-1.7805270043484047,-0.031411756829182506,0.8621799794014368,-1.319204084201401
527,-0.3326320137751754,-1.5827285436459217,-0.03385577913803184,0.8527098777622182,-1.287156705678885
528,-0.3434559833678598,-1.5029280163958212,-0.05231313230617152,1.0005064596486835,-1.166950727156718
529,-0.38840850375456787,-1.448364487546482,-0.011579821170181387,0.8153142682722617,-1.2701986938970888
530,-0.40884627796809164,-1.5004251744783674,0.008014626553756576,0.8237589609775664,-1.2589567614087103
531,-0.41279991794485427,-1.465382844744581,0.011721175409652547,0.7874562548530418,-1.269970784293264
532,-0.5472834558604407,-1.1037065429679593,-0.008597472395998965,1.023175884038831,-1.0603016565215084
533,-0.48926592207708114,-1.2950474084100527,0.011342974079019089,0.9185323314659772,-1.1562252933343344
534,-0.40191953076105935,-1.48535055451068,-0.0018473833653917195,0.8420275512764459,-1.2616708659410665
535,-0.49768358492344894,-1.1384072412341655,-0.02165028772656196,1.009504459685485,-1.0820502862697852
536,-0.5383604106408256,-0.2227727916082293,-0.29841448738447,2.260914513005974,-0.08625277859659602
537,-0.30856108800030246,-1.5228375354947352,-0.01873114824296179,0.8755010451621369,-1.2634037665173112
538,-0.36117349174277386,-1.4727555455830907,-0.04375331860483575,1.0112327895582707,-1.1483189994349021
539,-0.4195213849252929,-1.3342541042809888,-0.05368437591670409,1.0349756747673182,-1.1239569277153547
540,-0.34234759394901065,-1.5720869447770511,-0.03218938962716598,0.9615853044774707,-1.2013839563033608
541,-0.3403358697271519,-1.6402567802214538,-0.015945482779472546,0.8787429372853309,-1.2690727322535968
542,-0.29623024928702163,-1.8114103087096383,0.007907322615046477,0.7209883158561886,-1.3948222117639424
543,-0.42372041955441203,-1.4070740984988694,-0.0020160346554286097,0.8566457569229189,-1.2127924790076448
544,-0.47508516725345684,-1.3495765517634664,-0.00218571846116093,1.0018943759500019,-1.1196827434992138
545,-0.48803176462309106,-0.19208235428338089,-0.2913335586233859,2.200004297265961,-0.11726917881385669
546,-0.24222253693144447,-1.7613987424864166,-0.06297241447755211,1.066213398295194,-1.1683657506067529
547,-0.20648899277237961,-1.8024490512596514,-0.047720234661742224,0.781002175327065,-1.3760225042317733
548,-0.24390437586539188,-1.751663141009753,-0.05092445591190855,0.9582660852619794,-1.2433506687303069
549,-0.32806137945888114,-1.5511383945294293,-0.05624906560768324,1.0167129883275632,-1.1720508977986959
550,-0.2627855130726673,-1.767422014608474,-0.03984498654969809,0.8863402030182744,-1.2881982292200342
551,-0.6569929668686082,0.009766746489059,-0.2550023170046061,2.3988280040998475,0.036372020599095924
552,-0.5268008461202125,-0.9825558072970259,-0.08729605362577167,1.3454565745232259,-0.8726914218821499
553,-0.25492352475025304,-1.8851002737754041,-0.015009975682059157,0.8460831286310686,-1.3376750190381528
554,-0.24352842046173126,-1.9068859615073017,-0.014406700898020519,0.7631673588828489,-1.3883335418514624
555,-0.30852073182802686,-1.6618692536359485,-0.04105028071617553,0.9361071999284865,-1.2386847690710876
556,-0.36743991053937863,-1.5380884249466367,-0.02984341221583812,1.050335652778435,-1.1316175337959238
557,-0.31067062788765226,-1.6745196735107961,-0.02696301805580258,0.8713852498889572,-1.2883394211912766
558,-0.352252493132034,-1.4798387428411852,-0.05372348249541436,1.0633200344390168,-1.122180281636791
559,-0.39844944711907965,-1.4713829549492885,-0.0255302009197883,0.9766344756928746,-1.1714343203037942
560,-0.4472535953520095,-0.6349331915294264,-0.21536420281504387,1.642325204036975,-0.5868492676363328
561,-0.28495298738942726,-1.7492230501727566,-0.029479195814466525,0.9934552408390214,-1.2202036828771166
562,-0.246466439910774,-1.7870194104082633,-0.033952730181007355,0.9585866457954947,-1.2647334920845033
563,-0.30401573823919037,-1.7419197445658234,-0.03984803726520366,0.8865812928077506,-1.2805762787170965
564,-0.32428107677144835,-1.6541631015034848,-0.03135812529724476,0.9429025611194651,-1.2389716094010959
565,-0.2757339872673333,-1.7592600697268304,-0.03077898412253504,0.8882693943000317,-1.2850600888523267
566,-0.30139001552390776,-1.7667285189913384,-0.021017812358800576,0.8958655550464509,-1.2819007755426504
567,-0.2600822320793822,-1.8894817941394815,-0.01195868591481713,0.7614378302964002,-1.3908166621421576
568,-0.33142973792771036,-1.656167321184528,-0.022527433249574746,0.8900065416215216,-1.265782416788428
569,-0.372119065667246,-1.643730770230594,0.008445136896525849,0.8606985480258723,-1.2758632517443143
570,-0.33170336014688073,-1.6929897894788704,-0.021473892358071584,0.8755987608745492,-1.288304073838682
571,-0.5410473849020675,-0.8752854194201088,-0.10232465276995076,1.681347503068006,-0.6131079804077747
572,-0.29564513817496596,-1.6123916259182873,-0.0708205228214804,1.0365536120267795,-1.1758038552218528
573,-0.3547059843230232,-1.5904150165153723,-0.05150743621260549,1.3251571389460122,-0.9606689544851438
574,-0.31703100640029863,-1.6237847987146823,-0.06500893777380068,1.2552716134955424,-1.0162323349024998
575,-0.2800570819688937,-1.7401879204016097,-0.05822547186541738,1.183093494200298,-1.0828455000201298
576,-0.3702491972463323,-1.5434515284839514,-0.051815077890028254,1.3345578489550227,-0.95128859627082
577,-0.2864332737380109,-1.7456052396742179,-0.04629450142667094,1.0921429003252714,-1.1442651601017213
578,-0.38076630358053876,-1.5187337794552793,-0.053803297223321306,1.3070519814416406,-0.9595907536747956
579,-0.4244923879773133,-1.2166173958311646,-0.10546788413880205,1.5029549979538244,-0.7886551902004695
580,-0.27580879650556817,-1.802658743644149,-0.037970454828684566,1.025087954220311,-1.2057495162780654
581,-0.31351552817203165,-1.6531815617227297,-0.051203383864466365,1.1075043425642779,-1.1312679262068468
582,-0.37388846208282867,-1.509311898782309,-0.05913094703911981,1.2553940878135161,-1.0050160601611715
583,-0.28986494409783076,-1.6962408170918155,-0.04768246851366265,0.9552256492340917,-1.2362193367647811
584,-0.29663265534451294,-1.843295123482797,-0.009907622810236627,0.979450115781278,-1.2340198008356387
585,-0.2634566772261979,-1.780389962671027,-0.04968345317704225,0.9522229424211351,-1.2625619664044818
586,-0.28609567929806046,-1.7618166831962176,-0.031101210787393894,0.8949596624719892,-1.2904456916520488
587,-0.32232039216739866,-1.7690048511942877,-0.018283263045514194,1.0512770373070712,-1.1723790312818965
588,-0.5037629476848158,-0.23080812538553255,-0.3188739582660263,2.239439388718472,-0.11667120034931765
589,-0.3129754660691894,-1.7068795847573863,-0.02840793807323225,1.2280641462922393,-1.056771266318411
590,-0.2841598985553666,-1.765887334337445,-0.04555597066406533,1.0724222897707696,-1.1671277727125713
591,-0.2700065850909656,-1.7818325302719398,-0.05375485163783206,1.0970944866885024,-1.1502446551502028
592,-0.32134571674417445,-1.6430354218423078,-0.03774701258691629,1.0264635211931517,-1.1637435635134912
593,-0.358911173271672,-1.6510283544781361,-0.017948131448609676,1.0777810148236144,-1.113472144063469
594,-0.2900536253723827,-1.73327133910924,-0.039986227302500746,1.0067071865925787,-1.195898554978212
595,-0.29794585375292787,-1.8149137423288417,-0.017099585797829806,1.0109304615635077,-1.1999546904841207
596,-0.2948132186514842,-1.7414286919494502,-0.041324669047238034,1.0257949096709365,-1.1848327812202104
597,-0.2704462990251847,-1.7490833412435027,-0.03364917806242708,0.9208242152880789,-1.2519995373850161
598,-0.27110774983052094,-1.8007835363745868,-0.029733912120320168,1.0191997449518138,-1.2051754601779245
599,-0.2595489010450596,-1.8101970373073883,-0.02522925267550718,0.8678845864184602,-1.3010786627954862
600,-0.29735793152838014,-1.7704352301793993,-0.025834445782804357,1.0070477665313655,-1.198060893805041
601,-0.3502846327300751,-1.6275854262824778,-0.0437212144043595,1.2037979092051045,-1.0430299010559714
602,-0.2322260065235602,-1.9878797061500668,-0.017358509573330787,0.9595056796382835,-1.2830118173028384
603,-0.2540118402840901,-1.8293788362291405,-0.04540099437691979,0.9426484091454791,-1.268492249868582
604,-0.2892150784141144,-1.6939662265651558,-0.048693664646473483,1.042944078109992,-1.1865781303479674
605,-0.305052642394495,-1.5930137886713294,-0.0715967745819092,1.3125451917546214,-0.9809428923848675
606,-0.27237971976663744,-1.7764931390040535,-0.041519587391155965,1.0086882920456572,-1.2065101575526034
607,-0.2884067508206189,-1.7687456482011161,-0.049176709286283135,1.146386704489841,-1.117853083178364
608,-0.2707060628215613,-1.8576005538065978,-0.030990166161479704,1.051639806070674,-1.1884470332186932
609,-0.2947382493553759,-1.8001990571836473,-0.03697095505131868,1.0907774933748011,-1.159422990541634
610,-0.2638228254124341,-1.7778831795719165,-0.060952546969024635,1.1385626302164114,-1.1259544983534269
611,-0.26754360083790324,-1.807142388641341,-0.05653964029057072,1.1612027336884025,-1.1225785737085594
612,-0.257298369224937,-1.7852802314558958,-0.05703879715809917,1.0280653450813335,-1.2184810360444902
613,-0.2570631103575321,-1.7888656653212185,-0.06222749657069626,1.1153797117557558,-1.1568848213944576
614,-0.27304224613562855,-1.854856293764515,-0.03930771797981545,1.0742310905422423,-1.186417470737267
615,-0.34471405512103565,-1.6016347976776588,-0.058751077970668156,1.2866950260278227,-1.0104354875181443
616,-0.22197773680001215,-1.8921803083484132,-0.05538681201138518,0.9495649929993787,-1.2893973274469237
617,-0.6966353743778595,-0.0897202850834733,-0.1853937336090595,1.5657777636056125,-0.5212525619537524
618,-1.0995597119460387,0.14165852880178534,0.1702050923146734,0.8058968963092011,-0.7874659180265884
619,-0.9650173261934789,-0.7577383148707887,0.5561721743715362,-0.3363992842253278,0.49897521521903726
620,-0.8199282399682752,-1.2174014687178194,0.531119375071921,-0.3717465813144105,0.3206127444403445
621,-0.7941574326574291,-1.2926981621760343,0.5452223534101486,-0.4517230861987271,0.26569620183073334
622,-0.7934870319009243,-1.30451186115061,0.5589601134196024,-0.5275955664347434,0.23528567052304106
623,-0.7787127435172263,-1.395406343760104,0.5545336016991826,-0.5123901246855624,0.2074525096109089
624,-0.8120799789799708,-1.2837987119005618,0.5629862930136513,-0.5201593512656303,0.24343311079438984
625,-0.8307710303140875,-1.2401031050830866,0.5649868010479159,-0.49426799361283896,0.2629638217749169
626,-0.8671644122870703,-1.1225251931227973,0.5727394005563552,-0.49307062296284737,0.30479668046423136
627,-0.8468288485540876,-1.187780924047921,0.5612808007009339,-0.4651824074938388,0.2929065078443475
628,-0.8055951823797742,-1.3341340162021436,0.5547567100991728,-0.476063169186799,0.24197370171707558
629,-0.8099678664257773,-1.2983199909750571,0.5619951290774864,-0.5098690123533749,0.2392312783091229
630,-0.836154564171375,-1.2256838214091612,0.5481215139098341,-0.42206910945294107,0.2948314375913651
631,-0.8270826836434336,-1.2444577375582442,0.5620637898922942,-0.47742886949185104,0.27074310674804064
632,-0.8083526045227244,-1.2580773594259156,0.5715430256701891,-0.573021100381058,0.22953093987180098
633,-0.8269310590803788,-1.2484207949437467,0.5611201101359471,-0.47847155169469546,0.26466616084002414
634,-0.8411239875728787,-1.1827321899838161,0.5619013109789375,-0.49273894896371345,0.2895583864222176
635,-0.8066565845517542,-1.2854864001964061,0.5644435846502378,-0.5282760542686072,0.2374348560498425
636,-0.8085247282475935,-1.3077744625527037,0.5486907060946767,-0.45055444914616594,0.25441856716918754
637,-0.8014581708337469,-1.2998123455023565,0.5367315346366583,-0.41486324835617616,0.27229342182217203
638,-0.8276541272762611,-1.2487288485943477,0.5613636336921963,-0.4828924363182726,0.26531408127282524
639,-0.8259260986957225,-1.2310945151525639,0.5732927168158135,-0.550561767437119,0.24344211347803557
640,-0.8292610236013922,-1.2406775758116175,0.553184726932275,-0.4545698749550678,0.27394392985834987
641,-0.8506055106755835,-1.1639602474683308,0.5535938523341319,-0.45864336183348936,0.3013869824605223
642,-0.8411939163064509,-1.1633529927405921,0.563988772767302,-0.5112861821888501,0.28256995718656197
643,-0.8227844660401217,-1.2189907628108643,0.5550580994512365,-0.4920008873525568,0.27366339677041845
644,-0.8893827762612542,-0.964724452991668,0.5296977488235681,-0.31927685389576027,0.42166545942545935
645,-0.8002187078082463,-1.2893036891178522,0.5407142262353306,-0.43526186291745167,0.2669542063535991
646,-0.801875923590137,-1.2652649128189954,0.5519622352452035,-0.4845472775523215,0.2586046022365839
647,-0.8046049065104877,-1.2966608223219716,0.5484281833263124,-0.45855956923932845,0.2569884068933523
648,-0.7917727662466554,-1.2834156319208774,0.5498618333033383,-0.4837710493227882,0.25228400719764876
649,-0.7779335776225157,-1.3307168287377453,0.5393060085131142,-0.45508441170370423,0.24893180654682198
650,-0.7742618218402878,-1.3596305628049763,0.5342944585336077,-0.4399554946027514,0.24601355468656155
651,-0.8341180174756173,-1.2001647472565786,0.5565170567433475,-0.4700467012188559,0.2842157752712331
652,-0.7771960315927344,-1.3015266857522942,0.5450022150999781,-0.4901139973944886,0.24532070385173313
653,-0.7791993036186984,-1.325492219095502,0.5388559906584688,-0.469394554187045,0.2426172247029464
654,-0.805487764204639,-1.2659819668216215,0.5368360274242316,-0.42303964254387144,0.281133542574261
655,-0.7777103818646239,-1.3334224158219055,0.5350970686752444,-0.4404323871392487,0.2538445850390966
656,-0.7750663393628301,-1.3400589402327863,0.537734998072635,-0.46193012385015475,0.24232566626265026
657,-0.7762004405408683,-1.358593883992243,0.5378409949941304,-0.466365057753395,0.23509433299567106
658,-0.7868634576135674,-1.287546565780787,0.5348582482115979,-0.4318910480222116,0.27489455904982196
659,-0.802912740223922,-1.2756739772711356,0.5413076446339433,-0.4376332087200387,0.2717701858941533
660,-0.8298547007208936,-1.2035768659109107,0.544432219732873,-0.42963444999708483,0.29993465805688607
661,-0.7856441058586088,-1.2874804356338867,0.5414801125030032,-0.47412935824131214,0.2545960287745593
662,-0.7315209511779908,-1.3716890567303233,0.5320460131042073,-0.4963360518373668,0.22476207036702006
663,-0.8103562196841714,-1.2374803123176037,0.5217360659846105,-0.3415586194605012,0.3199718099681126
664,-0.6496234260767689,-0.22150488453003656,0.0919779881932716,1.1056666149867322,1.5049680811818482
665,-0.5766971026869806,-1.0790669430301372,0.08041217361740843,0.713771499971925,-1.2635736924472225
666,-0.6849120769767231,-0.8782193351306495,0.10116862896125317,0.6205014179062309,-1.239426592374784
667,-0.6140173357415005,-1.021268839809177,0.0771287756070428,0.611981296136254,-1.2804281468492287
668,-0.5152173246586252,-0.7700224526673498,-0.07257493237583158,1.0106832928827099,-0.9779055217383602
669,-0.5832271117022068,-0.5916025162524383,-0.022904113397320767,1.0056269168253802,-0.9369347031565997
670,-0.8171039921304117,-0.37238577454152333,0.01192468463971407,0.7584594016979098,-0.9781346186231492
671,-1.0204588146320255,-0.13799383303691504,0.22923986193231963,0.5724990489755395,-1.0206906052850067
672,-1.029698328207673,-0.04359875265616434,0.2007695771765038,0.5959569470467073,-0.9519631594481036
673,-1.0666556828980212,0.007328018713101424,0.1707053893903393,0.6933082847410307,-0.9068641432916594
674,-0.9199576280213672,-0.2808178301190151,0.1657393492082517,0.5605122885503764,-1.0609013885303962
675,-0.8141969217787702,-0.5985204610125539,0.15022082572576118,0.5501867788430337,-1.1965442426975506
676,-1.2790285854151069,2.813030444087359,-0.47045732782555616,4.049815434755355,1.938609594022475
677,-0.5265012415190348,-1.2988419917461105,0.08027217508749634,0.4986671405327005,-1.4171032085487671
678,-0.45040343412793715,-1.3933606414760653,0.062574038797942,0.517805984964881,-1.4307541327054303
679,-0.5757590012241469,-1.1874328281194388,0.09002179606732803,0.5421123852790861,-1.3611790840908364
680,-0.5540178078348091,-1.242019394838095,0.09565955700102466,0.5131464143164515,-1.398564735818226
681,-0.6978231018346635,-0.8581993508955889,0.0824881109551259,0.692480645461948,-1.1987473598750178
682,-0.6214212865623531,-1.0509064398731187,0.06365011908466706,0.6816442613951419,-1.2578083772249757
683,-0.631103254003425,-1.079333965873174,0.0733846559342636,0.6599681819228866,-1.2695158497679793
684,-0.6030450516296666,-1.1231561055575863,0.07045866862283112,0.664327243441385,-1.2850056424785388
685,-0.6886139341941618,-0.7773584584434551,0.04842591121034679,0.823170048320268,-1.1092924493423422
686,-0.6310585368116424,-1.0635042401860402,0.09874755059978682,0.5914132776273281,-1.300088128195378
687,-0.6583451246663644,-1.0098398550409688,0.1057285033627531,0.5415645409822888,-1.3009984276770368
688,-0.6561315643496614,-1.0964963875071962,0.09971958184055163,0.545547228153148,-1.331628818511888
689,-0.6009085866983718,-0.9848362273826767,0.028466164993970627,0.7629432911870074,-1.200234419359228
690,-0.8367650920449444,-0.2848628258584843,0.36522260355049124,0.0996409818028292,0.847383763235866
691,-1.2187770414886727,-0.10498541535633808,0.6595716293552006,-0.535012826332998,0.6445159503549837
692,-0.9843809967853804,-0.7693917781040831,0.5886783579000766,-0.5438501529342011,0.4003468228103443
693,-0.9597345281380781,-0.7926943372767368,0.5983473827445052,-0.5598415331830956,0.36934324259961054
694,-0.6117048891680394,-1.3757814085340552,0.4423749511222742,-0.35470587363576794,0.2944190407290541
695,-0.47892233022488384,-1.0329901562521178,0.15505005420832843,0.9729304364313139,1.1252366808858527
696,-0.7139513929471316,0.4099451097481221,-0.29781675437550614,2.467115843333547,0.1913448389415501
697,-0.28033965345476247,-1.8753264263559408,-0.006531590707406312,0.8083165796051118,-1.3682941129215105
698,-0.2748255924207713,-1.8398771418935673,-0.014350929867901246,0.7634940688291747,-1.3883411366267047
699,-0.33102424173448036,-1.6773959597188999,-0.03259292935089782,1.082094050643975,-1.1534018508174009
700,-0.27279011723551255,-1.8708851429605666,-0.01052134799805552,0.8588728831908569,-1.3355733209597893
701,-0.278105239269407,-1.8134201314763478,-0.03189986987876927,0.8861421326536493,-1.3221963227673366
702,-0.2622386777078367,-1.839274356936618,-0.01575393379198949,0.8280825371794523,-1.3550487508341014
703,-0.23862857533863346,-1.9388225181888952,-0.01175502721122459,0.7641788195281964,-1.419971390579445
704,-0.2722903148451594,-1.8927344809298263,-0.002114099139726021,0.8051540408540938,-1.3814534801027787
705,-0.5723295652541348,-0.22959493566646277,-0.20356684259358826,2.000429064912435,-0.2692358180586857
706,-0.4832607268179454,-1.4419079367098193,0.05582783760552083,0.5755080281763053,-1.4041565038208352
707,-0.4923453607104944,-1.356165827484111,0.03940738513753531,0.6478187410512052,-1.3426111937805603
708,-0.4123153202983735,-1.5030477549259273,0.03254681530962239,0.5748413698416277,-1.4216546217602148
709,-1.163921970156365,1.2723758252931454,-0.16993075240286187,2.1463062760970706,0.09273413604853115
710,-0.9611361761466733,0.007835627514255485,0.12613655131787144,0.715262025672764,-0.8910445173703472
711,-0.5020112379929397,-1.0863820822541281,-0.05794141491228467,1.1173939272477256,-1.0234808393509185
712,-0.5247666643156204,-0.257295687495632,-0.2624082937311124,2.260206574080283,-0.10903643463699576
713,-0.23320262778480252,-1.912338206823519,-0.03597454270119342,0.897598551466103,-1.303050005802857
714,-0.24649253803522664,-1.799125883104491,-0.04370925738256131,0.8602943283460878,-1.315194601519422
715,-0.28156038562345487,-1.823650608804195,-0.020550479777202077,0.8948120121839741,-1.2979012474926004
716,-0.28663955503561167,-1.8395514173556642,-0.016882197303719433,0.9037908250611417,-1.3019072199093866
717,-0.23772638756930434,-1.9486018191467906,-0.0005903782573987947,0.8026137380598911,-1.3898562882711791
718,-0.23189000135393512,-1.9727141142261506,0.0016873033548606504,0.7071744824204674,-1.4498359695016134
719,-0.26631653326144944,-1.7961785406950834,-0.02512151722144563,0.8250872000365335,-1.3339429358316592
720,-0.22385716735113867,-1.9539393339159494,-0.018654198633981923,0.7975266961744578,-1.391329946775807
721,-0.26482121452949164,-1.7409876711620518,-0.04273725122724076,0.9262485235036272,-1.2689217134473243
722,-0.2573093939824872,-1.8045757557766178,-0.04003171493373752,0.8986987808874811,-1.281752880727219
723,-0.3184973068479848,-1.7215687445399843,-0.016239789422368277,1.0665774885653037,-1.1583696340072833
724,-0.244286969057861,-1.847183778504397,-0.02486874291341519,0.8420024203217273,-1.3267761818049217
725,-0.320948714404602,-1.6497955400681195,-0.02682963489381354,0.9913367249472843,-1.1826081030020652
726,-0.35093119621465474,-1.5810570221447624,-0.04764920205479784,1.116904936968275,-1.110978130000585
727,-0.29294075382129303,-1.7782026673795297,-0.02454792256168357,1.0054059305416407,-1.2067701167447795
728,-0.2690137815116977,-1.8405042827427125,-0.019360627200071562,0.9174432138422278,-1.266985280672578
729,-0.2936956001853587,-1.7776697396705314,-0.019062563516955615,0.9241938124009865,-1.2524881763148976
730,-0.29256123865217315,-1.7163817793039269,-0.03204651279305781,1.0122920862847462,-1.1892161607570029
731,-0.3025396428088936,-1.8571731741427315,-0.017304832177038338,1.080640109109968,-1.1693699959752621
732,-0.2927086204871901,-1.7999288021240956,-0.007547051595791822,0.8841624641647503,-1.270971723959735
733,-0.26002910568757365,-1.7831762217546152,-0.05548185269397554,1.0393066118018695,-1.2046370925737182
734,-0.2938875987055262,-1.7387292800888603,-0.04111657424225888,1.0428883828566085,-1.177765532054015
735,-0.26596760260959695,-1.8506329355770657,-0.035083178297616376,0.994287138020652,-1.231376601410842
736,-0.25980813984293805,-1.8505132061165595,-0.046056523656160586,1.0590341668693897,-1.1936615692637635
737,-0.30655510830085453,-1.8685707093508166,-0.008900557115172038,1.0437041341863864,-1.1956303626832636
738,-0.3733691967900736,-1.5264759127305878,-0.06047634777706685,1.1925129749650234,-1.0600991260872001
739,-0.26548961611412875,-1.8442326662152118,-0.036025437950085434,0.9544994682134579,-1.2649088163300004
740,-0.32117542060201226,-1.7246226088632455,-0.03622124436647663,1.1377494538868802,-1.1152424606340472
741,-0.27383863196583325,-1.8985210828728756,-0.012361725332725991,0.9225760527374076,-1.2932376139964257
742,-0.34368342595107043,-1.6390139542173174,-0.04360382015758014,1.0669792198952701,-1.1636595149341709
743,-0.28398502322318914,-1.880175700244731,-0.020525475982026285,0.9644541524561437,-1.2670793281440698
744,-0.24682990804303903,-1.8985234425353894,-0.03332552745862538,0.8837648363934428,-1.3291727755013405
745,-0.30285739225729025,-1.803159893423095,-0.02648210966231648,1.052585342659889,-1.1883295251489863
746,-0.25079360340128865,-1.99105798690733,-0.006579820928643178,0.8123014168570567,-1.3949797873862229
747,-0.2665186612240505,-1.647478766457042,-0.11175254052871209,0.8611923093531588,-1.2767303421149812
748,-0.7567268583254968,-0.7248550496323186,0.15991602376215533,0.616597891987926,-1.1878838340455724
749,-0.6327739600643391,-1.0971674383802097,0.09016857864746514,0.5641892954170343,-1.308894111896086
750,-0.5916732298360403,-1.0407670304960774,0.07032875204018747,0.6415733093969114,-1.2522994646174417
751,-0.6190374315020215,-1.0524203599297477,0.08222827432138176,0.6467327237000384,-1.2726309944633976
752,-0.5333727434877391,-1.2455765581077147,0.0648449480416693,0.6525355858560699,-1.3228313965359546
753,-0.7395100334714232,-0.4644004152793781,0.04551753623523955,0.712969225761923,-1.0372226008271348
754,-0.9649373721947553,-0.33668337964661965,0.19226125084865364,0.5171360998303078,-1.0885123453597514
755,-0.794007730939953,-1.2242395354121287,0.5076517444364015,-0.3698922747426959,0.32013401381501416
756,-0.8013453531520198,-1.177452142740463,0.513782810978372,-0.32383492741317305,0.3473746645487946
757,-0.6382444776585128,-1.4471934826699866,0.45314430175838566,-0.3692066445159434,0.25707273768416095
758,-0.48453123529787606,-1.9368676457023293,0.4654203450897592,-0.4729140660476431,0.044544058714965244
759,-0.5035568140995069,-1.2824377806025733,0.03451591229261875,0.6782053653580695,-1.326571333270255
760,-0.8660185926351852,-0.34742460465960684,0.11611010209124048,0.6326202208472433,-1.0338172313963272
761,-0.4270515283885251,-1.2853733823255267,-0.04281421300676854,1.0776124831896705,-1.106226050199469
762,-0.3069577847801535,-1.874348089473191,0.0011593494823517571,0.8433379254014899,-1.3405538278752642
763,-0.29219586096963457,-1.7136977575615449,-0.03535197463087863,0.9184958509379496,-1.2680913532126012
764,-0.2786569583286695,-1.7753541189190323,-0.03278079172744683,0.9397489360398311,-1.264957944041658
765,-0.29984693341173174,-1.8703792826352377,0.006270560661100962,0.8363981871480387,-1.3348915103950993
766,-0.24099822784739872,-1.8800819177689003,-0.026704421826467064,0.8050575599864078,-1.375367145317377
767,-0.2848242513035753,-1.8582703224733637,-0.005627203855306846,0.8475265040339267,-1.3437923149399122
768,-0.22190247411438038,-1.9142634583662783,-0.030791776385028363,0.8053878164693725,-1.3805435904682075
769,-0.6130862067543765,-0.05923712794016329,-0.23899461630950178,1.6147782286955912,-0.5293646580412438
770,-0.808033482645081,-0.5748792259611376,0.061343973780934,0.8315784742610312,-1.0579193199123742
771,-0.6019672419046865,-1.6740794232115275,0.4789352666105129,-0.36839371628361645,0.17286727967657117
772,-0.6125934971575042,-1.649887493902394,0.4716458662890988,-0.3455358980052242,0.19340918595228476
773,-0.6489993200604608,-1.5515061615081935,0.4794799247324633,-0.41225040989656375,0.18491950979890645
774,-0.8183742422432371,-1.1557781784117256,0.5243498728417794,-0.3423676117075502,0.35529311358844823
775,-0.6772098648718348,-1.4425015892774478,0.4784173590961736,-0.3499190951677134,0.24827856925175604
776,-0.8043408660706246,-1.1616175141790757,0.5116672109662217,-0.37840737861666146,0.3311982691841093
777,-0.8008772140099156,-0.600422192224271,0.10649874436899132,0.6656661152555272,-1.135300087967149
778,-0.8457352208425089,-0.49357350152354174,0.11973888956776921,0.65338716506558,-1.1148483285762518
779,-0.8273516552072764,-0.590017948878028,0.14422956133298104,0.5771302216085591,-1.1603606910363145
780,-0.7379335369755288,-0.7701353958305073,0.10822681196148061,0.6063927444685455,-1.2233923176501011
781,-0.6748861307557292,-0.9133765480268855,0.10375403177630638,0.520968103071416,-1.2870902393770813
782,-0.7869066783876572,-0.594609405305709,0.08674155133376583,0.7112178296045158,-1.11067045320742
783,-0.6763977858269005,-1.035143347336225,0.1287445632680091,0.4982184320485346,-1.3371357483453064
784,-0.8591244093574019,-0.81211733497397,0.46545712266342515,-0.16339545001582725,0.5182695378078358
785,-0.7577573465459674,-1.0086745944544917,0.4492738428713707,-0.2521728578882688,0.41933459626479735
786,-0.8080128979332232,-0.5911223016358319,0.11265309303593035,0.7058331256267905,-1.1024265025926523
787,-0.7123774038196817,-0.8352863192572756,0.08148951536216138,0.6852795776176874,-1.1876715634740818
788,-0.8066085099370147,-0.5867983015228133,0.09944115197402181,0.7612518612659742,-1.0967813912946527
789,-0.8468504161272363,-0.43116435924090163,0.1089478393106992,0.7196415699772268,-1.045802214755831
790,-0.7489365045512739,-0.7103321119611915,0.09656576893665889,0.6396265731931637,-1.1735956480971563
791,-0.8597403054715839,-0.5243067326044775,0.12007645398430027,0.6895429441461784,-1.0869524564870674
792,-0.9349705461207243,-0.31505749113893294,0.14051552641987014,0.7289325674866838,-1.003536033710781
793,-0.8753428820126182,-0.45776968688803166,0.13729059675777816,0.627875068670536,-1.0727393773402207
794,-0.8146029015278023,-0.668570329156259,0.12292927893697105,0.6826418271807126,-1.127256055730563
795,-0.9386035499144967,-0.2907866598849016,0.16753585735034537,0.6417020701835042,-1.025646781152255
796,-0.8604636987142925,-0.5402456667656204,0.12715024412579815,0.6429100734484591,-1.1281182037757296
797,-1.1989103617083745,1.3675401480193088,0.10408049848738929,2.0054328096452414,2.447679487352509
798,-0.8451435320600128,0.7644802835919308,0.028985661043096904,1.886797488037253,2.21931162801684
799,-0.3183442981078569,-2.3138733905612594,0.40994468248840377,-0.4350846197018123,-0.028860509709997838
800,-0.27661326282929793,-2.3983447597279137,0.40132397443826523,-0.40048210478476476,-0.02661405280776963
801,-0.44142039375741876,-1.4173876197581645,-0.004329161953379291,0.8798583382711286,-1.2476153665617558
802,-0.33996435961859744,-1.7328543292733696,0.005157264819391808,0.8640221040713651,-1.2987530388081607
803,-0.2728234472104162,-1.8595631275663644,0.013111211028106572,0.6342133575437954,-1.4730198256418132
804,-0.330155051866467,-1.7225113481459298,0.003505890474480805,0.806425394639851,-1.3312929525227037
805,-0.3233403540560414,-1.7830422748079107,0.01573695238285592,0.7274510723038756,-1.4047379085217988
806,-0.30062276447158015,-1.842754494434681,0.013430961629336864,0.715362775680059,-1.4204158398950946
807,-0.37674152497743,-1.6480331157359995,-0.0045266076465159686,0.8162578296308891,-1.3141487957020077
808,-0.4010284553642273,-1.5225173111244743,-0.001933544273684285,0.9000218822582515,-1.255211356624992
809,-0.34664753159732714,-1.7676385840579254,0.016036955142845942,0.832419377108159,-1.314287380278792
810,-0.2695079878591105,-1.9296909655778884,0.008920253070811778,0.7482887138653687,-1.41826404917098
811,-0.35854061440087914,-1.7173312507576177,0.008784647080046325,0.7466630323008351,-1.3619147540144532
812,-1.1445393534419679,2.4454535074498778,-0.47150830106459757,4.314731263575746,1.9576716237812581
813,-1.1306255984399847,0.3196196426363986,0.15571565757340344,0.7702253678854429,-0.7474322636180959
814,-1.1102578486902366,0.045361585603206196,0.1943342672634135,0.7774468285302427,-0.8565394564138091
815,-1.063826851096242,-0.4572607298271567,0.544961736419611,-0.2241420473975707,0.6284440520633778
816,-1.005481753386818,-0.5767516821193622,0.5594974807584222,-0.3561992593745176,0.5331318737700173
817,-0.7816410489092029,-1.1278114483560253,0.4953094466281581,-0.3743904606046163,0.3447221429324599
818,-0.6516918959396822,-1.0718196498523633,0.09218890389061421,0.6195258768890068,-1.2918587950795675
819,-0.723027508866665,-0.8771010796019847,0.10197662857696789,0.675145416684189,-1.207493854309243
820,-0.6767895701736879,-0.47446009062761324,-0.00023923655055436266,0.9708547985142996,-0.9357577471947932
821,-1.0555891475058647,0.03377855817769701,0.1524791947022365,0.758699274882139,-0.8615717374924364
822,-0.9171540322560128,-0.3374581102087342,0.1481887554539989,0.6873145397755838,-1.025955862816412
823,-1.0233877314259978,0.10935471894053918,0.12231111355401875,0.8273548541778134,-0.8140560775104294
824,-1.0323572254000608,0.018179014497681705,0.13454213848617982,0.799970078388046,-0.854896416254255
825,-1.1435432488544295,0.464173575655344,0.11132932757639795,1.0000896910744648,-0.6330077860192365
826,-1.0141645016467304,0.047849159927044756,0.14412731706033396,0.7429542016218895,-0.8693958281857757
827,-1.2203929628209231,0.4317592320944873,0.1896737958903742,0.8423967065674987,-0.6984213411170894
828,-0.863820119484197,-0.5433078619913525,0.1524320902329385,0.5846912361109133,-1.1317652307355306
829,-0.9080830496027209,-0.2992898001855176,0.1128854792290519,0.7733157327410469,-0.9718274284270847
830,-0.8837044054967805,-0.30105056763009175,0.08340554196741135,0.8007494914377064,-0.9834560619910686
831,-0.7795587407149028,-0.7360024818061801,0.13590499953103366,0.5549279869768665,-1.2288577358326367
832,-0.9258632121498164,0.3696126697305389,-0.048353013969531754,1.2599069594373895,-0.5632975879437727
833,-1.03606771555457,-0.018789883940724096,0.12716054409155833,0.8548487218642771,-0.8664311441887469
834,-1.1072083725973747,1.019401555535122,-0.06852660890475037,1.6599708052844868,-0.13074951473398752
835,-0.4414560277964381,-1.497900119755484,0.023239416434603526,0.7516216034227317,-1.3195864851794064
836,-0.31260883258004574,-1.7977244689935814,0.01979798403182968,0.6839663141042813,-1.4257962783112028
837,-0.30142101560219586,-1.8388905259935833,0.007278587155375692,0.6371391625863861,-1.468501934910153
838,-0.3477256962220881,0.035985309559154154,-0.38910775863484315,1.9241961414101247,-0.2899954282990787
839,-0.5458409744911518,-0.7060433390147042,-0.03778346806857109,0.9713083376618411,-0.9850735543795769
840,-1.0578783603781396,-0.0007492513922405077,0.19173872996563854,0.5991485555581055,-0.9492230722173308
841,-1.0511337252660453,-0.08434759713195379,0.19603550098927586,0.6141016132614141,-0.9716957032197946
842,-0.9054398546793281,-0.48154667362056225,0.16859680969942584,0.568124716573213,-1.1111325743092628
843,-0.9761652231685995,-0.09477437797517066,0.14090175880088887,0.6905711098203927,-0.9669683030490827
844,-1.026274827430136,-0.07718624541424558,0.15128677792336323,0.7586091001854347,-0.919514179337571
845,-0.7430432977514322,-0.7052080956825032,0.09976054616737387,0.6216952493933857,-1.1784927920117312
846,-0.8099653819306422,-0.6408885847928419,0.1364155276871207,0.5393495347178847,-1.2023933166097147
847,-0.9648127615508315,-0.16776143011512773,0.13551349501996904,0.7639763686733092,-0.9409951789972121
848,-0.8818075597151661,-0.35944042109938884,0.12897445657292725,0.6969707862878003,-1.0162828431158135
849,-0.8979620178894839,-0.3014781507277928,0.128381677644689,0.6714136175221661,-1.0182736661471967
850,-0.785883983512059,-0.581138049504134,0.08241390106362659,0.7502077878182534,-1.0871418218501838
851,-0.7043025661874966,-0.8841736381547631,0.12300020448918654,0.5274106578230964,-1.258767444079088
852,-0.9141778156457379,-0.3024316685779649,0.1628657693263351,0.5972038565890946,-1.037320374743854
853,-0.7833625024628662,-0.6427763956810351,0.13706747571419878,0.5692896384805518,-1.1449425793461083
854,-0.723820673134735,-0.8312180889065245,0.1322976078540453,0.5231054483335145,-1.2382824960135057
855,-0.7949257305169679,-0.6117539644762412,0.1419763866080018,0.5458495397358358,-1.1456124970050765
856,-0.6947585185633366,-0.8101909464582374,0.10549010576734048,0.5657743746136741,-1.212674438089079
857,-1.1660216114420872,1.9442234910485812,-0.2849688561227278,3.2648435207715005,1.1601401094149018
858,-0.9003270651764985,-0.3963667088617163,0.10939273770300471,0.7816496597196242,-1.01737415185703
859,-0.7042647201690492,-0.968018105864146,0.12149592085277743,0.5507359601512113,-1.2629415857177124
860,-0.8879474175062427,-0.34466000593904184,0.0914243481188009,0.890830339064959,-0.9297651204658738
861,-0.7727110667180735,-0.7670638378297782,0.120141115415252,0.6727460998866767,-1.1590959281349702
862,-0.701987437547186,-0.9229207391582928,0.11156192331175671,0.6363182421656449,-1.2164978977891103
863,-0.7110387268480002,-0.7161667107530885,0.05268285024586972,0.8278552796217655,-1.0808596900275291
864,-0.8262487254073243,-0.47184088607694197,0.07437507715310285,0.9003685772677037,-0.9708789504988008
865,-0.8034972260900369,-0.6912880225193034,0.1264264796518191,0.6908164855625587,-1.1245272767848626
866,-0.9041484917670448,-0.32172552338778765,0.08337654646472882,0.9354651250829616,-0.9136554467339552
867,-0.8361585280525987,-0.5076488442360069,0.0972591050794775,0.8076042974892698,-1.013048991084088
868,-0.7846986418479228,-0.7086562220373714,0.13720182968948208,0.6260979647365172,-1.1590698887727962
869,-0.8529491127423878,-0.4849592118723231,0.10228547414756811,0.7928926532981587,-1.0134138449456742
870,-0.8938976402868105,-0.3671798256506381,0.10800874308307727,0.8585795306444962,-0.9457234134941632
871,-0.8500120010042927,-0.46558716949595613,0.09552307056838041,0.8536073778806843,-0.985936282194624
872,-0.9088107571858641,-0.2518227165032579,0.11570425327300636,0.8131865792244306,-0.9197278206774736
873,-0.6732836807317648,-0.9424858097152817,0.10060164876312623,0.6437446614731507,-1.2230239783199197
874,-0.7237890386361665,-0.7905512874966054,0.08075470902287839,0.7229152759720187,-1.1449849293520131
875,-1.1062037450331648,0.48792842886133525,-0.007115572495600335,1.4726629014206547,-0.4444022759807965
876,-1.0684368125152321,0.09649225239630241,0.13824910548146369,0.8666650415114111,-0.7953463920954572
877,-1.1622781516670517,0.30898782551370624,0.14142609660635877,1.0307632341048274,-0.6486548695179303
878,-1.102659174616809,-0.3102033104001225,0.5103523445772485,0.017762317215312247,0.7969158798637853
879,-0.9982477638979308,-0.38613559304368245,0.49642894135066296,-0.15824854095309202,0.6636203369301014
880,-1.0062247223640142,-0.5398733837346434,0.5168179125752096,-0.2222036583371432,0.6031016807898489
881,-1.0635875653193285,0.11481765914462928,0.13846956873198757,0.8705346864777307,-0.7810496906344434
882,-1.0096526560855728,-0.04479927273373874,0.1854868432542959,0.575922627716367,-0.9788951269467254
883,-0.9076399392712895,-0.43543288791647605,0.14365238922930867,0.6915391991447968,-1.0334955794884226
884,-0.8997946748481387,-0.3540860947414216,0.10433751343504123,0.8656158448129945,-0.9196451074690607
885,-0.9009802339986718,-0.368216659079516,0.06504038066071292,1.0313879639260575,-0.8852429971378001
886,-0.9751876120499051,-0.18430232462509535,0.1053124485552134,0.9617052406769608,-0.8431701477922745
887,-0.7864566566476043,-0.5683673571435851,0.09214612086238491,0.7399784362660092,-1.0824117415124912
888,-0.5475145402894672,-1.2541041136757918,0.03917586622757544,0.749962276439965,-1.273472532378341
889,-0.4761472072683703,-1.3823424165837008,0.02798575732330476,0.7306830712728206,-1.3282268676754507
890,-0.5310910456229047,-1.3669835645950816,0.04296512626136069,0.7532462621484439,-1.3088747265577525
891,-0.4258759745149921,-1.5913366498525157,0.048456532606297856,0.6240930616535386,-1.4347411111210129
892,-0.4257412632267412,-1.5094686514081035,0.015754793906316244,0.7300494250060084,-1.343806673755293
893,-0.46040564507777065,-1.4790449535049879,0.0274573322250729,0.7354415969980121,-1.3435958185564194
894,-0.4853076268545145,-1.3371398200920945,0.012552717944029757,0.8070781018638097,-1.2760521800373432
895,-0.6589824111749716,-0.9892261322732694,0.01081578793648403,0.9711871087247381,-1.0957456677751096
896,-0.36325564813938166,-1.728496001640389,0.04547227863266214,0.5906054856849082,-1.480401950839311
897,-0.4414850989782868,-1.409517620956863,0.010957993204817546,0.7598732352411374,-1.3085432274061448
898,-0.4909497755708638,-1.360694716110042,0.017039642400942863,0.8237561791463418,-1.258802458814002
899,-0.4752053982114447,-1.4144757875974114,0.02329237468630757,0.7485064437350166,-1.3235123546221716
900,-0.5028311080198107,-1.3254933349441427,0.019422055581771083,0.8106250562040238,-1.2594984762420838
901,-0.3745441340723663,-1.5941986183783412,-0.0025723668354605523,0.7615775674881773,-1.344137369439627
902,-0.44323646492252133,-1.4432248326330328,0.005787052817595255,0.801016982275451,-1.2962162927349388
903,-0.43047889004055695,-1.2899119291112808,-0.05854813414282426,1.133506306668767,-1.055424003302056
904,-0.29012245541550336,-1.769222459926484,-0.009916259008053749,0.7652907656941362,-1.3654943300838054
905,-0.35507298150649735,-1.6198186978034468,-0.014253632999258303,0.9523219169055087,-1.2128577720990712
906,-0.33452236886574277,-1.7181089561071101,-0.011567832459772874,0.9339993159028298,-1.2466931230471423
907,-0.32749302363292077,-1.636280802109889,-0.03605157945927903,1.0025699883052785,-1.1891546719497805
908,-0.34321828838818647,-1.6814634420129115,-0.011030298005655444,0.9077129094292484,-1.2569176657623071
909,-0.28977211215875387,-1.7533790366371804,-0.029933158144321098,0.8637898586573228,-1.3092599203972561
910,-0.34416233164967747,-1.5662016319944143,-0.03758245005610627,0.9347952618620574,-1.2339644338884066
911,-0.3211803060480024,-1.6660909437256326,-0.0420369971673492,0.9396303756782813,-1.2507575979041545
912,-0.27582048607629833,-1.7695116095363685,-0.024781200225796947,0.8117682007603378,-1.340387537956913
913,-0.3159362851427867,-1.757050463626812,0.0058479839349670605,0.743399357470841,-1.3806057010853092
914,-0.32700621256719165,-1.721637644026776,-0.018109891464392742,0.9276981892257399,-1.2501005898938025
915,-0.291969520027978,-1.7428306179641897,-0.017798488576467517,0.8262500528495691,-1.3284642997769796
916,-0.35694831080547673,-1.6463812791577959,-0.012658668413123103,0.8780006952213028,-1.2821909751014342
917,-0.29066966946677264,-1.7033229046598641,-0.03655664823917546,0.8527118301298501,-1.3069881711055318
918,-0.4831195026545952,-0.40881582252943194,-0.17033025685143882,1.3731098914468542,-0.6498920603728027
919,-0.9438005931233514,-0.2875056461199824,0.13642667644545708,0.6410563474604388,-1.0505069953243868
920,-0.9286780576267175,-0.4399442755543467,0.17363481308531595,0.5733246227453005,-1.1185867471858586
921,-0.9115726082599255,-0.7578714409242239,0.48071545544149313,-0.1610475364202234,0.5449546759062316
922,-0.850620834453286,-1.0472146792878663,0.5279989396590529,-0.392752036653796,0.3511316657019175
923,-1.0111285643261743,-0.47504830782995694,0.5150445639270024,-0.13575073434779938,0.6250097014466247
924,-1.0251065712771292,-0.5285732076495143,0.5338023475727033,-0.260587349752953,0.5776105777107988
925,-0.959566231994869,-0.31056934480314785,0.1659299265886086,0.599267207545279,-1.0729881447269143
926,-1.0072789513329228,0.3924570962085825,0.03156620477566691,1.1242779635001678,-0.5967408821536861
927,-1.0295047412942246,-0.033472678086215166,0.11203465955061534,0.8700463854216925,-0.8498251801639162
928,-0.9368545573214625,-0.32437588239715065,0.15042852519932426,0.7435118474453186,-1.000499770278298
929,-0.8566585881592854,-0.4450364939767792,0.11263925809461851,0.7347212840813475,-1.0441247598979677
930,-1.0670430859620814,0.014118316028455915,0.1109561668330434,0.7957778848498361,-0.8650003806046156
931,-0.8006779364176342,-0.5208957089649082,0.10824736308028905,0.7422648226996545,-1.0793756762100049
932,-0.8690019327777805,-0.4944703279485983,0.14701286862195287,0.6157208975708288,-1.1190152137190144
933,-0.8874170176352463,-0.3299284162035442,0.12111313514055641,0.7061014463612317,-1.0266697345708364
934,-0.4546566507659095,-1.510368759467103,0.07046825647037828,0.48331052087191745,-1.4726691580461886
935,-0.45184303300192913,-1.6048172984529203,0.0707743597851241,0.5474605291146087,-1.461496324397424
936,-0.5017202562817421,-1.4595194474525655,0.058984770024492324,0.6339888696360231,-1.3950229094422746
937,-0.4626870815012031,-1.5082961454837276,0.0427050269524517,0.6395430253808041,-1.4021435932844295
938,-0.6634649600701651,-0.8865394846289738,0.01702446136470481,0.983054310854777,-1.0705120386198488
939,-0.4430127663534048,-1.6014107049244808,0.0496451863274468,0.6501057784245293,-1.4094313382745944
940,-0.5396507961210014,-1.2614565065926377,0.030800471498546412,0.7822276037266601,-1.258724641294751
941,-0.5203978122176455,-1.4127058204072287,0.06092996298114694,0.7232841695990657,-1.3209421440242546
942,-0.5910067417031208,-0.07350773503430774,-0.21573792371656275,1.685199857400947,-0.4409644900778117
943,-1.0620168477402492,0.12186326698554054,0.15541015421725618,0.7061789668725282,-0.868012924194067
944,-0.9666722774238187,-0.1819611765711853,0.13293095796704904,0.6920338760407764,-0.9737295934098934
945,-0.9450660291773614,-0.12640552386220594,0.15806815583523326,0.6871272691542275,-0.9439787472017731
946,-0.9638896126557361,-0.27074145151873447,0.1277158536916291,0.8003718158032557,-0.9712497286237269
947,-0.8872226952212923,-0.15921683628552197,0.05027356259817952,0.9333786170346269,-0.8805559386218469
948,-1.1443925771873544,0.14173779583757765,0.191920068834439,0.7703458253135,-0.8230147745898913
949,-0.7705812282027967,-0.8588466531151371,0.1477404113937873,0.48348462233002015,-1.282729900213452
950,-0.7097069053206874,-0.9405094965505154,0.12456509166525062,0.5576578436431169,-1.2779413630635927
951,-0.9616339241991138,-0.17970291760740342,0.14106689778873313,0.7128564280057644,-0.9439772976717636
952,-1.0448855600486047,0.021391741629472116,0.16439945518189517,0.6799126870458874,-0.9240924427814353
953,-0.9894462082203038,-0.15864568313452404,0.16095711724615713,0.6213891860293331,-0.992926052717415
954,-1.083415942736499,1.0713080920486522,-0.13072490403042036,2.320608215510638,0.32339891952806665
955,-0.7132264624032649,-0.8104837832072105,0.08588875132103738,0.706320354952115,-1.1553443912080903
956,-0.723779123504381,-0.676931075084031,0.07832922260319454,0.710261722630643,-1.1042257411868461
957,-0.6946195889035,-0.7783391241213299,0.06499643338307241,0.7928979808573442,-1.0834597969805952
958,-0.6187751895011228,-1.033625786794069,0.0667555393937262,0.6842852357878235,-1.222690184282033
959,-0.6077118913458729,-1.0611591437992844,0.06478715109489429,0.7038728875033498,-1.2233002559685626
960,-0.7010517560335664,-0.8534792781390502,0.0677315819027445,0.8348691197123081,-1.101913437645669
961,-0.6666436302997306,-0.9317462191005699,0.06349473033264655,0.8095211087903785,-1.1315400873023016
962,-0.6087101845672251,-0.9535690148808822,0.060314995884704924,0.7119262016436642,-1.1677558882762484
963,-0.7728263919536326,-0.612728568556994,0.08819695450422176,0.8119478111322019,-1.0138076670478564
964,-0.6362025539274028,-0.939036060842331,0.0698743048790745,0.7413942949354223,-1.142050005542628
965,-0.7052633441483117,-0.7418177604907021,0.05756025781560912,0.8614615868064426,-1.044754019048921
966,-0.7182917006101812,-0.8630462967850719,0.07654942759791951,0.8598760640579068,-1.0703388581083833
967,-0.6250512396219043,-0.9590976563874932,0.045167144738783575,0.8028229871290398,-1.123392231947282
968,-0.5748448792471147,-1.0868835629191058,0.06327398480763956,0.7464423708556931,-1.168538588827593
969,-0.7827642075518395,-0.6461289932332015,0.08731558442588817,0.8633804277913248,-1.0027587120962687
970,-0.5188157896953532,-1.3430122506946558,0.05791425828103744,0.728264095114716,-1.283240554756059
971,-0.7059848133672306,-0.8634008036433418,0.05620995763292405,0.9104974807978161,-1.064613613797029
972,-0.670326023755603,-0.9292550157585132,0.04334393844833778,0.9472339917130379,-1.053162623222858
973,-0.8943852492291373,-0.1872127195707577,0.08714198836739268,0.8736378720925193,-0.8837504369034497
974,-1.1263120764829004,0.16469471643852737,0.17397578345527193,0.8639672554203106,-0.7553496240867429
975,-1.1256514730856115,0.27770640616908343,0.10043995881728356,1.127073093729053,-0.6240691582585962
976,-1.1133852183752644,0.15179611727862494,0.12167836569687085,1.0214603382222933,-0.7311957193348926
977,-0.9072093305913784,-0.41228481258295885,0.13543196560369142,0.7114993424086868,-1.0397747214037165
978,-0.9678474197990413,-0.292953274032245,0.12660748816674924,0.842656768183357,-0.9506810235196087
979,-0.9131321416520389,-0.20779180819763424,0.09149593265637475,0.854282240407356,-0.9256669600469388
980,-0.9635842458817898,-0.2959144492135874,0.15712806027389392,0.71033607306877,-0.987007255944041
981,-0.9587150236595519,-0.16246156019772273,0.09659059372059083,0.9033527982627388,-0.8758936766307943
982,-0.9200608913399592,-0.23281296414424477,0.09092482467302573,0.9003980799357227,-0.8887180000267052
983,-0.5761629217234295,-1.2591684594325716,0.05043777703219805,0.8554379040375167,-1.2042232761599319
984,-0.40560859195396376,-1.4721530093521737,-0.006439519670673967,0.767114195082897,-1.3000772376296632
985,-0.3966136212237473,-1.6885946383686148,0.040334740443676055,0.7164702707190326,-1.3961234190839789
986,-0.4373665150838292,0.14441499190229384,-0.38299687827076,1.981150224860767,-0.10332211827847208
987,-0.6065413515155595,-0.6967987067781695,-0.007199808620066235,0.783887139597145,-1.0848509262648875
988,-0.9087358678041629,-0.24928448274163115,0.13269761978857914,0.720837575230895,-1.0072462914219733
989,-1.105186710927765,-0.26527076072183925,0.5247028775687446,-0.10480164907944349,0.7041110494173155
990,-0.8792890891539092,-0.9523979157616436,0.5284316518313408,-0.3516770301927103,0.38117210918618394
991,-0.9732085276724203,-0.4744338537862802,0.48937436628685627,-0.1562862696132336,0.6394321318862597
992,-0.7760922078979475,-1.1945642677512749,0.5202378408115357,-0.430880822750983,0.29029818931901025
993,-0.975444554339845,-0.6275816995457408,0.5660472093439526,-0.4526459383394333,0.4631715177031385
994,-0.8933183148617695,-0.815346233380135,0.5181994759743571,-0.36270193830051295,0.44446263443404643
995,-1.0187260863743137,-0.4273714809043545,0.5328248636343234,-0.2953310828300208,0.5893805902501558
996,-0.90677052089255,-0.8109819213776572,0.5367393674133362,-0.42706859579028356,0.39770721764606004
997,-1.0416151060176237,-0.35368971110589364,0.5560141897740445,-0.36588104819377526,0.575901572664591
998,-1.0726058423944382,0.053190160950251114,0.18827461620131714,0.631579903038103,-0.9337451745684927
999,-1.1207786426732251,0.36043199216436744,0.13559592782414132,0.8518954138567525,-0.7424408877792179
1000,-0.9129170804728997,-0.19289366818913947,0.1477379256531418,0.5875130304167537,-1.0240124025495365
1001,-1.026026847880718,0.04748951002854878,0.1393348874161517,0.7458146936214016,-0.8887282393516396
1002,-1.024255606509756,6.393389945701191e-05,0.14738323194060393,0.7033565985543037,-0.9095171850181677
1003,-0.8593793279786209,-0.5048839049782047,0.15694035763502706,0.5834558521724563,-1.1285296155106397
1004,-0.9563351580307132,-0.2413143286583245,0.12436481825161586,0.7851722639917618,-0.9606406841073795
1005,-0.6284794093420678,-1.0899633262227046,0.053907189619736694,0.8032431543394759,-1.203726949062443
1006,-0.4236904705743399,-1.5369240257020447,0.020793204557984883,0.7364330639132847,-1.3495699286226637
1007,-0.398947846241529,-1.6168560993607444,0.020732317126106996,0.7384269816432767,-1.364353334431767
1008,-0.41507494319174737,-1.5633016728331341,0.019043984236486206,0.8091757645399446,-1.3177855787626829
1009,-0.48275029915423656,-1.3445837342615201,-0.0016465334918987723,0.9006219374204666,-1.2129288461919256
1010,-0.46560909698398034,-1.4738080299142964,0.032616705714066725,0.7578948294904845,-1.3122680978390215
1011,-0.5718403376916583,-1.0427791735761376,0.007865927085083527,0.9270537196891863,-1.0972384804329922
1012,-0.5614843745665918,-1.1063335889101578,0.01712614324187911,0.9417212198881165,-1.09522485009583
1013,-0.5630872618585372,-1.089030905166212,0.002893613403752045,0.9474564100624222,-1.0965697559434664
1014,-0.4263305008334656,-1.2922285484480018,-0.03343752236104774,0.7555268183759283,-1.233700872971879
1015,-0.4169345312738018,-1.564365854740781,0.04423127564417498,0.6763499930245253,-1.4061582517367897
1016,-0.5423602917107013,-0.3244232655974413,-0.19712305407837594,1.5690423881306543,-0.6114763573319145
1017,9.974891228146523,1.0577578603632725,-3.647029724193072,0.780473471962973,1.205446131512684
1018,0.14033870682172903,0.2822240484073134,0.007979015909408556,-0.9816961725617862,0.2818820611469871
1019,0.10042576929632456,0.2939653168124751,0.04163382555615483,-1.049557005765071,0.2522589113289169
1020,0.115827774478699,0.28538437383840143,0.03156713524037459,-1.0522475884287346,0.23881000310647393
1021,0.07728570412574046,0.40748115298363796,0.014978815772371253,-0.934554776626269,0.33082446765505114
1022,0.20763801667540063,0.2834895377405483,-0.02662189844280728,-0.96335546206188,0.29546088014982885
1023,0.1634937329384454,0.41773103134322326,-0.04221572260084522,-0.9191529775420596,0.3078603633443865
1024,0.15629379669534857,0.3754103914568274,-0.014694236070579625,-0.9389245896190529,0.34731056051253634
1025,-0.03449923060822988,0.533475462852902,0.07220305134514564,-0.9991402502402983,0.3716808115299122
1026,-0.002788226750274902,0.43764168409716087,0.07296690852858477,-1.0392539793144175,0.32259383843137
1027,-0.003817708966047083,0.5214513591781087,0.04993163749718869,-0.9934632601318854,0.3650126509848605
1028,0.057983972003178355,0.3821604565246684,0.03930186877920454,-1.0038294625914261,0.3012070804556309
1029,0.007953085877157401,0.5356735843582209,0.03733701583441278,-0.9577908604947222,0.3804343358993013
1030,0.8398534196803765,1.38963809253919,-0.9682771240991257,1.5173114681435356,-0.12137205670606882
1031,-0.0033884972371816865,1.2004829130964354,-0.36965378591902937,0.12758868443651816,-0.9784741147968533
1032,-0.13808755040662346,1.283733364460776,-0.30149385465940065,0.05501577289008045,-1.0064509085207989
1033,-0.17761513099667067,1.3644940768508669,-0.2990605306289351,0.07988503237934545,-0.9567739125258302
1034,-0.23877153649697314,1.4731280154334019,-0.2808477177466292,0.07902534389946352,-0.9164661746451307
1035,-0.10283014193327927,1.2177490311316823,-0.3267990955754599,0.06491489378106553,-1.0244599891875514
1036,-0.21514363569194214,1.476544656121079,-0.30209464888978926,0.13074933246997117,-0.8993828251250143
1037,-0.19065726943498085,1.3588330144743903,-0.28736317806545697,0.07399985684955608,-0.9673060742678059
1038,-0.17364146712760706,1.2840567367682092,-0.30024570811395185,0.08462283965397789,-0.9862008563226506
1039,-0.19081023473549596,1.3962860685323562,-0.2924782320679043,0.07976670779288478,-0.9482007081911064
1040,-0.13819079809085275,1.2604703828500963,-0.3149236993448612,0.06423301739592277,-1.0037120163812039
1041,-0.21206891598915675,1.3770880269368941,-0.282739363106058,0.08023810396098248,-0.9516886567659512
1042,-0.31027677181716584,1.6714009251446555,-0.2726687679013486,0.14203521608079192,-0.8177421939289591
1043,-0.21042469202617928,1.4205156803079684,-0.2871356506405214,0.08557217744683471,-0.9317213054076814
1044,-0.20889379188020454,1.4743384688443397,-0.316112816842487,0.11751078565955113,-0.9163340059877395
1045,0.6089805520681314,1.8772541637360909,-0.9340220522754612,1.653438148901885,0.1272444212206435
1046,-0.26408889894289167,1.6034202742353953,-0.2929433114895236,0.1278602722182807,-0.8567653358275797
1047,-0.1996122912327869,1.4389972473412103,-0.2946445186570325,0.07786754725419671,-0.9289496770477376
1048,-0.13201324882001,1.283712930167467,-0.3085071552157671,0.06704879457156215,-0.9965407318486839
1049,-0.11711286373186314,1.3135580942248462,-0.3323225194680269,0.10271019051832737,-0.9809569390789042
1050,-0.27794914079955513,1.6231612119746663,-0.28741145354608905,0.12692426646622593,-0.8467385890522133
1051,-0.24072424025781214,1.5066046147301504,-0.28647647962359984,0.07736618774367122,-0.9024891983072996
1052,0.3082380846265242,1.1957605544568062,-0.5707603011486199,0.4854821261661587,-0.7575441491093908
1053,-0.1910344261727813,1.3160382223789588,-0.2867034177390809,0.040309330908083904,-0.9907343547148363
1054,-0.24579374348173896,1.4720418360515708,-0.27716257465664607,0.09342740839251362,-0.9087588826885095
1055,-0.27654341792273673,1.5964081529110385,-0.2869730335290387,0.10819526520575078,-0.864525019899603
1056,-0.26728307776761745,1.604993826232907,-0.2897291727528987,0.12059922719381701,-0.86299411798999
1057,-0.216561380915257,1.441369124524318,-0.29835124564099874,0.09008537825758003,-0.9321922489544758
1058,-0.16460202308184707,1.3102604517932883,-0.2971285682506461,0.05553568397546657,-0.9824072641433768
1059,-0.18901515080340459,1.3713114017465673,-0.28389605533737733,0.06166262382044228,-0.9616765720553072
1060,-0.17742809158489886,1.4016489524741345,-0.31437548482055955,0.08585887206283785,-0.9495686172174163
1061,-0.21098253498138372,1.4245905783457287,-0.2856831434406579,0.06231656831700476,-0.9452133139107037
1062,-0.1674160098257903,1.375504654823677,-0.3178356927062529,0.07521439434877833,-0.972892107967067
1063,-0.18548851405344133,1.3022843276795146,-0.2750608102790243,0.023668702493148418,-0.9936177976413788
1064,-0.2361297534512076,1.5671798825851886,-0.3143267811445982,0.14370457792406877,-0.8811528991187977
1065,-0.20537308525750525,1.4320007008108344,-0.3043941900853648,0.08960765276347513,-0.9320338948799461
1066,-0.27188926257163853,1.467271332612768,-0.25317999206604674,0.048506925005038885,-0.9190542806807557
1067,-0.2558437243680035,1.5135332382629234,-0.27572328967655685,0.09034758596913643,-0.9060845969217345
1068,-0.12672328517932482,1.1853267644231384,-0.29175642249269107,0.005039037126285406,-1.0517448397423725
1069,-0.1666421240284996,1.3538607806395488,-0.30444153432155574,0.06407872544253283,-0.971311981963245
1070,-0.18134630808233557,1.40830704100047,-0.3048060535248533,0.08125551971248858,-0.9491471663562763
1071,-0.17663755767488526,1.2985400178749262,-0.2808860402038065,0.02342064240030792,-1.0036609500953706
1072,-0.18647795906273035,1.3268067264395802,-0.2807522630234639,0.04028137261951029,-0.9912319326218413
1073,-0.1479100847508999,1.271800117176508,-0.3047980749284308,0.047083145963522664,-1.0181808624397877
1074,-0.18578415018878455,1.2889055151927038,-0.27734330719407685,0.024546776728849966,-1.002368339895456
1075,-0.21198457070087862,1.3981541378080595,-0.2896152200097855,0.054253921044848025,-0.9559058577265903
1076,0.31224910969327885,0.755845041451877,-0.49195620215677405,0.13794868551774134,-1.1641864823540278
1077,0.36238941920018763,0.037473264600133636,-0.052862170096638794,-1.0860350878437748,0.13278711708890512
1078,0.2235201668661889,0.39868396761756986,-0.028170828349718142,-1.0804352630860115,0.24867287856688225
1079,0.1667332595597373,0.4662604014605123,-0.0014572660321458017,-1.0856276901301007,0.2796674336460973
1080,0.3403692846355345,0.49624792831658104,-0.12509280841739262,-0.8903282547193325,0.3887855624366415
1081,0.11759681120690776,0.563582878276339,0.009010712102076778,-1.061958339449253,0.32695987098491847
1082,0.1787785741898109,0.4777998934527127,-0.021657987162364993,-1.0529910757111594,0.3041795115874653
1083,0.16905710190644738,0.4717676274305453,-0.00958845315849614,-1.0711183446277002,0.28377263289174554
1084,0.23548511348092033,0.3522636646821367,-0.026223075851307235,-1.0883277560268312,0.2312754318813771
1085,0.3128432351157404,0.24760556596995795,-0.05995339733801993,-1.0931314027562753,0.18336275649597622
1086,0.45232910692998735,-0.02284930373770612,-0.07568028740362837,-1.1391549190317696,0.06404127610575938
1087,0.4392130330447908,0.00711862654484647,-0.07184487035971467,-1.1367440440300824,0.06540928612365052
1088,0.4486768974918014,-0.0265271084297528,-0.07224274808134405,-1.1523502186000103,0.05344491322204642
1089,0.42986394570126446,-0.006630234156762474,-0.06667106845012805,-1.141107817813348,0.06590063575315389
1090,0.40731188892003867,0.03151472291974946,-0.0659645830926967,-1.123109006740529,0.08601551026008517
1091,0.42068770953322177,0.03144304052962091,-0.07464991829756168,-1.1210199027799856,0.09279935601690108
1092,0.37460361512801926,0.10311525602080698,-0.06383466955775098,-1.116418999449075,0.12172261229473955
1093,0.4173211428556512,0.05259810626464146,-0.08586355928913723,-1.1033968409216492,0.10825535367618015
1094,0.39439989212038407,0.08367953372748133,-0.0628607879584074,-1.1155231729983373,0.10451011918271778
1095,0.3761795236408224,0.10214776452068278,-0.05934314405475421,-1.1233885948059323,0.1106124367890719
1096,0.4242769861717628,0.02809785092935899,-0.07035086418336753,-1.1307683693848,0.08060304183403734
1097,0.3917634716975023,0.11449246104617063,-0.07584981621585696,-1.102330068816276,0.1288463613107365
1098,0.3636672557865735,0.14941169779472438,-0.06878179874319203,-1.0724851447986936,0.1525098241037655
1099,0.33212970520299906,0.18194496415101785,-0.05931828111708738,-1.066612137399706,0.16756049685299895
1100,0.3008996823350705,0.23829187342066202,-0.0475141480762944,-1.0729452063544735,0.19212166241926978
1101,0.3114032936749384,0.19033469504987285,-0.05301641499798419,-1.0732400501798334,0.17977111855473982
1102,0.341141777821432,0.15424895673835054,-0.058530003123436695,-1.0826055776998078,0.1574776343578449
1103,0.332568506198061,0.15328754198696443,-0.05363114544158031,-1.0736609599918254,0.1576330508127184
1104,0.3443270636271474,0.15143374332543683,-0.05433309896122915,-1.1063622289044643,0.14221624725389306
1105,0.3048657113273787,0.22145767506090416,-0.0673942022069088,-1.1005906012189832,0.16986690744152413
1106,0.3401029472664598,0.17838506750920524,-0.0685831334317906,-1.1026887448917488,0.15427841795795488
1107,0.2897907461610264,0.3051047023966198,-0.03983096411179358,-1.067027970544851,0.19737339056166814
1108,1.1878782107514472,0.49235308208910317,-0.6729642053581606,0.23457473461353975,1.0548081241370484
1109,0.36118593620211975,0.17150942552452994,-0.06774063691694773,-1.0822865573030898,0.16749856298143667
1110,0.3355179990649492,0.2292751304400301,-0.0569792891599933,-1.0584087500539594,0.181664920302831
1111,0.31788431911545273,0.16347043939920985,-0.05843643712745436,-1.1112728179009121,0.1530545758784624
1112,0.24734717190008154,0.385572460634857,-0.04030776745593334,-1.0379041867013556,0.23835607768641837
1113,0.2763073145585139,0.30635663170862154,-0.04881442449853059,-1.07254674177597,0.20546692356974303
1114,0.30601196078628146,0.2413126777582288,-0.050883524294716015,-1.0756437312852198,0.18667968517433797
1115,0.28610016083458556,0.2563745907995799,-0.05174584636513323,-1.0854288348021086,0.18921258725427118
1116,0.2727246145547918,0.3192155155455452,-0.044773245544312855,-1.0760494209439164,0.21362221234387305
1117,0.1708993109702165,0.5330132283385177,-0.02574155924026542,-1.0315340385772234,0.30844146300896014
1118,0.24167121588061247,0.32888522355772687,-0.03554441289684412,-1.0876665224436963,0.21285883866083377
1119,0.34079963634986055,0.1322956243605044,-0.05458411919045651,-1.1059993426832446,0.13647792222471977
1120,0.26894324016721805,0.17038726729654624,-0.03028550005367996,-0.9938519957253664,0.2181355989761178
1121,0.024655555907044564,0.5560795740367954,0.024073881527922354,-0.9801762454911099,0.3745591329940437
1122,-0.06930025211719257,1.198845716102758,-0.3304605704677485,0.02786880684370103,-1.0582764739460822
1123,-0.013485451485667347,1.0996968340976918,-0.34871669985421583,0.032231217702430835,-1.0928189553846803
1124,-0.09690879752379489,1.2874487262124368,-0.32611061583499806,0.07342488924317016,-0.9988704254732841
1125,-0.10879185220042836,1.3015366886635542,-0.3302144638784173,0.07628384410719374,-0.9994311019324871
1126,-0.13726773573012144,1.2691415817809315,-0.30666733579621747,0.03800811863046142,-1.0094382481676154
1127,-0.11352006946042724,1.2445346952138705,-0.31004659137528395,0.0514933575463312,-1.0258108050703862
1128,-0.16270808197324474,1.3872427693670228,-0.31573677666708366,0.08318579596777168,-0.9530804955632357
1129,-0.17773247135338044,1.4290051872140013,-0.31752376848973496,0.08589692915924703,-0.9473590215870691
1130,-0.09863039731005858,1.2356261322561588,-0.329832219853846,0.05138159096494217,-1.0271596046801206
1131,-0.10712088432334625,1.2407940072143575,-0.31751720008079504,0.04226047376880096,-1.0270846115947312
1132,-0.2155606429574127,1.5222756305600516,-0.3114446236672028,0.0990121159340843,-0.9059638575896433
1133,-0.14759632658095714,1.3587756030447942,-0.3158282412907453,0.060936405903835485,-0.9818342717689509
1134,-0.09009196296499333,1.1756336809202885,-0.32157032844194405,0.033424765985166395,-1.0442961048657404
1135,-0.20681782303901855,1.4924049336201568,-0.31013355499049083,0.09197956129681778,-0.9128431795602664
1136,-0.12078548244715678,1.241494771874292,-0.30457864928497586,0.026066435134310416,-1.0262337685761844
1137,-0.11764586685835113,1.267572583341857,-0.3184492830020852,0.051146300090441146,-1.01596241441964
1138,-0.262799473493899,1.6136203467088175,-0.30223511529286984,0.1202255678483747,-0.8629522498781644
1139,-0.10670273472058368,1.2635081838292312,-0.31974338687812615,0.04478057820698005,-1.0284964093561328
1140,-0.1538342393082016,1.3017948078177233,-0.300175407761919,0.029236551190973115,-1.0032547113637498
1141,-0.20383052210987318,1.4825870962198504,-0.3051978769634943,0.08023481745617701,-0.9241888111226618
1142,-0.2442178868174882,1.5686688652945344,-0.2969406532110479,0.09510069300534889,-0.887327096473476
1143,-0.11546311911617271,1.2550179601285536,-0.314100161164054,0.0356311228092093,-1.031467622656989
1144,-0.13920471121804262,1.3633908757785032,-0.3256705254474643,0.06705305526867344,-0.9906099231221585
1145,-0.15449465642779348,1.3949202088877763,-0.32820804362383516,0.06581316154632354,-0.9668004715788102
1146,-0.19459941658429272,1.4754690421257741,-0.31281483600161114,0.07930205157628464,-0.9387334079252642
1147,-0.07468515531158972,1.2492971538320587,-0.345836005688782,0.048218484824584754,-1.0456279779339015
1148,-0.15413534075222465,1.423729625416341,-0.32695675355094617,0.09788387815766542,-0.9586253980291501
1149,-0.0912536577249667,1.1505870565796334,-0.3216741876294099,0.017757544998914198,-1.0650515302754913
1150,0.027592920891348106,1.1570731027577317,-0.394606261686381,0.1354731597730023,-1.0156932547283
1151,0.0026915442820970416,0.9451410354112436,-0.3186121249396091,-0.027822199663928075,-1.16835552605182
1152,-0.09506757281226609,1.2162195186024571,-0.31080603820875785,0.0072770319708558365,-1.061522766591334
1153,-0.01895836925263594,1.0285047062802601,-0.3280192535854498,-0.019351173097569927,-1.127842832186044
1154,-0.07336806003086256,1.170200276419511,-0.31060904388126104,-0.007398744599629498,-1.0783620334327269
1155,-0.08969541312341907,1.2391014637918971,-0.32047455297335015,0.04358522153892793,-1.0398136253800763
1156,-0.13583703146668324,1.334308926587591,-0.3202168243462814,0.05436856223169845,-0.9860174351045611
1157,0.026780947035383217,0.9643250262719744,-0.330809215925519,-0.027107154217097584,-1.159684105792115
1158,-0.13247763836833373,1.3661597061415134,-0.32244728972993286,0.08076683729130592,-0.9660048576673232
1159,-0.021902650775843045,1.0866459267958462,-0.3453701466959355,-0.011519384062628332,-1.0991343228716164
1160,-0.08211644457822616,1.2480014723875912,-0.32479360234421273,0.05538878717559675,-1.0339140850785682
1161,-0.07304292304060091,1.0998314589623845,-0.30304495801161346,-0.03623816431677325,-1.1018134270414732
1162,0.22655566110801995,0.836522266993162,-0.4405556149342317,0.08584168465554412,-1.1609459921968066
1163,0.1322667591442011,1.0234704002388466,-0.3832333758289066,-0.06623836206705637,-1.1891600409443654
1164,0.14578932816466786,0.4833373378530108,-0.006249339665591031,-1.0782656575380476,0.29647464430838905
1165,0.14326004345216795,0.5118779418766722,-0.011217547108096962,-1.0776097757438592,0.3007647103629477
1166,1.0788123337719449,0.9396272674487008,-0.70543532377329,0.573603493416148,1.4061925853741608
1167,0.184221758904113,0.46358579709457404,-0.01948892198694061,-1.0707824305697182,0.27980407694819104
1168,0.1914266259842393,0.41976821311245005,0.005829614012473622,-1.086197114630733,0.25381779859613807
1169,0.314689373973812,0.41477141183583577,-0.0763436551894815,-0.972210583201364,0.32017520783029535
1170,0.22967593196812905,0.4353356723222372,-0.027647675392638744,-1.0512064685786686,0.26871066547788264
1171,0.20892609139183288,0.41184550975002915,-0.01300937696382845,-1.0875160515521753,0.24982701481988032
1172,0.22977891549296064,0.35242700201019883,-0.03611227773341942,-1.1001826936655206,0.23103911809421382
1173,0.3020507614637356,0.4448857163181245,-0.08745754382052152,-0.9708983089418969,0.3322967177434012
1174,0.20177749220574984,0.4129717520852211,-0.010063748211130093,-1.0887201315400183,0.2538709362677364
1175,0.21530863452676796,0.43254021985456603,-0.03019079671908767,-1.0681076376589096,0.2631338755061503
1176,0.22264546598002957,0.41477652969188933,-0.025157339009642937,-1.063708994893619,0.2605172305549183
1177,0.23485313475277855,0.35103389491776654,-0.02839369986141459,-1.0903713621401605,0.2316176953390583
1178,0.21898173943153487,0.3513057536176945,-0.013738248578819138,-1.1030574558011754,0.22909212034807222
1179,0.20489204611504055,0.40308190633627955,-0.017529041123825133,-1.0813289616293993,0.24929762644113568
1180,0.20257476504535,0.4026789606196349,-0.019294769485626462,-1.0794193550222568,0.25743750752619976
1181,0.21807468495238674,0.36049816128160206,-0.012975337397716209,-1.091821037629243,0.23269892488966237
1182,0.19380054050835693,0.42399653172002016,-0.03338406917540083,-1.0725437721977769,0.2679546775377539
1183,0.21707569260797208,0.3629310256001575,-0.025888997077729792,-1.0941134830443322,0.23641505349616693
1184,0.207917263361209,0.3776343538666783,-0.00541183342147376,-1.086303945992141,0.2396804317158162
1185,0.22131489378275607,0.3571167109665164,-0.01774450096349561,-1.081972457816725,0.24396949071226798
1186,0.2106102230635682,0.3358888575696464,-0.005586862512605467,-1.1000211371471613,0.22057067878501183
1187,0.2071178363228974,0.37829134442563184,-0.023655233851772494,-1.0887391820678303,0.24368835825924504
1188,0.17597993901701703,0.4207424130843141,-0.00045107662714166473,-1.0786303868526772,0.25728233377707344
1189,0.21663550972976986,0.3380300571847033,-0.022238491221597656,-1.0947506579779376,0.22106875344905502
1190,0.1913608694121178,0.38065181746709953,-0.0063230579559422195,-1.0950884379276937,0.23909904675157284
1191,0.22421716554253687,0.3331014816499609,-0.01934300217129179,-1.0929930107355963,0.22117652301180937
1192,0.26245360871873014,0.2612071714867314,-0.02411546679980145,-1.1013808540460588,0.18724684754194768
1193,0.21242319026586626,0.3671411079317553,-0.018582995161260663,-1.085803706023687,0.2344941302416441
1194,0.21578227482340878,0.3445945479783737,-0.01594878943101473,-1.0948222532313154,0.2281021184293989
1195,0.19505288006105376,0.3686856727054553,-0.007676894989741322,-1.0910160019831623,0.23762520645883387
1196,0.20404098309208418,0.34267870872813055,-0.005044444771483845,-1.1056263841759861,0.21747212764726512
1197,0.16851345722342703,0.41025883010055353,0.008727059577087639,-1.0893052720218421,0.2514198747354619
1198,0.22128635029275945,0.34518670727585243,-0.017001173944282237,-1.077984207058882,0.2292441705813909
1199,0.20846628008367243,0.32833532068775145,-0.006197023315543736,-1.1010718061391815,0.22058233301019625
1200,0.2861423253206386,0.3191934681808377,-0.054571477944723,-1.0338732150154495,0.2581578972557187
1201,0.2332440028108812,0.31271646558100885,-0.022275725798598787,-1.0809314978031004,0.2262226587112176
1202,0.1289312812513852,0.4903064354902623,-0.00613524591553147,-1.0530724682245596,0.29139000525494313
1203,0.06628612237660225,0.7653198271633755,-0.34312891242847415,-0.02296736332820578,-1.2210010983568875
1204,-0.1254890505986526,1.1936183340046589,-0.3099554144032235,0.0034240960572748187,-1.0538925913526607
1205,0.019596042995256413,1.062328853299,-0.38704561359408196,0.06598429019021783,-1.051674967593496
1206,-0.09177946961026728,1.122627335929691,-0.3128095599769028,-0.0052051883500676245,-1.0722835721270185
1207,-0.21640519314896467,1.4337192791082045,-0.29985076229792124,0.06728231123978567,-0.938531965465707
1208,-0.07754929578748966,1.098983799222682,-0.3137108913395368,0.001686018635290173,-1.0915850854583238
1209,-0.05032407819831137,1.0178771003708995,-0.2930483942875172,0.0021423855450486257,-1.1098849208769768
1210,-0.13586013902896985,1.2470697495241154,-0.27992146032359305,0.041540401100195835,-1.032447916083138
1211,-0.08721047117138109,1.2325156816005651,-0.31594739085704937,0.059791523792230836,-1.0159955748630938
1212,-0.019553460754856686,0.9792169539130328,-0.31200273545230006,-0.003269164734482976,-1.1443719291041663
1213,-0.004137998956522941,1.1346180156145942,-0.3665905871474131,0.10235288338010382,-1.0184611787103728
1214,-0.08859025127245672,1.1379872246397003,-0.3200273576868976,0.02756917285573134,-1.0789845697582268
1215,-0.08971109165081173,1.0808125750415816,-0.3079984657256714,-0.020291914394425695,-1.0925571575440292
1216,-0.05414306658648099,1.099623289341393,-0.3530032683017907,0.01232354372592106,-1.0970824345538834
1217,-0.1259383281942045,1.1499907557206173,-0.30802949125061563,-0.017750537968613672,-1.0669739724383656
1218,-0.08974770698669253,1.161859688147332,-0.32662219338714293,0.008761472429522412,-1.0699482517515373
1219,-0.03270137744659577,1.0389716519193362,-0.30842408273196936,0.026428043925003038,-1.1020626578195885
1220,-0.12672460607331484,1.1277616021751884,-0.2906774216261623,-0.016471899704553455,-1.0722403113114025
1221,0.07007073456798357,1.0065369103470123,-0.38875612737338544,0.07605141331312341,-1.0914912132749277
1222,-0.04700890332869204,1.038645266373504,-0.31914371504069183,0.019139760972647076,-1.1055254349537924
1223,0.08150364321695537,1.0169704847417498,-0.39686986273654695,0.0997903817233135,-1.060289979061475
1224,-0.06973459136580754,1.161049666435528,-0.3285562069074179,0.055603616842304145,-1.0537714872494228
1225,-0.09497005055413316,1.117693193690668,-0.29033204625072967,-0.023013319833227876,-1.0967290735329498
1226,0.00977249795799705,1.2912828538978034,-0.42443173072205864,0.20323021650833992,-0.9531827933295927
1227,-0.22068045746980924,1.396156126806168,-0.2873895992505019,0.06840751310106526,-0.9567651146793135
1228,-0.02047918603386296,1.0173287389959658,-0.3164736264031827,0.012215072860503669,-1.131072878853969
1229,-0.08725073214631819,1.128157859103369,-0.305182240989771,0.0197576085090961,-1.0839493295672795
1230,-0.03874285873616928,1.0595856388044913,-0.32695437831583746,-0.0015829986801191335,-1.1116468249276916
1231,-0.08053232317611117,1.0602971728007524,-0.3107459425180619,-0.0037787637361856065,-1.1033058500336232
1232,0.08902321889000359,0.8255979909524919,-0.33987294112558086,-0.018525262922497406,-1.2151101217314573
1233,-0.0534388647929899,1.0461629735467328,-0.30774144876611925,-0.017492324737397154,-1.1297351060057976
1234,0.005407128847902362,1.2639007298441511,-0.4119512206100982,0.17702620374570374,-0.987248548176306
1235,0.07831321011228712,1.0024856281067058,-0.3706467543068894,0.08130089935837548,-1.083863333454608
1236,-0.09819533266966436,1.1279755894946073,-0.3247017930852548,0.009249431093141143,-1.0706530827463103
1237,-0.020567055705736886,0.9540921747080218,-0.3160606716692894,-0.049020719842866614,-1.1626136060907941
1238,-0.09196742536500026,1.0983833139316357,-0.3214719918592588,0.00534685678259238,-1.0944439917854116
1239,-0.05128497378978997,1.0836676842129673,-0.330494929103186,0.022128543191798855,-1.099225875173101
1240,0.11444754522319815,0.8592997238390083,-0.3624045041316785,0.05399401116049179,-1.1319312145156946
1241,0.13311764473815785,0.6747579608575632,-0.32383414939732647,-0.05640153447987263,-1.2868259111391196
1242,0.11182910791138015,0.6579077209125835,-0.31455092233709514,-0.11660489045438917,-1.3090068733198907
1243,-0.01762013237794151,0.8649383602111685,-0.28761407722601573,-0.07985839425494655,-1.2101909319522282
1244,0.23865131137342005,0.6377462197387813,-0.4036620102596915,-0.022542508710323716,-1.2815906183676171
1245,0.5292317454466247,0.12484080881748712,-0.48546439739441577,-0.031866324402203175,-1.4682580138104346
1246,0.5311038418855176,0.06094451211869476,-0.20100811775420335,-0.8613563384896328,0.15597682472924265
1247,0.7078911519048882,-0.39012477264431966,-0.16940846768365145,-1.0406584964313015,-0.04231953767970085
1248,0.5700428477086543,0.00574769007869483,-0.19066701526734994,-0.966994641909466,0.07690755392549388
1249,0.5126767107865369,-0.09240309828771233,-0.16379315094771787,-0.9377211703989546,0.12437995684407886
1250,0.27938646665087347,0.08052113953619017,-0.04694914056208979,-0.9833942933067467,0.23914292835510542
1251,0.2823141307188623,0.09147054711682608,-0.04782170480807067,-0.9737608935930806,0.2559943592493575
1252,0.1260278945168234,0.1393833614122622,0.03725365942955081,-1.1015195381852148,0.18566745490493844
1253,0.09324613178789895,0.2283159005621365,0.05212943560344768,-1.091758164779032,0.21382440258962054
1254,0.11471889676076631,0.18841099002492695,0.02856978168622969,-1.0986838207520013,0.20550540837453474
1255,0.11364413739416425,0.17756470722821022,0.04634504990841382,-1.0965997161878576,0.19407944576961983
1256,0.0716502894670045,0.26464880370602434,0.07288295160558418,-1.0618311317074742,0.24276420527225429
1257,-0.0031029668894278464,0.8466740635401802,-0.29584717963172313,-0.0667266225420282,-1.2090380621714023
1258,0.07318090698099564,0.7377739078993537,-0.28839891970888515,-0.05319479654807169,-1.2650040208668565
1259,0.12372041282858601,0.6344953890885947,-0.31782017629159826,-0.09978777539296582,-1.3136461203267795
1260,0.011198385438963761,0.8010407495878694,-0.3122693059691245,-0.0716187948696225,-1.2228435381769656
1261,-0.07478807854879015,0.9849650726306329,-0.3245071808115954,-0.0222640086177337,-1.1331753484493805
1262,0.7377838008262121,1.367745510642454,-0.9190786566631565,1.385572026966719,-0.18201261864399274
1263,-0.10270481253275987,1.0463257549937424,-0.31147472581943475,-0.0004079366126600577,-1.0980351005245583
1264,-0.06967915327150753,0.9983402615915133,-0.3078102089115575,0.0025527991698120053,-1.1333498575058802
1265,-0.15111414958651728,1.2049382671935311,-0.29590198066610973,0.053021895377058655,-1.0350152466129359
1266,-0.05553446484184523,0.9228872215031276,-0.29090883046795774,-0.01762977797900111,-1.1616765286383786
1267,-0.10207102368537356,0.9614661455682342,-0.2717211558089725,-0.016927615436540942,-1.1366467310650368
1268,-0.10664428597074653,1.0638944925623137,-0.28251055755312254,0.026593695099370294,-1.0919085070089933
1269,0.02945934585666642,0.8561270389745321,-0.3387351102702044,0.04031287078403647,-1.1494425680339944
1270,-0.17309810056875327,1.1560861135540728,-0.2674507975160915,0.027546596505977104,-1.0527299656931532
1271,-0.019528996418450136,0.8227933285079833,-0.3050430811839247,-0.044562525560065715,-1.2092423813531163
1272,-0.1274503225730431,1.0435050008036988,-0.2747893883551818,0.011504585860562602,-1.1009447783789068
1273,0.3374460143706663,1.0619431231844048,-0.6110379467306752,0.3933030444615306,-0.9922335054430295
1274,0.2638489858543684,0.7065125293244089,-0.37420824635137573,-0.05169712281493495,-1.292551384741221
1275,0.36673529263382165,0.004509464473222864,-0.047640804040801725,-1.0866265637141042,0.12613214851278476
1276,0.4032665018949708,-0.11597259895642008,-0.06761048518361543,-1.118255554819936,0.0604761613639274
1277,0.43043774756993697,-0.07142410968258267,-0.06003735929516973,-1.09324286344287,0.0917424053522676
1278,0.28523195556591363,0.2624177873014338,-0.06638967405709996,-1.0159105537123407,0.2627599260159258
1279,0.1478207109845616,0.39748996477962917,0.009738403025734829,-1.0762874492684174,0.25575591801538705
1280,0.14400426122193993,0.3453762241796945,0.010754883204760734,-1.1173966811662626,0.23604991023614139
1281,0.1297170488685696,0.44821428707351274,0.007305978437792098,-1.0469402397214334,0.3136777396826213
1282,0.11457563407496953,0.4587506942544476,0.023812278737609615,-1.0698868796180736,0.29097284768044135
1283,0.09816415310239035,0.5130002741648295,0.022119081077755443,-1.0445436246097426,0.319352841573348
1284,0.0791125494376601,0.55781138997463,0.02021005383751382,-1.03701687539452,0.3325997701143722
1285,0.10953013015343076,0.6170108278456805,-0.025970485837305955,-0.9562114258272372,0.38111024547711914
1286,0.09915722250910518,0.4591109814566161,0.02265049097163205,-1.0612472050563209,0.2967994696073778
1287,0.1494050686723037,0.4863506266583727,-0.021782304239100513,-0.9978030715937964,0.3418561282334118
1288,0.05549410802905228,0.6369782726160862,0.01698402216468783,-1.0069405839859835,0.376146844332116
1289,0.08479318728082434,0.5654348919913724,0.006324358710307158,-1.026300205136337,0.3427843079219557
1290,0.053951765547747325,0.6513893856699432,0.012659486366523445,-1.0004998327461705,0.3826212557304279
1291,0.03652390995644397,0.7157056053469993,2.7776652585491955e-05,-0.9719747040051538,0.4121978673861053
1292,-0.0011031669281230077,0.7835735724649692,0.012038224413686077,-0.9531547423037932,0.4475347664524936
1293,-0.0015666211374328908,0.7398594286145972,0.01611497504607414,-0.9780816147087475,0.42418994019222345
1294,0.014216423286015188,0.7195936636769568,0.01222662542625053,-0.9721672129148407,0.42155982367287104
1295,0.08310653322514767,0.5866609550466674,-0.0180382212948351,-0.996892022990784,0.3593373393650671
1296,0.10586509855780384,0.6445765261971642,-0.03192243432245535,-0.9450522558197195,0.41561533143888335
1297,0.04745076880978187,0.6620945167509552,0.011625268616363354,-0.9892396023992671,0.3868345997686623
1298,0.07799269995855641,0.6237192784878537,-0.006228051008799008,-0.9913664353886639,0.3791184224550369
1299,0.03458564987569718,0.7016300113032311,0.002818426751629087,-0.9823222601386875,0.40268833478507815
1300,0.1288881752664768,0.47657876665325316,-0.006709236396790972,-1.0393237642240736,0.30393045952121134
1301,0.05603809488486391,0.673854418361392,-0.0029635640467017307,-0.979170695498976,0.3885453499643481
1302,0.006740998072155079,0.7696111038776462,0.010226238276031524,-0.9647001860908193,0.43326638492162367
1303,0.12764989475796715,0.5063017113194024,-0.013014010951943775,-1.0118461223222783,0.32821233079214684
1304,0.20493658309307214,0.27994758498209765,-0.023408825249665765,-1.020470808814742,0.23453536772761804
1305,-0.01950538748953852,0.4215082804924669,0.0648983858700835,-1.0094853029942505,0.3334634847114791
1306,-0.041477974931177275,0.40509310653307096,0.0942959824993001,-1.0376804181715185,0.3214617697291451
1307,-0.09237002269191585,1.048753157934584,-0.28816166673991156,-0.00046976506924447677,-1.1082311540807723
1308,-0.11133964271683262,1.0364667527699587,-0.2841578066782555,-0.006423951140320106,-1.10698029107717
1309,-0.16373722529570847,1.2186971413610728,-0.292244263729123,0.06451313749829649,-1.0210015942655115
1310,-0.1315234770579789,1.1455674574174048,-0.2992365322196385,0.0369290464087888,-1.0686270318371394
1311,-0.11687204639606737,1.052792312954889,-0.28288404659983946,-0.0034436384954053484,-1.1009719955750588
1312,-0.16303887109464058,1.153637213756664,-0.2744757987127106,0.023187641262044974,-1.0513003712684954
1313,-0.133666604549541,1.1183744000285847,-0.2838880372572314,0.00700604719762053,-1.0786883296311367
1314,-0.15274381080665209,1.1618998727186087,-0.287920770033079,0.0446976388992185,-1.0489364284280551
1315,-0.15517537285719282,1.142009396475196,-0.2832131957609841,0.03213915725784191,-1.052613865388318
1316,-0.07006751407325519,0.9646009862213202,-0.2919126110346593,-0.03640749734764786,-1.1466239583931088
1317,0.0639193843714735,1.1539140052849588,-0.3978202194856464,0.0679796417868476,-1.0773788768116115
1318,0.9907144129541572,1.4055287570420443,-1.0437888831440434,1.541081800182771,-0.11521032762395961
1319,0.2704422108419314,0.7078085902403503,-0.41197772843745495,-0.05546584060090556,-1.2762001147273168
1320,0.341686911748251,-0.005557527625778848,-0.01976238283775834,-1.1744307205966558,0.06828568673189905
1321,0.3647735178884201,-0.025228188284565856,-0.02876648477772361,-1.179158310334645,0.05438922073461857
1322,0.3547513113134704,0.018872865287230475,-0.028652264956530615,-1.1643892561610498,0.07710895602799604
1323,0.36851319237071656,0.0033458697392985655,-0.03056507465498055,-1.1646189142921373,0.06360721275016537
1324,0.325980502313378,0.0703095011951547,-0.025365230399711402,-1.1497875730850238,0.09484731468111542
1325,0.3043871833122089,0.14544410631047086,-0.026279833513253338,-1.1350173151797007,0.1317956628188539
1326,0.32808136216339745,0.10533426611986833,-0.03110251962803277,-1.1392456677968241,0.11836862151929026
1327,0.35002682490018006,0.03853860365606774,-0.03384147701066962,-1.1466991779363955,0.09044839043571004
1328,0.3200585808912643,0.08639589323307868,-0.027071236171218066,-1.137393996296923,0.11161609421015878
1329,0.31365288386707896,0.12639985722583896,-0.04824881864182557,-1.1127825657535835,0.13864592138255058
1330,0.3068247632773897,0.08940356777802615,-0.025974182693668055,-1.1490568170905577,0.11015013965619572
1331,0.3220202097874025,0.1401713787923716,-0.026414751213108316,-1.1210079435526141,0.12213974596853745
1332,0.27923637094928877,0.14737460437458386,-0.02724134795484312,-1.135391802980843,0.1382041677882286
1333,0.25773675194142404,0.15736627512494417,-0.014827347005702466,-1.1326120269160316,0.14385635322501525
1334,0.3031734711813277,0.13263876742815442,-0.025190243311115832,-1.1105402464076186,0.13084917463617876
1335,0.21184994806144541,0.25053126582286284,-2.6886667753961436e-05,-1.1213167426460497,0.17593408105953273
1336,0.4641381447020531,0.14242691197901847,-0.1439823349696746,-0.9400504837258439,0.20531718607407246
1337,0.19165840345893398,0.40384849006977913,-0.02817992466911438,-1.0300804424349914,0.2576911216853567
1338,0.21902390059803367,0.2618183165219906,-0.013876812499932058,-1.0938616847005969,0.20425628248947264
1339,0.2258792155044758,0.251846994083471,-0.01947115821511077,-1.1005668281465395,0.1951038354732166
1340,0.2516404272679457,0.20734133565546708,-0.006562591675741603,-1.0917412373390074,0.18462340234143573
1341,0.2481541638261886,0.16083543844758535,0.002586111754381591,-1.1265341198076428,0.1521595575970522
1342,0.3038363186955694,0.0922185925421124,-0.019939086219567224,-1.1282374907519903,0.12127153915032673
1343,0.3326414598904173,0.026649985716646927,-0.02759528027980352,-1.1402690962240993,0.08810873559278058
1344,0.3075088986547798,0.06016633191076347,-0.01471287628327783,-1.1409565672292075,0.10764418273628194
1345,0.312164580032244,0.10449259910903368,-0.03682503902833035,-1.129001954876694,0.12409761149117766
1346,0.2958202852855211,0.1447680298579027,-0.022636321272798396,-1.1049962078385291,0.13683387035229533
1347,0.2611626650854165,0.15959706261145823,-0.00733974202927374,-1.132342754713743,0.15349002705492437
1348,0.31097150875043533,0.08090806851695413,-0.020062446343969358,-1.1333742629394763,0.12307997623922955
1349,0.29789050978805254,0.08612420410663912,-0.014486601449830655,-1.1309351872819657,0.1202757297619459
1350,0.3209852766447235,0.06460255767739227,-0.025058614810489873,-1.1378951768983776,0.11572530245634577
1351,0.2938762358943077,0.11323456940957306,-0.020375402345556383,-1.1184422582989786,0.13628233313773927
1352,0.2862452536358667,0.1275245409601111,-0.016237264234600444,-1.1229140266786475,0.1348725730657727
1353,0.26142074669052795,0.1689996943162096,-0.01397150446096531,-1.1200319190928336,0.1591444110621384
1354,0.26765273358708624,0.16241877476115563,-0.01129810016393622,-1.116914866578303,0.15632663873835115
1355,0.28398957082527576,0.16928868094243182,-0.029932872652317987,-1.0901374355711542,0.16189360726895366
1356,0.2754741896896574,0.15750402406912709,-0.02458515406613295,-1.089197045441152,0.17757791601560075
1357,0.25869456558522036,0.1679681155307337,-0.007012562849428443,-1.115662656449576,0.15973299474078742
1358,0.29115795723667615,0.10042898225927842,-0.01865036130288679,-1.1157651263461548,0.1309748762486057
1359,0.2940786025355071,0.09050729187493516,-0.01882953694287261,-1.122529718118863,0.12256248270810881
1360,0.30504107243724204,0.06360830230433015,-0.009819888681081922,-1.1349337032105027,0.11420857367992202
1361,0.24568340178683495,0.3856990125090907,-0.10839611467051233,-0.882396909657397,0.28499035555360946
1362,0.022329498094719607,0.30317553095843164,0.07481479673384951,-1.0550551425016892,0.27245064201813496
1363,-0.016397262971894096,0.3895493066038314,0.07461912536317043,-1.01627830895201,0.31932778622791164
1364,-0.08487403718757389,1.0796977181191123,-0.31869773731510825,0.03377599654551419,-1.0910568274244563
1365,-0.09464113035395583,1.0278610347517076,-0.2925545403712937,0.015258769111486702,-1.1099747121647567
1366,-0.002397419967963133,1.057658207533836,-0.3543553418983971,0.02217209709869722,-1.1068846814486317
1367,-0.06697134560660294,1.250481011814476,-0.320352994457873,0.01224464361239786,-1.0610556150617976
1368,0.03157926233426044,1.0080744214514268,-0.33651823750626875,-0.03920379556117078,-1.15564569872691
1369,-0.013982196649145691,1.2334386643313777,-0.3807920257281634,0.07210637355606242,-0.9944123315638009
1370,-0.13244818367492156,0.9571391862203635,0.05541762943156791,-0.9147580750553976,0.5386740346536402
1371,0.02710746795761839,0.5352854351600056,0.0630272987602028,-1.0025628450999362,0.34979264568648544
1372,0.04029213098644836,0.4823164499108737,0.044475986045928464,-1.0303295738686624,0.3262431162661487
1373,-0.0508502207779851,0.7799044115693231,0.03686293227746021,-0.9394984854356531,0.45431328667799104
1374,-0.04396266704043266,0.6912581929340457,0.050735939019384654,-0.9898799940428044,0.415956726571831
1375,-0.09763610220749579,0.8137465450650346,0.05037827311194126,-0.9477695771954235,0.47727625623870207
1376,-0.058839774741821727,0.769731297604765,0.04570513806816895,-0.9619969288331441,0.43755517759222545
1377,-0.1783361170839545,1.0741377386606819,0.046885311272324155,-0.8886583147144849,0.5986929178845115
1378,0.05656069663060776,0.717266330010444,-0.023790146451876777,-0.8710001122865021,0.4766757677038439
1379,-0.014702886233186954,0.7310766992056086,0.014206381823655691,-0.944247437704113,0.4362676114134504
1380,-0.041822091756451914,0.7532837077745962,0.03170331915489338,-0.95783212141319,0.4512077221097208
1381,0.08173884215844565,0.7014678392103908,-0.020996161490940198,-0.8705119982208187,0.49536219908111545
1382,0.054441564753499046,0.5815753023963222,0.004039058717827267,-0.9840722164471761,0.36139935774682713
1383,0.007639543234685621,0.6544281459022978,0.019812559683495937,-0.9790856356878687,0.39963458494097304
1384,-0.07575647124467096,0.8449263190106823,0.031333217589972664,-0.9451813115460523,0.47380610333855444
1385,0.07158978424090585,0.5509520739947852,0.004938054953827429,-0.9900367344276281,0.3504451259503038
1386,-0.09735233242866642,0.8509790350123302,0.053524301565025946,-0.9507336705382089,0.4723533159820109
1387,-0.08445720175057221,0.9150857292764759,0.030834438442275916,-0.8939530081551045,0.5195157410268355
1388,0.0026782676735061764,0.662323469666014,0.01813655126209437,-0.9606774308255603,0.4127943996399357
1389,-0.0357756440771826,0.7463590612835282,0.02879970764196435,-0.9580918244067432,0.45035003028673276
1390,0.02388102080407575,0.6045833294710335,0.02288265953634515,-0.979232445129666,0.37996935889024813
1391,0.05109274763907864,0.5599458338846239,0.007438893834297826,-0.9910607642084358,0.35992602026663095
1392,-0.09747948640758934,0.8950040000958747,0.04177141999418841,-0.9135240600748644,0.5107822652811275
1393,0.07982115248206448,0.5176606137036015,0.007657530551220587,-1.0088802193563127,0.34225255584465847
1394,0.14368345029867444,0.44839172574806957,-0.01408973970799942,-0.9890086339951608,0.31425671687069606
1395,0.1518124372245472,0.3126349419993499,0.020429742888025727,-1.0761976969859006,0.24274721572660282
1396,0.11299395553238263,0.5294924582615592,-0.01775049946011233,-0.9809770134706512,0.36791059755096067
1397,-0.00459720810290416,0.7449442853259172,0.012622673105291256,-0.962184099751842,0.4353947196752733
1398,0.05793610843533512,0.7839309553008349,-0.046903587520577134,-0.8537504800049301,0.5195098259872979
1399,0.12235838938621797,0.2588569059607367,0.003241651134053533,-0.9527000926511863,0.29263610766612447
1400,0.04093923398398924,0.3534751929082424,0.04456099684400997,-1.0212556896794143,0.30125909862146827
1401,-0.04285793791066436,0.5946918646001683,0.04608918467224593,-0.9559760104213958,0.4144185018608444
1402,-0.11189282788064742,1.0899101518102239,-0.296362615059617,0.011522191090951482,-1.0912775512009525
1403,0.005099817513126088,1.1397995107507677,-0.3741796494951123,0.15284620499891752,-0.985570232597496
1404,-0.15868862925509944,1.2096873558822299,-0.29848726139218057,0.06741811010366655,-1.0206198704724803
1405,-0.11834191285028063,1.1172162562592338,-0.2953116815666292,0.02306467273860895,-1.0777051112850071
1406,-0.18788463228281987,1.1939842564176157,-0.28255560182780176,0.07311554720525314,-1.0277964189453535
1407,-0.1172274272069411,1.070735395802948,-0.2837798364017737,-0.01393291205946845,-1.0972074739721198
1408,-0.09056431745760601,1.134318238292947,-0.3234825872755312,0.05301418954055416,-1.0769834557601923
1409,-0.1807385624698056,1.1381258140800359,-0.26529870012543694,0.002252629694446268,-1.0649272872411033
1410,-0.17087241387417482,1.2101111256754724,-0.2861274240472352,0.018439085284527586,-1.0417252678267228
1411,-0.16431730002464032,1.137272641769722,-0.25872911614906335,0.023648827525372906,-1.0647395292168127
1412,-0.22092411596880873,1.2883935963382362,-0.2794426466817738,0.06678665526476865,-0.988209045801487
1413,-0.09353193090489145,1.0129889326090948,-0.29074168449350946,0.004964332482791956,-1.1188503129223422
1414,-0.24342642919138296,1.3173996322669734,-0.25722356069479196,0.04073371546620057,-0.9827065262495406
1415,-0.10145070500609023,1.0251857779276188,-0.3027568367455657,0.012091462350278052,-1.1069380292034998
1416,0.07353348893870927,0.9677485464589338,-0.3619640576771151,0.04075461618442562,-1.1642645387805541
1417,-0.0441029118735146,1.1575548198333,-0.29691691496431405,-0.04534589860097102,-1.120490685299344
1418,-0.12518557085443807,1.3316306165797662,-0.3153009436599865,0.006633284853960481,-1.0217121653255843
1419,-0.03676625695389241,1.1126673183977371,-0.3341288654142693,-0.03758578789282717,-1.111240821053565
1420,-0.11484192616257803,1.3084674291918894,-0.32747848371707716,-0.0019028775332481525,-1.0251988971069579
1421,-0.05760618402076856,1.188574553941635,-0.33768586271882156,-0.013478978592409334,-1.068813416854607
1422,-0.13438503305295924,1.3251131465421413,-0.30550599601463474,0.00571213037485905,-1.0175023953108515
1423,-0.09759128738928034,0.8450473730806533,0.044145988235669016,-0.9538770356703471,0.47778919938973174
1424,-0.07320826107283841,0.8295453849603482,0.05519063047985861,-0.9356892515199695,0.4614724442800315
1425,-0.024993430778501573,0.6247573210853317,0.0881012272257425,-1.0005830031043348,0.3811775327664561
1426,0.03140873463800591,0.5820928341243298,0.012183639789419755,-1.0048347122154992,0.36237804929556183
1427,0.07220320265846474,0.4718552443090714,0.035070903387880666,-1.0369615832954677,0.30242496862419677
1428,0.11361995658971488,0.8536984738227128,-0.3598020637103562,-0.07526773932954098,-1.2427333011304291
1429,0.10622695303077301,1.017688730024713,-0.3872472814181207,-0.008974722947586772,-1.1547491324888168
1430,0.0479468669183173,1.1505049776303544,-0.3714255759200918,0.006133646627578906,-1.078739088746985
1431,-0.01579228896721995,1.1997546861835628,-0.3510368726580558,-0.02308338914390051,-1.08816884280745
1432,-0.04206114664485085,1.2364812706884856,-0.3555253809404896,-0.028857006782987485,-1.075506261458006
1433,-0.06958144416900328,1.3170576997394006,-0.3560745702329576,-0.001325608507551432,-1.0298790177843544
1434,-0.0012369862819718975,0.7283562994717176,0.011664846058715988,-0.9945194105787717,0.42029539354873485
1435,0.04034729235952461,0.6554762422804956,0.011866252875438566,-0.9925339549155595,0.3780237292847603
1436,-0.012027354917212704,0.792627356488363,0.01226963341973975,-0.963711415387929,0.4412278759033149
1437,0.08108033610110775,0.7488842624709838,-0.03736709434548225,-0.9121647686998748,0.4479313494334308
1438,-0.010037442572246546,0.7778529110127372,0.019000484941306205,-0.9619184053547841,0.4326623872867733
1439,0.029413707786214525,0.6624327475030202,0.024631068783512997,-0.9968024770918316,0.39994004797608074
1440,0.22555435488788217,0.3836743474306068,-0.0760772012792136,-0.8559853021177669,0.3510466721087134
1441,0.019386494760350877,0.37670116898282674,0.048158942088932,-1.0296272303373946,0.30469306577870103
1442,0.006742588901858508,0.37200287294732687,0.07283541285180034,-1.03522732434915,0.2917829212253515
1443,-0.06952617931396607,0.5613928907955468,0.06701679725646077,-0.9872905106737015,0.38839081747816345
1444,-0.1261561586624766,1.0687261050181809,-0.28886476617913126,0.003779317448806569,-1.0959816483030234
1445,-0.15536497215407327,1.1604522551739196,-0.2849438261096458,0.0015550140289563852,-1.0659267651024507
1446,-0.18141086574718848,1.248634037961663,-0.29382125254327396,0.052430479174237515,-1.0243611950154976
1447,-0.23219381369902312,1.2788154975345603,-0.2536269084317185,0.038416588963837636,-0.9975156325244816
1448,0.017499140719081766,1.0166318499484408,-0.36493900807213453,0.12316021728361991,-1.0436796602496594
1449,-0.15658411516426773,1.594843954832961,-0.39477149873523887,0.30428040866458617,-0.7975318508161178
1450,-0.07138140564354307,0.9431634080444522,-0.29462977603265494,-0.03232779122199914,-1.1583843054045935
1451,-0.1177425069635376,1.0975342213716028,-0.2993242887715629,0.014020278604843252,-1.0867161606825484
1452,0.035397110778614085,1.0827767131660795,-0.40081672501078175,0.15570550297444807,-1.0591960852783824
1453,0.00021315741298365322,1.0369975869653578,-0.3131873396294593,-0.0387338368275331,-1.146086398075142
1454,-0.14116238335970974,1.274114122336904,-0.2849947280793815,-0.01712293621835588,-1.0450129296936383
1455,-0.031532688944853754,1.0126780726858156,-0.31596130545597906,-0.08691086095738976,-1.1609311383722651
1456,-0.021630705334603498,1.1647493340618067,-0.34934336558559503,0.012001064430387506,-1.0526783703708544
1457,0.028921556463972892,0.9875984454040593,-0.3399112950239897,-0.04756789263145817,-1.15019578087959
1458,0.17598978614722544,0.7247854570371438,-0.3685798108897166,-0.09933332224555713,-1.2917224355035792
1459,0.2272157365251259,0.714961244403822,-0.3983494383975124,-0.07101204398778736,-1.2791390019069195
1460,0.26278227955008676,0.0929345456311164,-0.0006835606398112265,-1.1360484526047498,0.11882267921011463
1461,0.2933806068228115,0.05386036908353659,-0.01417894765179978,-1.1428739055667512,0.10796174037469833
1462,0.3118439367560801,0.030389322456816588,-0.0223581824700847,-1.1239247709813727,0.10462686099220349
1463,0.21871169777247132,0.16011649617835663,0.01758961206937712,-1.1309055711045057,0.15192315028836878
1464,0.24014604139259652,0.10293245635875851,0.013934112641622923,-1.1521334144725395,0.12648936519401763
1465,0.23334280067167903,0.18674615246904044,-0.0012751215180538068,-1.1200481611664814,0.16354631562857805
1466,0.2557494091291028,0.19268319753273544,-0.027513838761572155,-1.106469725877948,0.1642634376374393
1467,0.3343485947077539,-0.024907230433993573,0.0067290514068664145,-1.1307289284433633,0.07830390052072868
1468,0.25735727367201955,0.0525089948551081,-0.012633009125575833,-1.1562980449181905,0.09983895387755719
1469,0.22179744080370642,0.15161311828052257,0.007204756072505112,-1.1399101795484987,0.14907115874742566
1470,0.23004077812615414,0.15634542926896725,0.013990994339441254,-1.1282368567783732,0.14944568155451998
1471,0.2677455930489817,0.11806306735197468,-0.020466907344899324,-1.1191389581085538,0.14859924564025095
1472,0.2667476437290896,0.06686994367965599,0.010859845114395594,-1.139580475590843,0.10949995418190393
1473,0.2300032169698264,0.12303658699265704,0.008105407689430296,-1.1404546641567337,0.13471702494646737
1474,0.24183373497358596,0.09028313300244042,0.012604407669944478,-1.1370755502451286,0.12687380067159137
1475,0.25983239193200774,0.08069168584155517,-0.0008782823527038423,-1.1412627203561712,0.12116516024782084
1476,0.9756747456242671,0.39619263735649474,-0.5244468642965704,-0.03088657298194492,0.8948129415815141
1477,0.2349510721615685,0.1495020524307129,0.0038993676604489975,-1.1229002145018345,0.1450076794802826
1478,0.28609274205541146,0.020286452321209562,0.0007425573125973435,-1.1438141467293073,0.09384653690336307
1479,0.23837443746994855,0.12842107470405723,-0.005118179934707168,-1.1229774056992015,0.13898882744952337
1480,0.34054362232539603,0.1454777829988306,-0.06496580308713198,-1.0103924372929463,0.21731028409919162
1481,0.21724880756128434,0.171009198530036,0.0049385345298789156,-1.111568656102113,0.15515416059431061
1482,0.29858774840123165,0.04919905460573333,-0.023552467227482096,-1.0551979716384716,0.1458651167756306
1483,-0.05987386328812191,0.46031235064724635,0.09323526879467275,-1.0291819195535359,0.33948687803643257
1484,-0.028751412057946856,0.43294295208191963,0.06737333012536828,-0.9896292336915166,0.3509095784162482
1485,-0.0887610172137495,0.4770304575732338,0.10816612807337285,-1.0321544896232067,0.35027206141517053
1486,-0.209317570458221,0.7810131634453915,0.12212638640804717,-0.946234140613514,0.4863648895622131
1487,-0.0676009209312101,0.959554779866238,-0.28369614425790635,0.011298772763248572,-1.1364649713562827
1488,-0.22858255547126966,1.2801400021021534,-0.2595131332274276,0.05240467842101446,-1.0006632379616076
1489,-0.1609192273806084,1.148130702320844,-0.2830653132494759,0.03902464934804586,-1.0447845305034622
1490,-0.1614699267118348,1.178783182069594,-0.29487520283335605,0.05565722334123907,-1.0438948982350182
1491,-0.2115177561118017,1.1394177336901956,-0.24022412996549616,-0.00673648775179601,-1.059788505221778
1492,-0.11087616929176936,1.1839001024541793,-0.33948657593519593,0.13792992924296638,-1.0156877316707678
1493,-0.18568984576523156,1.1790758645642958,-0.2709064936438457,0.05335836998351911,-1.037741255046817
1494,-0.17928380399981317,1.160389559561349,-0.2729345409580193,0.024378671392443974,-1.0541987343178267
1495,-0.11407374349896109,1.037654559310226,-0.2854281090958531,0.019800974563337004,-1.095301110794327
1496,-0.20373502095025506,1.2077780917656995,-0.2693842927281004,0.03349773822746104,-1.0252856451177714
1497,-0.1491496047865426,1.1153189619863175,-0.28940139601887993,0.026407770482831147,-1.070140220611934
1498,-0.03485298692228072,1.0582192886471695,-0.3672284669475639,0.07513072607794785,-1.107817196722316
1499,-0.1959160755457342,1.1611383055742404,-0.2642976427921183,0.00713211379522516,-1.0462947802206728
1500,0.10843502732091766,1.024799728718697,-0.4224604217342952,0.13422439097366215,-1.127411603170457
1501,-0.06339634541603513,1.2373533830687151,-0.292164950763749,-0.018412701345948083,-1.0842680526431743
1502,-0.08124511264757073,1.4196856554680384,-0.3610704229757349,0.115456812794732,-0.9270605510284573
1503,-0.08669524024885185,1.2636906747105134,-0.34622399923969055,0.0033294216977079257,-1.0514405511215015
1504,-0.15544248380323267,1.3766590832732097,-0.3277979445547795,0.01707772427703366,-0.9805986186486692
1505,-0.05341991968323357,1.0762382751253614,-0.3229927427293834,-0.06625729449364554,-1.1281692705313657
1506,-0.0793377243453241,1.178099726719658,-0.3046911347139987,-0.030084137150864172,-1.08113535641639
1507,-0.12191240112262773,1.3539623115478767,-0.3165823460572974,0.027206535443746713,-1.0052229375081136
1508,-0.10431586260210436,1.2819839602587995,-0.3151335661847434,0.0099273969730303,-1.0466326401259585
1509,-0.11530870331684999,0.8972807545986206,0.05395825859551869,-0.938045954044599,0.5038238645007956
1510,-0.09150354368016901,0.8106406714451325,0.05392745595071756,-0.9557768585119313,0.46892135076299934
1511,0.022181832726000786,0.6681214582183936,0.014265934818644991,-0.9349536344609854,0.4185237570982537
1512,-0.028134702112095282,0.7254114565332355,0.05375976873155486,-0.9600578472558985,0.4265164858380614
1513,-0.11905021489859588,0.9767542130862085,0.02492893123666959,-0.8961459534975356,0.5358044185902288
1514,-0.054024258200583555,0.7908463432105008,0.0459442172162935,-0.962795446555551,0.4388819164090939
1515,0.010176049728802304,0.6088305512423188,0.028471490566735962,-1.0146606735293415,0.36953223317902384
1516,-0.09109392562230413,0.8734183072617582,0.03038915353802708,-0.9290002662108786,0.4996836879280795
1517,0.0014057817441208214,0.6270318239761976,0.043130408163337616,-0.9918320445530555,0.3792015003368513
1518,0.01889630419267922,0.5559470220128288,0.05067794104807843,-1.0449959637745734,0.34400627928531813
1519,-0.08936009618261348,0.8225984627576789,0.045698582173129165,-0.9815104916877098,0.47205061564067025
1520,0.06608390850108024,0.4281588891814259,0.04279483854243039,-1.052995246975994,0.2935418276629341
1521,0.11259573375032139,0.43325113606935883,0.016205564359926098,-1.0538224592204122,0.2661813324683132
1522,0.15464263429401795,0.31457638667042653,0.015247149679156299,-1.0743815557473215,0.2357520666937652
1523,0.19391727083181742,0.2783619924694199,-0.012160801891385485,-1.0253911515314909,0.24829663721513653
1524,0.08290637242704252,0.774872087422859,-0.35163192879998717,-0.04885720789717667,-1.2210598481204342
1525,-0.10261095553305662,1.0141976378920132,-0.2930833927042401,-0.060513706157906896,-1.132775477526734
1526,-0.193648181562189,1.4783200951309858,-0.36394095051887904,0.1454005927865914,-0.9357078569816049
1527,-0.12542792955194967,1.072820074081011,-0.290599950392437,0.003364036045964307,-1.0930071526249072
1528,-0.1665962949758797,1.3182724942491062,-0.3248724725879197,0.09176404890653438,-1.009950850152851
1529,-0.2678713707798501,1.3975296924455711,-0.26606588060531966,0.06380011434644141,-0.9552378577948115
1530,-0.10227004803065914,0.9314659208229599,-0.26172494464288976,-0.033901688623220815,-1.153698532108746
1531,0.0431059049740626,0.7205374695782351,-0.28883151879003566,-0.01706497473320778,-1.23779874389237
1532,0.08939234358159248,0.6801111043383757,-0.28304818181870667,-0.07576394457802497,-1.3074449966840263
1533,0.10594261941944823,0.6184038981686711,-0.3242129921549251,-0.09479681072842268,-1.2979858326394689
1534,0.0013719414289557722,0.7716217049491971,-0.29511667539207453,-0.10307716327343032,-1.2437218014359788
1535,0.08696086782468192,0.7112575385085049,-0.33733600955580373,-0.03714596175959877,-1.2211671777624369
1536,-0.6969119132519798,1.3559711588432393,0.3364979871557835,-1.1513524032799758,0.6209616110788093
1537,-0.7225933556902451,1.4890614833218976,0.3477590212404255,-1.1590430981667728,0.6685268839795211
1538,0.6161202642805421,0.7216628734343643,-0.43252283903270833,0.09658553247726931,1.0924255062898536
1539,-0.6549690383578374,1.513521063119376,0.2808950084297156,-1.084514857331675,0.7173584326402901
1540,-0.4414636335035954,1.2930751438131085,0.20065701279139572,-1.0222307456649153,0.6458753366897817
1541,0.13944683682057638,5.13613549358241,-1.1912376983280564,1.2311892391100356,2.471472054794308
1542,1.6551458125017753,5.238311156989591,-2.1268162756483413,3.6493823790387956,4.183923451407155
1543,-0.6407636035253401,1.8865471307249373,0.15601515082301726,-0.9062408265712093,0.8134596568613521
1544,-0.05968524750589914,4.30150990820542,-0.8884279341416811,0.5329721870944326,1.7442025322425454
1545,0.4410515116545905,4.282250587380941,-1.0751337676830075,3.8513306112548356,4.505573142893041
1546,-0.4206705781030335,1.2932406688623235,0.22105817566178096,-0.9751628645142258,0.656286600494067
1547,-0.7009670819022521,1.4915515748742563,0.3254061583737496,-1.1329535555501835,0.6700663143097776
1548,-0.567625160200321,1.4764076421782917,0.2207838670128106,-1.1353956897311568,0.6421954547879225
1549,1.1256310134375846,0.7237772696739196,-0.9394679294314179,0.005502419181872704,0.7551693253754577
1550,0.7163478985737631,1.3441577169241756,-0.44344755425273147,-0.0790300550753366,1.115107487398697
1551,-0.6007544798668416,1.8218679433265117,0.29568223156558143,-1.1630719403077836,0.7053238275989064
1552,-0.5031990845846751,1.7127947812257664,0.19200388299265694,-1.1585034665992004,0.6798031726056796
1553,-0.5583457955665903,1.7503687776339467,0.23602949711468368,-1.2011035540013002,0.6870091854294119
1554,-0.5827173781836524,1.7878085489089843,0.25473964385728726,-1.155347128893156,0.7022535681754762
1555,-0.3498517495456282,1.7523125086522124,0.012724935336523741,-0.9079138832740559,0.7793418787559632
1556,-0.6904837022839542,1.9622970114365719,0.2610664097849553,-1.1141659228534924,0.7969710922333164
1557,-0.6597480183698569,1.883314840649239,0.27285942317348366,-1.1321294933333625,0.7568642900611511
1558,-0.6755255730674325,1.9360547625022155,0.25257999004559667,-1.13710374699285,0.7840770272297808
1559,-0.734157785719278,2.018805801872796,0.26807316223868954,-1.1074740655525719,0.8313192432485129
1560,0.11845859044523685,1.6697466278821145,-0.17761497221162245,-0.46843928122741596,1.0871434892695224
1561,-0.6308212699279796,1.8507963037712962,0.24140936102932797,-1.1551905837385648,0.751933501625636
1562,-0.3797939368786484,1.6203586234226415,0.06761287654040044,-0.9998228699034336,0.7406393690731093
1563,0.27220978073131435,0.8446892155195196,-0.2860561723113257,-0.4256268219732017,0.6294382091518211
1564,-0.9298821098415695,2.111553660994968,0.3754569787459096,-1.043951684193153,0.9397786427036763
1565,-0.9407369120559649,2.175891398461725,0.3437883871490059,-0.9857004226282254,0.9692434426823594
1566,-0.971582070941625,2.231043323284773,0.3533571583686358,-1.011778203729246,1.0153491548163138
1567,-0.15844621746888451,1.525240313107691,-0.03709168015170941,-0.5053343306572862,0.9890977289750499
1568,-0.9103726194960071,2.2377454246636934,0.35375847565306057,-1.0068151664600373,0.9744346931357076
1569,-0.9291433914849535,2.1874629402441994,0.34310570253281003,-1.0013429402909804,0.9739101030441614
1570,-0.9460413894517834,2.304038760700796,0.341611394442369,-0.9906801125055726,1.0165828570742967
1571,-0.504633683908635,2.3422944833946406,-0.24775500252723687,0.1838144600109238,-0.5227586649217362
1572,-0.6249724713303257,3.290928007821109,-0.5433515676919601,0.6914622664311881,-0.2349378850889995
1573,0.24012342691822283,1.9565690765368002,-0.6306149926118358,0.8336562618746322,-0.27406816994591704
1574,-0.7745902977581669,2.8427292910562736,-0.15018498722650464,0.11812650140515393,-0.4124885523500897
1575,-0.8048004825961725,2.811888741485908,-0.14887832831746506,0.057558595549360055,-0.467972816463761
1576,-0.7588304413460952,2.680560616302335,-0.13268282059171946,0.03857944845911377,-0.5047279845973359
1577,-0.5579075550310548,2.550002463973566,-0.2673901920836929,0.2553826549667629,-0.4711165078871055
1578,-0.6937845434904261,2.7916758528405596,-0.24193182905331387,0.18539364978293613,-0.42418689836637896
1579,-0.7927593953086804,2.8939352243819516,-0.1497290899263312,0.10332280324065246,-0.39902303882934614
1580,-0.7847097660351087,2.7800690998608655,-0.15888236858227947,0.12138350514181605,-0.4454135457002481
1581,-0.7870677089396848,2.758990622326211,-0.13395787314599314,0.07479317753722742,-0.47596713052481154
1582,-0.8492913557169945,2.720709950382923,-0.09578476366384528,-0.0026383413653711216,-0.5131271246938488
1583,-0.6719183680432473,2.645172388850126,-0.19657500077768944,0.17609501151858437,-0.4358814189205228
1584,-0.6793479685904861,2.8034250519408253,-0.21491011710275562,0.16264352718580682,-0.4150858991806524
1585,0.6776677693875798,1.7382155815655622,-1.0972848991295827,1.0773330037902455,-0.46567425521472045
1586,-0.7790181987743948,2.744545518709627,-0.14315956481972902,0.022053367656022293,-0.4913375822638004
1587,0.21894609391419154,2.438700670634474,-0.6539259953076229,0.8478259437673121,-0.07184065355811645
1588,-0.8875040584641564,2.935795265029657,-0.04612548959351921,-0.09007740759732437,-0.47847791735825196
1589,-0.8692400116591615,2.9220027628943273,-0.07334961309967011,-0.07306641259140242,-0.4851541993233062
1590,-0.6641395718560283,2.7515382163982283,-0.18697993646376498,0.06784865381032516,-0.45793671768768945
1591,-0.72489960750095,3.286750650820232,-0.41348556483541177,0.48719454488089625,-0.25817410142676717
1592,-0.9508788294872923,2.9077721138815518,-0.045107053589426974,0.02232975271123838,-0.4314816704674272
1593,-0.8828267392582605,2.791246973587325,-0.08526454687075856,0.010961053481293285,-0.46907236063271396
1594,-0.990363290252729,3.135495614267137,-0.06434361730360591,0.08836958347225982,-0.32127828380050427
1595,-0.9485626928167639,2.815629182967707,-0.022006813817224507,-0.04475989815120621,-0.463897497925759
1596,-0.9574864752006473,2.8597864789397422,-0.037814840062853836,-0.035372445078180076,-0.44694353135787057
1597,-0.9552680438294634,2.9479205405606246,-0.06310504568765224,-0.008495017973903092,-0.4246599823006103
1598,-0.9285075329795461,2.858706066979496,-0.07161635798798867,-0.005343016671433655,-0.44791443822856924
1599,-0.8689974505568423,2.9560022771557706,-0.11465979225476162,0.11564110026809593,-0.3470722865230357
1600,-0.9707684110042024,3.182470177667183,-0.11249330647777933,0.13892053115621136,-0.31831681649200766
1601,-0.5295147145246056,2.9712878628705814,-0.3167473536455485,0.3566201807754813,-0.20441200727869094
1602,-0.9424279766917564,2.983064404203534,-0.0667253407246538,-0.022435677813645374,-0.4064391197085153
1603,-0.8131285310220273,2.847838502294331,-0.13982539493494983,0.11332097125511949,-0.4202662047369851
1604,0.525653113601382,2.916616290454979,-1.0979004975433504,2.234994364812482,0.8052689544101974
1605,-0.9176769436473073,2.9231974808497796,-0.0801491128993466,-0.0218796857231646,-0.43297010743897485
1606,-0.910775794954735,2.8828075415702115,-0.0917307263207908,0.037809742569358755,-0.44754514080632485
1607,-0.9017242617467501,2.7766835674959167,-0.07383328483001256,-0.008273813827668034,-0.4918736932589373
1608,-0.9354067757866492,3.002772013128474,-0.13264778999243038,0.13100367940401403,-0.3740100185712143
1609,0.040325396110843306,2.517721127891632,-0.5541894999808565,0.7175512983774153,-0.10564349396060695
1610,-0.9556880175180169,2.9619766833531336,-0.08791054734059965,0.07376161481468084,-0.39461202399364187
1611,-0.972672386925414,3.290700331083523,-0.1604160933547282,0.18580189526796959,-0.3005370486523656
1612,-0.9337555489817977,2.897661804553524,-0.07318498824065461,0.02132325122681714,-0.42025732651623493
1613,-0.8183150540118074,2.6432652858128804,-0.1041827530474671,-0.006686859447502451,-0.5323178961484714
1614,-0.9387212635626438,2.9868179505869232,-0.09908239139440782,0.0765760618577662,-0.39984070006648315
1615,-0.8757212053322663,2.8829908499335284,-0.0968497324039162,0.04342416693141701,-0.3989952806925839
1616,-0.8166813526921392,2.6986255054686192,-0.11430277797961821,0.009449838317636737,-0.5052025646245176
1617,-0.9469243049411032,2.9528674443215794,-0.0799399068066804,0.0457934847337988,-0.4112739340119288
1618,-0.8704913849024225,2.7799263303719735,-0.08852620983000556,-0.01072305289742962,-0.4989509360265756
1619,0.1713392648995805,4.4494422740002175,-1.1983602049018778,3.483119519015084,2.0525950943422404
1620,-0.9434128181110967,2.9423794018055913,-0.05923789767809516,-0.03333387209593359,-0.4325566552168317
1621,-0.9496204096657861,2.8983521393709686,-0.0554828435890658,-0.03007435871302609,-0.44549953749545657
1622,-0.8985880957794646,2.92996691213411,-0.10226931585968523,0.050416283671267374,-0.431685408299814
1623,-0.9449778852075127,2.93478838678123,-0.06405474031208182,-0.018018862003956613,-0.4244602336151485
1624,-0.6700945451124919,2.551043326209408,-0.21498826317619985,0.06108955734227269,-0.5595016703110106
1625,-0.8954060790252303,2.9331276830311928,-0.08095803186444041,-0.04801674628139473,-0.4552454736167503
1626,-0.8441410513302996,2.8152528747757994,-0.07278919841982491,-0.07119526771094135,-0.5075447222625554
1627,-0.8342784795982219,2.859119677608494,-0.10852983836097731,-0.06027793357290991,-0.4865119255857326
1628,-0.8646700375806635,2.77884639682843,-0.06723543769964557,-0.1077326434881803,-0.5246333656803289
1629,-0.8903630467926784,2.8637964182302746,-0.07810144067946585,-0.04975052798545406,-0.48455513722127014
1630,-0.8558199643443949,2.79795537465668,-0.08066345227970889,-0.07679688804143772,-0.5061772234899194
1631,-0.8725959726519259,2.851683880870509,-0.09126270543134297,-0.015123353860232107,-0.47327490920563275
1632,-0.81703640196876,3.083357311472455,-0.25697070286062834,0.24513626797626656,-0.3653385015606586
1633,-0.859863785606295,2.8950881501807575,-0.11100997994402208,0.10929986308055872,-0.3830838944188331
1634,-0.5497889622220882,2.824400625003135,-0.3531956895306633,0.43310956968465264,-0.3021425860857525
1635,-0.7794548458570658,2.7563432060316755,-0.12911317981087506,0.07213939643050192,-0.4348656381584448
1636,-0.9237911608952053,2.848880205584195,-0.05934270583932355,0.02581795366393408,-0.4359797257261155
1637,-0.7529116203095542,2.7815835793069885,-0.17040134882233166,0.14549989285031772,-0.3965625636932788
1638,-0.9423644964233218,2.787533197649631,-0.03888019965708399,-0.018358900997672692,-0.4646513521695368
1639,-0.830632428243863,3.006831660275773,-0.16906382943900847,0.1899926295852689,-0.3333883035145066
1640,-0.8723905054805347,2.9463102943058024,-0.09040602374662916,0.06894897771260752,-0.34509680767102835
1641,-0.8381115830795988,2.8524813632606674,-0.1269584995054784,0.12917758661986845,-0.3621285057407669
1642,-0.8942761125620611,2.85965123134707,-0.08721837071461686,0.03222008003139013,-0.4434782848396308
1643,-0.9259265141123674,2.8131774042032935,-0.0662541384260345,0.010250672063938766,-0.45640277056585965
1644,-0.8293589145640092,2.743921068720261,-0.11018137482028291,0.050360754742040756,-0.4188976201766795
1645,-0.26088515394991446,2.625098712671707,-0.4292730888431535,0.4846993108703882,-0.21249200299616747
1646,-0.6989957125894228,2.935652368205596,-0.21475284153289653,0.28745427412596697,-0.24713741839536643
1647,-0.275352311737776,2.479378918116853,-0.39234724417151184,0.4767024045244262,-0.2705232808474532
1648,-0.926187193105946,2.924085353893465,-0.0654978735315452,0.018177433720934586,-0.3801607195899472
1649,-0.9176475724212247,2.8794421567059096,-0.08517647830307794,0.05388005436926517,-0.4219084079067702
1650,-0.9616446545833408,2.8488366013234327,-0.039951915187649324,-0.004550738573509605,-0.4387349123029592
1651,-0.7322653785606194,3.202791669103319,-0.333157614731202,0.39218945023929375,-0.21776157883786862
1652,-0.8046943731068774,2.6674446280035657,-0.10529324393817581,0.038596630866091684,-0.5028383651019408
1653,-0.6837363040983915,2.4919688284277366,-0.17640992620155013,0.04195787462147359,-0.5644057371020205
1654,-0.8699429053937066,2.8268624655882038,-0.06297618155894351,-0.07505278374470994,-0.501283808873346
1655,-0.9430670537082742,2.9866942950697717,-0.056521485659195896,-0.04481873452663395,-0.41758206423624844
1656,-0.6492202033222633,2.920299390968097,-0.40685766054252387,0.38184422064008783,-0.4193659509344673
1657,-0.883732440866447,2.9107943238427536,-0.0848906673353366,0.10007461060596548,-0.3631724485584132
1658,-0.7409991110999312,2.5831106309035494,-0.11384131402056494,0.07937437875213749,-0.496973032409659
1659,-0.9818223620742883,2.8812469812165356,-0.033553937665228906,-0.012985319397563207,-0.42069127820736246
1660,-0.6362682319597146,2.702170016262184,-0.2073349675178714,0.09141050622885881,-0.43645024565790097
1661,-0.691993681608402,2.851126083716668,-0.2952997297708914,0.3484337409636777,-0.3502627991240448
1662,-0.9278120993142714,2.9270554336125345,-0.05293078743038412,0.06933943301535396,-0.38945446218088525
1663,-1.0776913655437128,3.141294495023474,-0.03380965773353711,0.07727956046013484,-0.29636024680908724
1664,-0.4050962087842216,2.5705219358887286,-0.3343082705154451,0.41012364141379337,-0.27154240536318597
1665,-0.8895281757146827,2.897782064992547,-0.08481092851045646,0.08109718138804817,-0.3584919047998011
1666,-0.9771359140405301,2.880881067808196,-0.041958971542576176,0.042197063748659676,-0.42507013927409415
1667,-0.6426760591770273,2.7619820227447884,-0.22220706992608752,0.24300197891236724,-0.2983457543102081
1668,-0.8356042056324727,2.8569391746911377,-0.12710708269313978,0.12205929543316393,-0.3886784662838201
1669,-1.0003514748126505,2.975097784614227,-0.02861302356725973,-0.013784807122203702,-0.38396925490062034
1670,-1.071637854041487,3.203785106426028,-0.04534041521322489,0.08725643098183801,-0.2800562195915572
1671,-0.027471790553349883,2.638634670566222,-0.6078501719088742,0.7013728716671989,-0.1008186098656177
1672,-0.6572905817256901,2.4709319856294543,-0.23877748800252313,0.1299673848717666,-0.6327980146314751
1673,-1.0044126825689885,2.9093612012292014,-0.007507693909594406,0.004407339937956501,-0.4108312896705083
1674,-0.9916986252448192,2.8518423026347564,-0.011076381387575452,-0.0517934068263138,-0.44088742543496157
1675,-1.0634889043681335,3.0484823071306377,-0.0022444371202859394,0.02453846303737007,-0.3401313918138894
1676,-0.9838441962271527,2.9092402131279105,-0.02632824390650085,-0.026752419852103086,-0.4164100368584563
1677,-1.0386841067339798,2.993072878257897,-0.022532121245664283,0.018807861726861684,-0.36933186542711766
1678,-0.9752578334254223,2.7999656356643987,-0.02346353346716027,-0.01575708271589612,-0.45072855085095187
1679,-0.9955957977280556,2.8569755109327843,-0.016479423435447334,-0.01953904312721952,-0.4317380837880753
1680,-1.0339178937890392,2.9056723975351826,0.0036369184683699113,-0.031127407659392134,-0.4006544689545217
1681,-1.000697279914388,2.8272901360410443,-0.033236721524301606,0.02878424296775348,-0.404792681546062
1682,-0.9680923126813201,2.7822287224329685,-0.020695432399973627,-0.01010455933255567,-0.46590752092549315
1683,-1.0537338206475184,3.0084980358431306,-0.006470468959965442,0.03277786802099957,-0.34347334669251295
1684,-1.0339785727379354,2.955729789282047,-0.022651506437113715,0.049767689804047666,-0.35789739743180327
1685,-1.032105545311855,2.90981311596587,-0.029151830272150403,0.038073381086474914,-0.3983734724620203
1686,-0.9721888885695322,2.74975792307903,-0.015804691152061748,-0.027765502099442986,-0.4661346683579729
1687,-0.6497132403257426,2.5148533121589107,-0.20531691341039446,0.15445286061987573,-0.50221998123743
1688,-0.9878640658826632,2.8136943746541854,-0.025338821699459668,-0.017896463344449554,-0.4510196261549371
1689,-0.9579049876829105,2.7243796894052257,-0.026396158064571285,-0.009150618640579379,-0.48756254055697207
1690,-0.934278173688422,2.701173631437879,-0.04572166375723042,-0.017583756810069257,-0.5016160777777413
1691,-0.7250555143362147,2.5089313344932447,-0.14614459372284294,-0.05041893427290307,-0.5970602832004079
1692,-0.805015287314883,2.60066709718957,-0.08203056274159189,-0.10599314002281589,-0.5967723113847513
1693,-0.8481916708070957,2.809736739790116,-0.07879540591360719,-0.07685712247351932,-0.5010347273130882
1694,-0.8892377725258184,2.885762847884466,-0.06663674335275198,-0.0721415549667296,-0.47198914585208357
1695,-0.8319006030290809,2.6777059760108686,-0.09083859688647328,-0.08292578054231765,-0.5505769915349349
1696,-0.8611002876553675,2.8004830549464197,-0.07229468914846437,-0.06909324513955155,-0.5033040585110238
1697,-0.8772376753936784,2.7766224977624496,-0.06633428764222105,-0.10484726565982938,-0.5118846046429927
1698,-0.9537016685237006,3.0493459115397155,-0.0638716823269454,-0.02223142193646967,-0.4081812069380373
1699,-0.8420080598110422,2.744284648409722,-0.08143038685685904,-0.07665252580212693,-0.5374603725836551
1700,-0.674305035066861,2.640668649256082,-0.26835675509065987,0.1346249808865588,-0.5183097272721693
1701,-1.0079489143369165,2.908776729459638,0.011119682363829543,-0.007729626406772115,-0.42058191800666606
1702,-1.0092021665714985,3.004050300108168,-0.0359626157401668,0.024543842276935936,-0.38086195371502285
1703,-1.0544764681771257,2.993323808069593,0.007939713602294726,-0.03238654751577216,-0.38230846137680535
1704,-1.004575491303109,2.9285976232210236,-0.023957698174613486,-0.028180061590734953,-0.40783779889308874
1705,-0.9121860590281531,2.773343089938797,-0.055094857065267,-0.031676121298816855,-0.4796569956448428
1706,-0.7306585584777263,2.420149702796742,-0.12712929282722,0.06154424263814994,-0.5631376268031615
1707,-0.9500074586899253,2.8153937141357592,-0.02711134392614025,-0.042325223136171444,-0.4721711181725878
1708,-0.9257155743285163,2.806651893895138,-0.03650051724070887,-0.04791231327877778,-0.4798300221912152
1709,0.06499722494471218,1.9180078428776768,-0.638348502377271,0.6812909984540833,-0.4932449628881317
1710,-0.7864783430797119,2.834860091225611,-0.12900230468851043,0.01936817807184719,-0.5128940888093487
1711,-0.8165623582596696,2.495550644704372,0.24479432029037185,-0.9443895072654488,1.0588080524492232
1712,-0.955629273990205,2.7121820561486683,0.2975386362425798,-0.9503881473580643,1.148562959473755
1713,-0.8868978577591246,3.121698230327242,-0.16912108577045315,0.20801431858771632,-0.29016782774524746
1714,-0.9266830643800195,3.2104576845167823,-0.11619306808839645,0.10588535888931445,-0.30801984868805843
1715,-0.978087234805338,3.257013912910452,-0.10018363784451255,0.05964369929194184,-0.3165538642543949
1716,-0.9316768118381025,3.281476558864922,-0.14313797226381667,0.1539046395254547,-0.2633891316056038
1717,-0.9306751531953904,3.3773428922665873,-0.17350371690043218,0.22212253251010364,-0.23521135796353773
1718,-0.9864422222034868,3.328005394976253,-0.10094139704628476,0.09614931907508704,-0.27411142219679874
1719,-0.9640162736459774,3.29381615830142,-0.13408765594372854,0.10129713879241309,-0.30455630026695807
1720,-0.9235809963314743,3.040072836480216,-0.10987264279689568,0.0726357857645462,-0.39966546904398625
1721,-0.945240525457612,3.2204921743440655,-0.11923241168092644,0.1268937329606942,-0.29809287778168037
1722,-0.9057953272277104,3.0168669797501333,-0.11391433154337312,0.04645959794721457,-0.4005912066405823
1723,-0.7722542384219389,2.6731454238769197,-0.17077857488554246,0.10635861385551139,-0.5002341907629159
1724,-0.9585256966214477,3.171999589165822,-0.12469032055293494,0.20651075567446728,-0.2975932500095925
1725,-0.9076334630286252,3.008797486017383,-0.12239291991304654,0.17135465745017273,-0.33778303247542046
1726,-0.9657492857590775,2.925749986212011,-0.0501171129578815,0.04890190422438856,-0.37384559909989434
1727,-0.8163445189694667,2.901427299860543,-0.1798468546907735,0.23248187542286444,-0.35210343663568106
1728,-0.8646715731128013,2.850744277778268,-0.12290293386137323,0.19440576060346051,-0.3563154215605596
1729,-0.9599016567152717,3.0315387833106073,-0.09941896692872439,0.19831962263078326,-0.2941639201679829
1730,-0.778584644991263,2.787166147639931,-0.17324828684625898,0.18155655541947868,-0.4055451401197691
1731,-0.9346331374813069,2.9543849547269865,-0.10361364826357494,0.13156607122477945,-0.36557056917292297
1732,-1.028457401047245,3.1718439400153957,-0.11269660604430724,0.24208586751940364,-0.26625856780061175
1733,-0.7593881431793753,2.5754993238840056,-0.14340772504075902,0.13230410276966628,-0.4848132727726579
1734,-1.071480950037871,3.297398652305313,-0.10029123696649944,0.2618217909158243,-0.215330072982598
1735,-0.8993026016787494,2.851559456546625,-0.11510519094862182,0.17429350587247744,-0.3805266278225626
1736,-0.9170693884225926,2.8251756076245136,-0.0906657788176593,0.13482682118942957,-0.3941033215794586
1737,-0.9616390815217412,3.0190401508437588,-0.1294191337330771,0.24248024765785586,-0.3070510282614758
1738,0.1897935798442103,1.4731889063042942,-0.8563664689226578,0.6028601129524189,-0.7099879307287965
1739,-0.9423386729775463,2.758699621425916,0.06052380934017454,0.0501630339932843,-0.4641944101823946
1740,-1.0045876087772794,2.9006235407854613,-0.008406811289619414,0.03330773662449438,-0.37524220923284085
1741,-1.0350080225835367,2.8808530308102154,0.023715463047904416,-0.02213269520087731,-0.40293475024161796
1742,-1.007035494945225,2.849539133105184,-0.02097512945521082,0.043993989269365784,-0.39900719516314687
1743,-1.083834230372823,3.0293778621947123,0.033729460831239635,-0.014841720252031615,-0.3378426449751885
1744,-1.024544071621481,2.9521480051080706,-0.04735187814989584,0.049740432831548415,-0.35787474615637616
1745,-0.9756661322911608,3.0210878371397643,-0.04033749443610395,0.04602971958039296,-0.35843728115885976
1746,-0.8334198777644369,2.843458188195762,-0.19304582764026873,0.2394741835002834,-0.3656020710150596
1747,-1.1007079640223056,3.142197277232,0.008628179878576666,0.02238479049434473,-0.29435205971566347
1748,-1.0369252383578553,2.960971900850607,-0.02816548693565712,0.10600216674539914,-0.33870048844461775
1749,-1.0513984450706482,3.577297961038947,-0.22393879635214536,0.45640493009824035,-0.10349014502445984
1750,-1.1007808472698757,3.241835234638465,-0.024592446193557976,0.1267777430278846,-0.24356326703388848
1751,-1.0194834521821223,3.0709357758163556,-0.10065782615800276,0.13914035918670967,-0.2976203833334909
1752,-0.9245605893261536,2.819824620896571,-0.027278486498763983,0.0505886384306203,-0.40698365945925163
1753,-1.069664059949829,3.0180637282281744,0.0070020152622376625,0.05796906957758899,-0.3210161955559915
1754,-0.9797605397577152,2.8943023519712234,-0.03665466362635143,0.042761221420687584,-0.3947877766282743
1755,-1.0779544312960725,3.0366408482768072,-0.0022498849366892233,0.01843815654847316,-0.32951080577389147
1756,-0.9023996158282477,2.812279048136158,-0.09216478790317907,0.15885542516220638,-0.3618079633649501
1757,-1.0398944834576827,2.919908602139056,-0.012317756889799091,0.05565745410351541,-0.37933659825745464
1758,-1.0352016956271917,2.934553360653054,-0.03422389093664301,0.038947589969669266,-0.3460567362278146
1759,-1.0471785544374683,2.9808615349956833,0.008226475140520769,-0.011014566923370488,-0.36003664588289075
1760,-1.1054688632104148,3.064840468864865,0.013667416559700453,0.051687702363903874,-0.29990262982736593
1761,-0.9511128168414072,2.7294135556411034,-0.0700411214066634,0.07828533616057816,-0.44214459289886276
1762,-1.073278570917404,3.138025156288551,-0.012088184992186777,0.06338476939090887,-0.2691814701505148
1763,-1.1438987399048837,3.1890033512120737,0.01046528725185465,0.06162161476457841,-0.25613456718146943
1764,-1.0035961063374896,2.913789603149178,-0.03666001002607172,0.03744068997665727,-0.37463773966119046
1765,-1.0280664326697715,2.949527809152539,-0.014562975002778193,0.021769248632141608,-0.3596392951507358
1766,-1.145656626560937,3.200490590658456,0.018363837380495462,0.0643118332219473,-0.259226417604166
1767,-0.986573387473508,3.032784441947859,-0.0779712701546462,0.12554124273561976,-0.31131446702287735
1768,-1.1150721366756842,3.148243545040815,0.004025389218872383,0.05700429919387611,-0.2762488958484075
1769,-0.9009370427757672,2.8270038945497427,-0.10360442653598796,0.14325498373416087,-0.356359082373248
1770,-0.9800274920604015,2.9325560504473627,-0.035318532311052614,-0.04139100623653526,-0.41246330956208693
1771,-0.9976143589215694,3.0319055045303167,-0.05761989319927766,0.09880205090334654,-0.3517480896456456
1772,-0.8208744550405018,2.5799401279244427,-0.09911285704501847,0.0034768725816718958,-0.5256103128872778
1773,-0.9542067066089664,3.02275364141745,-0.07302802081527067,0.12673951526006863,-0.300757121454966
1774,-0.9931529423450611,2.900840536118156,-0.05019962402630046,0.019152738074151694,-0.4028571246275813
1775,-1.1657048687423976,3.2566249311123925,0.020014172992418314,0.030986954511999155,-0.23687564429638872
1776,-0.9969747037418828,2.9025033427020652,-0.03101653772644603,0.01958862070432001,-0.38678104093669585
1777,-1.0742852300420984,3.065985729306872,0.0024648554065911667,-0.017198748695826563,-0.3328662551038088
1778,-1.0192831744915622,2.983234892616631,-0.032000104173514614,0.06954693077500296,-0.33421848943915444
1779,-1.035545029854648,2.9693601940757905,-0.0033552005607006183,-0.04752714879435485,-0.38766364037320056
1780,-1.1088430147424913,3.19808118073218,0.003127006075555414,0.03919883145449018,-0.2745020833030513
1781,-0.7413677066316835,2.8995760994499262,-0.21371132073723087,0.24610519761985003,-0.26884907111776135
1782,-1.0333559151772385,3.3525613258041034,-0.10287551064922727,0.23296821219798816,-0.2138615534211447
1783,-1.046630041197416,3.0359974636507654,-0.02967917954902146,0.06351042785058303,-0.31660057380029977
1784,-1.1303473039338108,3.144752793837154,0.028418909119589945,0.012797594855142947,-0.29662888230146783
1785,-1.1439906708895673,3.3491693869366888,-0.03562738244314196,0.1541711719602409,-0.20748011508029823
1786,-1.0610803124036938,3.0713367980615596,-0.027308282949302556,0.04613009189431607,-0.32733590965504816
1787,-0.9272228120636754,3.039341624067998,-0.11489511229561444,0.09400181292382687,-0.29403782143622686
1788,-0.9631150711895514,3.0472721439366195,-0.05265199678433793,0.019837879982294457,-0.3683264684362322
1789,-1.098973674681635,3.210116680883364,0.00848341737170252,0.007644470013110809,-0.28702452419957786
1790,-1.078658544002691,3.142562083005763,-0.01724594212462921,0.04586147754629918,-0.3111887370916778
1791,-1.0519643123613607,3.061878016260202,-0.011351766871823077,-0.019219714603918213,-0.35878300504846095
1792,-0.7829033401362222,3.1249313716596454,-0.19474612112200948,0.24783384777322173,-0.17458511275284525
1793,-1.0931108485014247,3.0902658514830383,0.018520459490712855,-0.007359697914332588,-0.3325926718207213
1794,-1.166709614552123,3.3666825647596896,0.00994362512013669,0.07921361228808582,-0.18449761744176107
1795,-1.0506373249201948,2.935298712054201,-0.008521399508165953,0.025724743519445443,-0.37603211997436653
1796,0.16023299092193377,2.905935450222309,-0.8157258227437861,1.7370491143885514,0.5829837335331627
1797,-1.0056720704697195,2.8537821015086915,-0.001471651958389232,-0.02399757709866605,-0.422787805959901
1798,-0.991385239693599,2.7902757259819673,-0.010696876365705828,-0.009471515462986007,-0.4379547025689322
1799,-1.0333965662653193,3.0094312851479397,-0.020103947748267362,0.03597712410077324,-0.3308570269180862
1800,-0.9979550223599732,2.936073412042961,-0.024644334478446436,-0.0007570406564195017,-0.3856119991850788
1801,-0.9050015348254886,2.6942703407530244,-0.04990519771600865,-0.036460009050329874,-0.5016139199145642
1802,-0.9538496696029077,2.7578807945947945,-0.029693936641561804,-0.014593931051221067,-0.4639406615457958
1803,-1.0613921658595278,3.0236375668916966,0.001217043792410667,-0.006348598966199945,-0.34884970246559593
1804,-0.988611785994768,2.8150347194079344,-0.009097893795089547,-0.02544750377395512,-0.444201245511504
1805,-1.1125945047018109,3.1387524785040406,0.026164065606430507,-0.00026782878796376814,-0.3016531493263495
1806,-0.9620611463993575,2.713361093741668,-0.02502400572640896,-0.019711563034648587,-0.48460895974715673
1807,-0.9173265943487692,2.6834459820957846,-0.03739820269536865,-0.01873969216960775,-0.4791857229566888
1808,-0.9692809305163896,2.8230064493056304,-0.02678331460212,-0.021665509160594544,-0.4308178869580561
1809,-0.7813329851411162,2.7108907773750475,-0.2780092967096692,0.2654108672744681,-0.4293592445533204
1810,-1.041868187493679,2.8929950333969914,-0.008322966051314452,0.016616825689887954,-0.3863983941067831
1811,-1.0788600851069978,3.026081293402792,0.00953207029873228,0.04343840641305128,-0.3281739050592394
1812,-1.1114483179051906,3.0729370319050155,0.008812762157820508,0.08802163107216975,-0.28669514934802753
1813,-1.0466731175830526,2.8871559626033303,-0.022834637980650774,0.07560720007278171,-0.3818049865922271
1814,-1.0669624384922798,3.067719497065018,0.0017347254423599266,0.024407965533363944,-0.307545802227967
1815,-1.1440338155826368,3.3885523536856086,-0.0661380516194332,0.21203958723780755,-0.18182853766958887
1816,-0.9799252222563154,2.9624931898403974,-0.03737575567031616,0.04536843053447469,-0.36430394600255267
1817,-1.0170537896403944,3.0710047675963716,-0.025898067534807213,0.03197959250324411,-0.3543009181198387
1818,-0.9881541957203644,2.956647312058644,-0.03209254553674677,-0.013815412071452305,-0.40254810939135943
1819,-1.0765704032106747,3.184366981933573,-0.006892188226954094,-0.0011954946814836818,-0.2975325818893229
1820,-1.088680755227413,3.1720461573693113,-0.002122791509876446,0.01838402291959389,-0.28976574146926515
1821,-1.0387302926267625,3.134079194708861,-0.036775539222065584,0.048316470383647586,-0.32058819805152866
1822,-0.9313570189188203,2.99044645523753,-0.0680000477584253,0.07827287892965107,-0.3130266086813954
1823,-1.1502012733334221,3.2758055069841747,-0.001805130661582432,0.0816778545958414,-0.233203752551009
1824,-1.0621949369363963,2.9908821291487984,0.008832261596041918,0.02921800382666794,-0.34428008000190324
1825,-1.0566510509008125,3.114780736918413,-0.022599768266861994,0.04446875487178589,-0.2757775316895943
1826,-0.9968962009114409,2.9948263086541296,-0.03726220879804727,0.08365598962789123,-0.31096683927220864
1827,-1.0820716535157842,3.170595312774348,-0.018342651260405636,0.06775892074691163,-0.2878356775573883
1828,-1.100488832901806,3.187717793629857,-0.007033435740795053,0.017986821211849528,-0.2781451973407832
1829,-1.0765651365124698,3.082846717112201,-0.0032473550679803414,0.011923047248218419,-0.3207234040628404
1830,-0.6611509587084412,2.7648215931993803,-0.3605495920011302,0.3535263506104719,-0.3044791584183372
1831,-1.187305708224133,3.3534433267724517,0.053385249793621206,0.10661795670624045,-0.19453696874908766
1832,-1.098351313542246,3.0688973647405624,-0.04016867297753795,0.04682518610510388,-0.2988569112169926
1833,-1.0699723750398786,3.128833489049809,0.00441707670772822,0.11583076381267213,-0.2942841508122411
1834,-0.6991241232664023,2.8267202751307523,-0.3486501700287771,0.3356788072030355,-0.3280474443437851
1835,-1.0460616094744688,3.0721181733682332,0.019665676577678766,0.14862147525944885,-0.3035081152369316
1836,-1.1098776056996964,3.161431469919629,-0.0060734139950766675,0.11738551160643494,-0.25188961282674355
1837,-1.1224760409781063,3.087637267869895,0.012972126505688394,0.05611392634255573,-0.28872472828616463
1838,-1.007555002501014,3.037445506414033,-0.035016527885071,0.04498353596309543,-0.31916888612993316
1839,-0.9260603733145759,3.1303374020011923,-0.10732481365717854,0.17331661966134757,-0.28590650467903755
1840,-1.0664525830118756,3.2071397378653645,-0.0012919466210540144,0.005707155642508519,-0.28538123298708357
1841,-1.0592648326392893,3.108640994398296,-0.013143138139630205,0.021144892761565424,-0.3112367488385899
1842,-0.33259897110536596,2.312837497035698,-0.450470282292483,0.5195820859582714,-0.34831113651704276
1843,-1.056949438785028,3.0544790113799882,-0.006861110253734556,0.09031487181852149,-0.29000022148452625
1844,-1.0342044119528564,2.921669967306624,-0.04625178214199475,0.11404126214858754,-0.3441119254907656
1845,-0.8749985194212733,3.1050879901645914,-0.15105893791481662,0.3059482309078949,-0.14187029923230848
1846,-0.9112770947140164,3.015069461860261,-0.07749395150078807,0.13085617999831947,-0.3045410245115542
1847,-1.0070115623002736,3.041604985992948,-0.03411504844559638,0.019405263332348294,-0.3508023981462694
1848,-1.121627116155061,3.5535012698451367,-0.12284028637615686,0.26684417519398645,-0.13994243320606914
1849,-0.5526875768637616,3.111957808210447,-0.3514334611212267,0.6711391324024121,0.03967130654629773
1850,-0.9351068894408,3.1427816382627967,-0.1577818564595431,0.2110190333732321,-0.3118186746723487
1851,-0.7147624368808947,3.06023808686057,-0.20690017356401652,0.30839022558369683,-0.16612942038835526
1852,-0.40898829203099146,2.1086524747800373,-0.5100908378651425,0.6368685985439126,-0.49044053195111953
1853,-0.9754960173412456,2.779971439907902,-0.026410253297899932,0.2698625297913176,-0.29935426574541724
1854,-1.1899707857270583,2.9087879850479537,0.07544183301627881,0.11854467682393655,-0.32543207401851354
1855,-1.1913858516674405,2.9863157971917746,0.03844405510028036,0.1771728519035247,-0.2839195120837676
1856,-1.238627033345734,3.045166369083768,0.07974366839080547,0.12397201136353353,-0.24955422492256232
1857,-1.187808494160208,3.000475061850771,0.037534800576477616,0.14124893287608645,-0.2823224354091653
1858,-0.3467658262047005,3.3200722153975675,-0.6129628952098731,1.7224729788851914,0.7391855145776689
1859,-0.9909402451385013,2.7110840886396317,-0.052577547439646266,0.24024921695454207,-0.30946571483915053
1860,-0.9235064174197167,2.729841094753571,-0.102308146015446,0.2865791271627349,-0.26042990311985065
1861,-0.297056908767444,2.5933518243214664,-0.522712912343532,0.744910693212694,-0.22311366750943357
1862,-1.1657805983809322,3.1916504349723596,0.059093993423463845,0.08283535817619751,-0.2515659475702487
1863,-1.147271506975025,3.1190615115428626,0.02697242654858307,0.07749566810926053,-0.2650355273789223
1864,-1.2187112713040464,3.2134687230107986,0.053525903401575044,0.0707779196360258,-0.20942720878122753
1865,-1.1487161242929118,3.0849082990702943,0.033114656154225715,0.057320945511631215,-0.27982867925960686
1866,-1.2359116572684314,3.300601895110263,0.06790761059944297,0.047325138681061696,-0.19919497441371023
1867,-1.2166374377332891,3.3016228535841465,0.03458114014332312,0.1274433468591177,-0.1715301761392031
1868,-1.1236099170545775,3.0628912420035777,0.013273184841248665,0.09111533803665234,-0.25721719375744634
1869,-1.174419719889803,3.176114943103686,0.04056148511829358,0.08813943194903827,-0.23724217148877483
1870,-1.1704430364668745,3.1582074659332093,0.025640751250340328,0.11185849286338659,-0.21873805056388532
1871,-1.1822044818472164,3.1953315981904478,0.033140343356508985,0.0902971039135643,-0.20505359637280762
1872,-1.2176964260359144,3.2339824408151387,0.047993575264420565,0.10738908648982672,-0.20701670933584043
1873,-1.0847110708852357,2.971305233865349,0.0106935263558343,0.05385133720733177,-0.32713368926508507
1874,-1.146434212969204,3.076768099370607,0.015852989457631743,0.08154165758504867,-0.2620156039831145
1875,-1.138879617167406,3.1739545569967462,0.002089294609331071,0.16222548252909677,-0.20499663053720732
1876,-1.165871538770599,3.1751801032951734,0.022033223182824694,0.08078283501587019,-0.22518879072079512
1877,-1.2343766322266008,3.289141000134094,0.0477656376466942,0.1026635721925146,-0.18405595022240742
1878,-1.1932602233214347,3.2058855213450825,0.02785840799703228,0.14630232836591053,-0.20670849335159425
1879,-1.0597082746197237,3.1840436161702814,-0.06597475396350416,0.2223762030183469,-0.17253970592221343
1880,-1.1983070125494135,3.225568275174186,0.05517214849129501,0.06534081938913222,-0.22102318037881483
1881,-1.115298219676552,2.9753354391959386,3.306521987633377e-05,0.13102128688290177,-0.2908805056022178
1882,-1.1392228952701076,3.197725453574273,-0.0030173913334425265,0.1530508129454902,-0.18218425802096613
1883,-1.1842010457647496,3.1744148746693575,0.001223606920306934,0.14607394814596178,-0.21339894855085997
1884,-0.9667600883324187,3.083704886116228,-0.05547822914887924,0.08172398432283737,-0.3020281122971029
1885,-1.104594390074243,3.1867037914143035,0.002580828930014326,0.022377908028126187,-0.28360204359082675
1886,-1.0320142521703906,3.133596389784878,-0.11448994652606595,0.28192277657557696,-0.2052430187292391
1887,-1.2520263630353436,3.384461856401754,0.05045199467198897,0.09441203787306007,-0.14820474770352057
1888,-1.109986179718573,3.039347408807099,-8.59123059252835e-05,0.09100732562789117,-0.2885592972613928
1889,-1.2037744897504363,3.2253462021263593,0.02254591834124166,0.0872083694146465,-0.2181244402601756
1890,-1.2329341281223074,3.2673787896469646,0.05398207969251219,0.09492444944646791,-0.19241450718530306
1891,-1.0965429260786892,3.1040170431883403,-0.026307259130869846,0.14769229078795143,-0.24549524836151798
1892,-0.991047767022151,3.230193515000544,-0.10356461978862835,0.2048095671025165,-0.17511420842285352
1893,-0.7077571434371698,2.9867259770932626,-0.17156534939302429,0.25089982902062774,-0.22154848815570288
1894,-0.8951212714810235,2.7638648342467644,-0.1158885054507705,0.17354818657758866,-0.38411383971469154
1895,-1.131521848990929,3.3011017815418042,0.024813543345572408,0.043422806920226445,-0.23990950575382494
1896,-1.0919586739618992,3.162908021255369,-0.0015570831195977613,0.04122782211243702,-0.2900287176028968
1897,-1.0136733810458576,3.2472788102113994,-0.15433626709122553,0.2619990807030675,-0.2259755081646984
1898,-1.1799723444570407,3.265596917861263,0.015368122551701972,0.088365435592973,-0.20400257694964988
1899,-1.1600427063033991,3.175599526107356,0.0233873346819922,0.09664090382106932,-0.2423420001179112
1900,-1.1938185247821598,3.214776334076211,0.04608379220473584,0.035712827234484525,-0.22651322834498036
1901,-1.1303417254223467,3.1018335754053745,0.030475175290308666,0.053974304477548155,-0.2834364402189131
1902,-1.2081595062614106,3.331973108470343,0.02466294595299774,0.10108267495863138,-0.18812237636969648
1903,-1.2018942504024601,3.2195458595037114,0.03346011486504772,0.09041750347726733,-0.22948932174940512
1904,-1.1461273642707317,3.153770005816441,-0.020858391543472413,0.09500003862804601,-0.23665776614337272
1905,-1.0484739192895025,3.1345087301801837,0.002023064747603628,0.018633161367514618,-0.3106473900933926
1906,-1.118962284857676,3.3129319759610607,-0.01183943404603539,0.04936348461647272,-0.23064878496855995
1907,-0.8578004900000683,2.9087091866792063,-0.13886352480599046,0.13422731333318272,-0.32039108030579416
1908,-1.1162245064596497,3.075762635618529,0.04145749217638601,0.05073346249176193,-0.31143835708294915
1909,-1.163537663723753,3.156606678130881,0.03615000793137529,0.08381726133747958,-0.24751539143047946
1910,-1.0741569567095557,2.973357765687983,-0.019290528075765465,0.07948090887528128,-0.32769368343976724
1911,-1.2021877416706683,3.400052680789594,0.00717436090447838,0.11915784705786071,-0.15371804123955737
1912,-1.1916540953638,3.287925960324222,0.01387431587277764,0.12991042118348933,-0.19546333390854426
1913,-0.6964203222365365,2.7573887978847336,-0.2537471828869136,0.3136879064442738,-0.34700941541434704
1914,-1.1207069720259357,3.2989891245335277,0.003148157983833114,0.055627651484222516,-0.24853941626145235
1915,-1.1709667947347795,3.3183444175608314,-0.01115387465353959,0.10472632159951004,-0.18325444899446483
1916,-1.115173272174049,3.1280166337902724,-0.01275527269738125,0.09776461025866065,-0.27782548477928926
1917,-1.1514440754381725,3.1380652780979914,0.019861619372367044,0.06806108480208867,-0.2623411035846463
1918,-1.2350456604768347,3.322107767087499,0.05275085094681205,0.07806672469602705,-0.1871905836250711
1919,-0.9088809442838444,2.847840935692645,-0.07266568613760235,0.13873108652878513,-0.33336029170384296
1920,-0.7263590657098449,2.570277686835764,-0.1702492853997028,0.25752726070961574,-0.3868161626260786
1921,-1.1228022648049585,3.3374371645840335,-0.012895227426419376,0.10384925944139999,-0.21265030699402862
1922,-0.998721372914437,3.013229208291414,-0.02071873410198175,-0.02730604918219089,-0.377144033387748
1923,-1.1134529080253601,3.2658990726653436,-0.013856503621044205,0.056732915037069356,-0.24419187618598595
1924,-0.9703482243863695,2.860573044460648,-0.04766260285824961,-0.013580814225522294,-0.41399707578103545
1925,-1.0908157223226158,3.2557317967029817,-0.022605726663081808,0.06956348826092056,-0.24709658085155453
1926,-0.0721803467037776,2.571806199653034,-0.5539021683507316,0.8550902337187148,-0.010879697836578687
1927,-1.1131205906898303,3.127072585274405,-0.0018268804869346399,0.05772974439409327,-0.29529265211535954
1928,-0.8776516685513018,2.8263025785885527,-0.14869090142531316,0.21392013836525323,-0.3689023947913828
1929,-0.9698962699725412,2.7896827226066634,-0.028573036125282912,0.08782956745427394,-0.42824804026303104
1930,-1.0889070228789341,3.0326993877018897,0.022027336282333634,0.01738303658768384,-0.33730099523907514
1931,-1.018909815750065,2.9226035971220083,-0.013301690227310337,0.020259770183520803,-0.39038485396494355
1932,-0.9450680627878904,3.087211069553456,-0.17852050945437545,0.34598250550599613,-0.2801005344936598
1933,-0.9718336774831599,2.9445577647147645,-0.10912165055767549,0.14483838656690395,-0.3400402279553099
1934,-0.7193058626887321,2.6468248089432844,-0.13687225907838246,0.06706286509975162,-0.46597105971947744
1935,-0.9483967004208472,2.867841017766562,-0.023428501120357676,-0.041591781636965496,-0.4568349509719396
1936,-1.051400652912149,3.126476373164194,-0.0034107923025533953,-0.012118304935013688,-0.33224932704398424
1937,-0.9911107589132513,2.9156166897308675,-0.028801142653934388,0.008153107388124671,-0.3973920180285254
1938,-0.9739415311226273,2.9951057972910498,-0.13114831063265167,0.09037340139783138,-0.34200502202578187
1939,-0.9686612746793173,2.8719148882077055,-0.04116063882421437,0.09810949466306547,-0.35395263697032303
1940,-1.0674779035423656,2.9865382789886836,0.009984517751479497,0.042728876882016285,-0.34252029738645207
1941,-1.1752168065255308,3.252130862194388,0.04219153847493466,0.019374433603999548,-0.2412695881715164
1942,-1.001358089724085,2.7884753681727497,-0.017288425748485305,-0.012627923009513962,-0.43254973336970587
1943,-0.9746922702692297,2.7373307924521755,-0.011483618567719877,-0.03375201227623461,-0.4665019703499484
1944,-1.083271452129633,2.952846331793743,0.02404658007574135,0.00800142720773324,-0.3651065856687486
1945,-1.115132281038707,3.083824291609717,0.009733871021309471,0.050604477797568416,-0.3087310149038488
1946,-1.159767773541052,3.1415761681948067,0.035622951368274015,0.02860865186157563,-0.27954084839592774
1947,-1.158406998759218,3.2023027522229817,0.011422465196135817,0.06921744369323486,-0.25120066040127614
1948,-0.8893821837740478,2.9514722149833315,-0.09806989695896344,0.05713384935247992,-0.3627782957896068
1949,-1.0889656421582594,3.225000091164866,0.01474263870601392,0.005088075500481716,-0.2940393955393993
1950,-0.9959009851817817,2.9235922677172974,-0.0737291406081399,0.10841954523027193,-0.3772213545410623
1951,-1.007851506074234,3.2138363867747413,-0.07207838448214142,0.09564094018348356,-0.2252011838297923
1952,-1.1199520129117153,3.3668937023402448,0.036100718146587565,-0.03880865000640001,-0.25295031610260366
1953,-0.8989468657824717,3.16707651064669,-0.11390500090116261,0.1162327198935831,-0.27060515826661613
1954,-1.0566600513497006,3.1726274407981383,-0.0114423842901449,-0.028923739848547677,-0.3194070139977114
1955,-1.062219835924992,3.217490606630014,-0.012260035728665608,-0.03780670233519902,-0.3055860202875951
1956,-1.102850929692713,3.339587679285359,0.003861356705731658,-0.020128483820029155,-0.25107833285004716
1957,-1.0587427191637773,3.1711796453771344,-0.022572401265416254,-0.010071346967463734,-0.32057977339555693
1958,-1.0713628852181531,3.237408572288701,-0.010130537744492372,-0.017089331004842716,-0.2884432918271317
1959,-1.0781895760080729,3.2693871544919735,-0.01802682201196155,-0.009729789673167576,-0.2752041803809314
1960,-1.0926301577472886,3.2222963308147476,-0.02685867363254754,0.05341718338632675,-0.28063965819485603
1961,-1.0593733607964249,3.167256161368482,-0.020403973837707513,0.02113149979377869,-0.2993303492959299
1962,-1.1355091001055744,3.278866182966519,-0.010528831844984429,0.07143144230882151,-0.21788073555819182
1963,-1.1476059899103799,3.324223903478695,-0.010982020188719573,0.07078656423692051,-0.21541889043544293
1964,-0.6113044147701291,2.7227539621742842,-0.3150979299746338,0.3276004938442227,-0.3402904798167641
1965,-1.0180296673321463,3.097569519980546,-0.004079332955080831,0.021113080740351613,-0.34670785136799515
1966,-1.0158131656643263,2.979448971213563,-0.016184973440748412,-0.027586454908158173,-0.384680665873677
1967,-1.123631536511393,3.2906086213671837,0.011389644898896914,0.010752019476205623,-0.25068618979049323
1968,-1.0316365630998496,3.142711638555934,-0.021944323066184712,-0.0040020576342060694,-0.30839961411498806
1969,-1.1103154617041868,3.292054781726218,-0.003356698652460967,-0.008147585996221946,-0.270732625383735
1970,-1.0915763216034102,3.2255992929028823,-0.024301746865844576,0.06313680767769922,-0.2503449893774925
1971,-1.1321380598449449,3.3049901122703567,-0.0075964063318319005,0.031997675404310075,-0.2289980566177651
1972,-1.10301580170822,3.2150424684330514,0.007543471346670856,0.04158577738564797,-0.25999870056336233
1973,-1.0472989603978746,3.1338360819004256,-0.04055718095751415,0.0498091552150441,-0.3059605056736293
1974,-1.1387926544756313,3.325291780846715,0.020896754485830484,0.01648138086272691,-0.2373194095711162
1975,-1.146684742236042,3.3923854722991313,0.0025164877280369202,0.027973785277153607,-0.20260877765980906
1976,-1.0897695890188277,3.3186288388944347,-0.035347841579585815,0.08342189492301948,-0.21406335419254305
1977,-1.1158163333610474,3.2946805226100273,-0.017362463896371347,0.015186930736249804,-0.24478074566893743
1978,-1.1641099634889416,3.4017199301373484,-0.00027374616635318037,0.045912643982086734,-0.171086293054555
1979,-1.172431419223677,3.360086169045028,0.008784668270265259,0.10290603839672996,-0.17769941164536548
1980,-0.9638318331139368,3.089169136852242,-0.0690926076506898,0.19834575520368708,-0.23887576515295353
1981,-1.1856659202377988,3.3275940581224335,-0.0006299128642468016,0.07428832553944192,-0.20778793541930363
1982,-1.0196113134306333,2.90898467989529,-0.0340825062509079,0.02082024175870648,-0.3812715481705477
1983,-1.0429339037770307,3.1236625963712314,-0.04279991501998285,0.012877750238780043,-0.30828670717940265
1984,-0.47536316156742897,2.703638879389655,-0.3164773806357435,0.3764053370546853,-0.252156213728522
1985,-1.0976618092520758,3.0987448780565745,0.009912420046454528,0.028655189841389407,-0.3131872892587413
1986,-1.001844362360308,2.9683400474025485,-0.03307528749577092,0.05269212171028607,-0.3567833052007671
1987,-1.0994342960200183,3.198062237097757,0.009677081596492167,-0.003454871290615139,-0.3036596023050215
1988,-1.003134532240405,3.0781381172632627,-0.06036307251775101,0.04951177164855744,-0.3431429037360831
1989,-1.0362859179615982,3.0329774489830315,-0.009612299010149683,-0.016964255851335954,-0.36907603438943387
1990,-1.0907478167214735,3.1648322795183694,-0.021780248294645897,-0.0036650450419127636,-0.31209211054204544
1991,-1.0299686069299492,3.0994935484824286,-0.04899124101661702,0.0036998535528622524,-0.33303882545638724
1992,-1.1079559465203024,3.247306051000752,-0.007898869524756436,0.02078491490749544,-0.27278291218096895
1993,-0.7683956327129478,2.720405373980891,-0.215147285072864,0.1523739365592882,-0.4531611139491479
1994,0.2937849249431468,1.8078069066083295,-0.6664431385602868,0.8664956675309791,-0.5114221447282119
1995,-0.9557175415045601,2.9496133081412452,-0.07073717065193041,0.10515329844946937,-0.3773192369080844
1996,-0.9660639726058512,3.1464191916562827,-0.09990411570898663,0.20598687221600553,-0.2534496219731891
1997,-1.1304895228903857,3.41021423801972,-0.05552888714884796,0.15332424395216793,-0.1928537176077003
1998,-1.0447556648936642,2.946029565259414,0.26235201296205013,-0.7389933703072895,1.3403353652056582
1999,-0.9981537830392427,2.778261147187704,0.26041947772558033,-0.7834412328861912,1.2725280181667207
2000,-1.0935857735532626,3.4548395500984688,-0.09096481325262078,0.23004903308988886,-0.14599828000808532
2001,-1.1943887929646553,3.432008419686326,-0.0010401946684188556,0.11740027246106169,-0.1657457465059477
2002,-1.1182529855006003,3.376112445345613,-0.039422414487461414,0.0999509089292005,-0.20851929829437338
2003,-1.1804155206006386,3.3005963641017755,0.023535726326406096,0.05956285025992301,-0.2070863832618965
2004,-0.9699332266035545,3.096124649127104,-0.11258853256365921,0.22534188821890908,-0.2403083613815322
2005,-1.0270183907075143,3.2851945668968128,-0.0906523943095428,0.27593796477979016,-0.1244461753024282
2006,-0.9235325795329835,3.2081146847007913,-0.15062268546599442,0.28842033211371443,-0.1752357900455134
2007,-1.1656091383835165,3.434422337320144,-0.010688636317242392,0.11056007884188035,-0.1609651240522545
2008,-0.9359095244144251,3.2428406981329934,-0.20765598774742997,0.3822450922554138,-0.16338204788733318
2009,-1.1643061478368841,3.3503779587246796,-0.0044357976591226315,0.14225014636777886,-0.18645326223831463
2010,-1.1004565838407983,3.3327943219274156,-0.060513536713314296,0.16167154595706387,-0.1990692575152688
2011,-1.0118897766724182,3.117198455673912,-0.07708121062259064,0.21400942042134818,-0.23839163481838332
2012,-1.1612314669902561,3.3795328778832023,-0.045626250293609553,0.22281144960972946,-0.15803728127402364
2013,-0.771621429002806,3.004701277642214,-0.23232951087856635,0.33677459618406974,-0.2648501347071553
2014,-1.0140685908905969,3.3115118717339027,-0.10117458731533016,0.224609306485503,-0.15901480304129775
2015,-0.006974253936502782,2.6771184021944316,-0.6287507628998782,0.9418335713342163,0.047468234075296996
2016,-1.0857132621358048,3.335954139683637,-0.07482665449483027,0.2153703284757654,-0.17211941622110197
2017,-0.9101348433540659,3.297520307869208,-0.19923594192914812,0.38728276372353265,-0.13898334636722037
2018,-1.1895946685322631,3.5124395238756296,-0.021702742090111287,0.15317031602935366,-0.13553137968852721
2019,-0.9349696584922607,3.0258893345350244,-0.11963853185960856,0.2378190505499577,-0.27036830806037065
2020,-1.1414977510685917,3.088066653099112,0.026548186532875304,0.054723545577629144,-0.28703104618849634
2021,-1.163567391195571,3.401139311331128,-0.03867418952537865,0.18882860872427348,-0.16576648591949814
2022,-1.1870942565679299,3.5236562058077223,-0.04571480867745194,0.20230072098582697,-0.1094639594639256
2023,-0.40677828490890816,2.180286303839254,-0.3735839024663845,0.4633750961825886,-0.5025607991187399
2024,-1.1047297687836215,2.5791495630084498,0.045377956326208196,0.10233028180656967,-0.43449437354063136
2025,-0.5044533011368281,2.0509147839861677,-0.2691999816843812,0.5052379388835959,-0.4047464890265847
2026,-0.2565302610368952,1.9732983279579037,-0.3970702836749516,0.707354261223892,-0.3002759425985898
2027,-0.48311229837014585,2.505232389371979,-0.34049876121406875,0.7452525322014615,-0.0805173018133193
2028,0.916934078761061,-0.07121466417305647,-0.35818720277681565,0.07810956971126577,0.6490533948219687
2029,0.6873630570809016,-0.012818136247238508,-0.3395797707237371,-0.050562618991616265,0.6834707125325602
2030,0.8307904881853245,-0.0019240999597515537,-0.4247434281922504,-0.053265691627345735,0.656947706152161
2031,1.032169117298889,-0.3253179318090615,-0.12499710594829315,-0.03417714941290672,0.42307216309372175
2032,1.027101616736485,-0.40508307383740894,-0.24423531784256688,-0.16783005047117447,0.42144887535030995
2033,1.0757986216707285,-0.12611763413510357,-0.5013213517934915,-0.045363262807427154,0.5767748275019399
2034,0.9610323042338196,-0.3969671555081078,-0.2346216359706238,-0.07523459242074516,0.4422373546711887
2035,0.7627455909322174,-0.0037158415764555995,-0.24366635707620013,0.057255249197163405,0.6807644522712273
2036,0.5828527032986573,-0.04419535674573351,-0.14984200836283607,-0.08572268916575108,0.6108218960379073
2037,0.6325655510811893,-0.07712642017402338,-0.21954180033015447,-0.07245292280538405,0.626362039085259
2038,0.7133403203791966,0.16875977638976802,-0.3850503567879042,0.03380546049143648,0.7545213037447933
2039,0.6553222655813022,0.15771207908027252,-0.33182234708798924,-0.05774749584381713,0.7186969662069451
2040,0.7493971874628943,-0.1723664278044452,-0.2850070359971041,-0.02988081264658789,0.6434094280075948
2041,0.7482810075120356,0.049916622987348926,-0.22383712338908437,0.06613255122512528,0.6886738901273033
2042,0.8345851489473324,0.4993788841801605,-0.6933608150537311,1.1037684276522908,-0.804627280211933
2043,0.8224313397890425,0.7032208792602751,-0.7551859101375322,1.148699578195797,-0.7117812372018574
2044,0.9265616998795003,0.4478515116906958,-0.8296941974476609,1.1132446012349793,-0.7747141309755208
2045,0.714348767878725,0.572011420489305,-0.606417142214658,1.0571210470286434,-0.7782074671896212
2046,0.9858141228478644,0.2757303014544825,-0.9216803354761022,1.0196345247752472,-0.8346338108998409
2047,1.1853018791476526,0.06647955811594755,-0.9987701929919724,1.1102267539068071,-0.8253726595860037
2048,0.9745147057344736,0.15707044673829126,-0.7541211925583079,1.079374168191229,-0.8779037090910103
2049,0.8801616899315557,0.5059722961841424,-0.855211054483612,1.224309899861432,-0.6866285485172522
2050,0.945095940943121,0.5510597156675937,-0.9888668901740711,1.2089993758810218,-0.6753140766587771
2051,0.9964068013366211,0.36737616468622314,-0.7314743754447816,1.2261842343662304,-0.799616519100347
2052,0.9143669830365678,0.4153396316410462,-0.6862483273020571,1.1632410811865384,-0.818333754058391
2053,0.8492135054036658,0.4529550821610565,-0.7802949280002418,1.1561529160971777,-0.7597226054864422
2054,0.8324069010000922,0.3329100672465164,-0.8196724958856594,1.1030891157349887,-0.7705123161836726
2055,0.890225819811651,0.47132952584572135,-0.7354224068636624,1.1974523814998246,-0.7845902163098734
2056,0.8568179868238962,0.48499524763869334,-0.8266124498867395,1.1771157285986584,-0.740410616989091
2057,0.9411211448234538,0.367580953649049,-0.8564415796630225,1.19585871218085,-0.7706150071046443
2058,1.3162305843089928,-0.11422919191567334,-1.0399850544676563,1.1944624976609683,-0.8666038366919234
2059,1.487317024296551,0.025427931857258296,-1.5117671433154463,1.1439206557664163,-0.7745768718296407
2060,2.2599810131352056,-0.8787584142201277,-0.5570282371713255,1.2392217485237478,-1.5078725339436627
2061,2.1044486894417096,-0.395457962019408,-1.272865802637541,-0.07280114952414897,0.33440442590041436
2062,1.4948232936299248,-0.7480528104292894,-0.8224461069855036,-0.06624023219451824,0.4432296690151215
2063,1.6463690223813319,-0.08764031786187351,-1.0610582720625785,-0.1757325306739397,0.39398303681476177
2064,7.901029210755441,1.438490994499324,-5.668236657324117,-3.6860775006460083,0.9780750641374322
2065,4.53057396493756,-2.0015087020146756,2.000717735859741,1.8248391786289024,-0.40543064035689624
2066,2.1844127560221263,-1.5268075137021335,0.2638542154583067,0.19053124720833492,-0.31375854939077047
2067,5.920151684586062,2.1180193017665565,-2.5871898799573123,-1.7210820593219402,-0.007019304338732643
2068,1.9118525952557346,-0.790547005803628,-0.5943670348767448,-0.241258073742079,-0.011081857662890606
2069,2.822943850046654,-0.41345060506459613,-1.4935526963833867,-0.7815489685120338,-0.011161821239560629
2070,1.5175101492202185,-1.3121502949036166,0.5884603046769873,0.17887127662817864,-0.09716584685655795
2071,0.933836871237038,-0.7989452838818,0.15883810948797916,-0.037628390430506475,0.256442902049495
2072,0.8919309921125272,-0.7213689077875974,-0.03506288873149789,-0.0718666585871925,0.3795538953852161
2073,0.852289616752723,-0.6712132966834113,-0.04322414823968245,-0.12231591987098846,0.3727688472565267
2074,0.8990457265418056,-0.7101034781933643,-0.03973228054271307,-0.12220879204907585,0.34363845659217207
2075,0.8979165185616453,-0.764167222059787,-0.18072962411459662,-0.15210592721828267,0.39102822689061034
2076,2.306173190683292,-0.7578578040176841,-1.3582111939990658,-0.221310004881872,0.2524842154393546
2077,1.29054905941627,-0.34641381005880195,-0.2120638933054024,0.3559542663996703,0.3898570854098175
2078,2.300139654497893,0.6918270775867424,-1.80906700672226,-0.582336438008819,0.35194126446584517
2079,1.1265462091460643,-0.5680545797392973,-0.32040364036344426,-0.05798989481763037,0.43471628749313107
2080,1.0239870148190258,-0.5854652571101752,-0.30979099197676974,-0.1256033622898532,0.43778327666804157
2081,0.9840393484477556,-0.45574861753778373,-0.2960251409579733,-0.1506161465840567,0.44781761928981406
2082,0.9870460054576659,-0.5680259958588707,-0.3019507977424011,-0.13714686234804002,0.4419771952503176
2083,1.2325639942522901,-0.6504280844863867,-0.25135691320340137,-0.029911994103869646,0.3908247231724239
2084,1.1245743873588496,-0.523826139327152,-0.40902622160313945,-0.10242701658482316,0.46210593835735614
2085,1.09270281344245,-0.2657030233602284,-0.38264436289432524,-0.02246327517301199,0.5174207706544032
2086,0.9616549188070671,-0.2747891695859372,-0.43124431285091736,-0.11164233576859368,0.5445375786296724
2087,0.9067446820290265,0.03690929116216926,-0.4616323826109446,-0.005276860440106369,0.6398985478179776
2088,1.0049595789982222,-0.44239483696447085,-0.25927923620060583,-0.10977782593457061,0.4337158417861617
2089,1.014225831441141,-0.24099740095792554,-0.4561230328034078,-0.09195053325839708,0.5374286174680938
2090,1.1412730803583306,-0.19859272147858728,-0.530439514301275,0.0168901335055185,0.586080233237369
2091,1.1067578312813096,-0.5211961727243891,-0.4941177624952015,-0.0877826235747639,0.5002545377631995
2092,0.9680200939185498,-0.26224429625278584,-0.46568397520525706,-0.04640039225100649,0.5708418754119915
2093,1.3127651440813195,-0.3496852645706783,-0.6393153913316993,0.125356355082217,0.62156054100773
2094,1.9260536147776335,-0.6956595735435562,-0.753755458814518,0.28132859823969086,0.42312931017354666
2095,0.8839486301024538,0.264416731015421,-0.9983241592161742,0.9434395391670994,-0.8294775618345535
2096,1.004221843090925,0.5043184710295778,-0.7989380986063728,1.0588376228722143,-0.896356322831344
2097,2.0928642312316743,0.11551796294533125,-1.6098044451981266,0.8898390291333516,-1.122172679055173
2098,0.9137171651539528,-0.6561351579301898,-0.15177090329014833,0.1541302975063423,0.48508840238029777
2099,0.8811387285584881,-0.3811212967028972,-0.1672537261619584,0.02341978769641915,0.4761205324261403
2100,1.2981374523158757,-0.7993920948805809,-0.11516481731323752,0.007272627646597113,0.22706617559143186
2101,1.4089442075807672,-1.186032676426927,-0.2570651340852819,0.18723646426487467,0.32113623428997
2102,1.8901658544123918,-0.2823454511454764,-0.9380231456492686,-0.035048645598626374,0.34807649883159686
2103,0.6622193307922136,-0.6926062518654817,0.09103226373395074,0.01979703599123465,0.3640539782815717
2104,0.5920849101037311,-0.8971390022084391,-0.09385271174151735,-0.14913113688608598,0.4002959937845119
2105,0.5810278898674305,-0.774404172767478,-0.07249177403349513,-0.1025160205885998,0.4265347915979467
2106,0.6127795897882923,-0.9592142436658779,-0.1139600236989213,-0.1586357774262126,0.38453319141107983
2107,0.5736051874051988,-0.9490964634027259,0.02722491725912237,-0.1710283827991309,0.3437735352493912
2108,0.504797131826398,-0.8228448057972011,-0.09250437461158215,-0.10527346932153622,0.4648713356408353
2109,0.7106775168841221,0.15547610077662696,-0.7041172472296714,0.09050440386243942,0.7311281022423497
2110,1.04982425664349,-0.624110250822474,-0.16292777143504913,0.02851936595411757,0.40076663249708655
2111,0.8298681921174774,-0.623596580329655,-0.35516864257052827,-0.08354228951632255,0.5039247533728968
2112,0.7479275427662246,-0.7995909897752231,-0.1368423289629857,-0.0385011898148883,0.4471190283775713
2113,0.8221140833346682,-0.6494082467808248,-0.26035610387555796,0.14715080823215757,0.52869246458502
2114,4.981959439530699,2.1118462720236617,-2.691333987498921,-1.3549994458661603,0.07300651567762156
2115,1.2153585563631377,-0.5855613158519569,-0.3306560517259584,0.13236337676020868,0.47067970526889985
2116,1.2378697123795221,-0.45175170739203374,-0.4062414289967153,0.2427646836569534,0.5652956329377452
2117,1.1294544249026508,-0.912404245444864,-0.5197641475934119,0.017477585417691472,0.5398000481228457
2118,1.2822459070001628,-0.7205897373403528,-0.44762492286934047,0.1046455850300128,0.5012486318746395
2119,1.251941304633055,-0.9217686701908505,-0.21171609356772353,0.1285715599670696,0.40812007406470346
2120,1.1681453417104033,-0.7969809736795973,-0.4313234937481178,0.057540764163181934,0.48870460885477524
2121,1.2079491681080972,0.22130924940891666,-0.88734871945859,1.1918595537775145,-0.9078171127271847
2122,1.1688125700111245,0.42686329311520027,-1.0133444772362448,1.2668481544047663,-0.8323071223675594
2123,1.1910211583346328,0.29424230766381443,-0.8315869599804008,1.276699545289794,-0.8691152095418863
2124,1.170462862423926,0.13021207904491053,-1.1137475206210132,1.1950703675369552,-0.7835574001710494
2125,1.3881988575817972,1.7910919756230543,-1.5615717050950646,1.5940284711209842,-0.5163372590338413
2126,1.3116989512472428,0.1364306243290711,-0.7972691201057166,1.3575865908288083,-0.9288946911764352
2127,1.1397763282567897,0.32332545478802943,-0.8750607943479304,1.2977926865606273,-0.8258434779787714
2128,3.3713810034968996,0.4503961647889779,-1.7396932123878666,0.7591308345653116,-1.4304921880520374
2129,1.1460765731422045,0.17108209565055355,-0.9314527652696192,1.2402185424779761,-0.8751787991203981
2130,1.3612536915457434,0.09275046624502568,-1.0311827409030858,1.1977057414860328,-0.9344893143862697
2131,1.1353120785056965,0.007674130357986614,-0.958814299460683,1.0304209026386122,-0.9851642020916631
2132,1.1202453374455064,0.0035027248129333244,-0.5847505617555562,1.1845421025713125,-1.0592265535021492
2133,1.1319895541585352,0.14648710618408065,-0.8152150308267623,1.2569589857409744,-0.8945546660000657
2134,0.9851883232638771,0.22155943974804138,-0.9930045808020297,1.099797431744876,-0.8271940539233413
2135,2.0385199620213954,-0.16435848470554762,-0.7757063128261432,2.003457756399412,-0.8297584550206274
2136,0.7511277350131993,0.155160718939552,-1.221765855473879,0.9054604349209459,-0.7741764908144954
2137,0.7678888362531269,0.11116586553262414,-0.895418027512901,1.07583926330743,-0.8422024709895777
2138,0.7739433168310492,0.9269612701693629,-0.9619260708789491,1.3488351315749985,-0.6344918514314066
2139,0.8103092618922122,0.2630011906577698,-0.5294860006710809,1.1600940256562768,-0.9204211704222087
2140,1.3352105578568931,-0.518436146010218,-1.2284534180826552,0.8810835148027251,-1.085693249706051
2141,1.1114758325132836,-0.4519458957865647,-0.5095594201168098,1.0843361275817898,-1.1881286546613556
2142,1.202634520524203,-0.09785683766680463,-0.7566348417364186,1.2432305445275889,-1.0811558632369873
2143,0.9935290231694603,-0.09725986164255071,-0.875787187306654,1.256114643445435,-0.8844879006520386
2144,9.523259370308423,1.8787041101773165,-2.97883005946485,0.06566455752762783,-1.1560667992813813
2145,1.0962215213712092,-0.2153583479462172,-1.0294080152596592,1.093028026742924,-0.8735006107877701
2146,2.7434405489768316,-1.0252027771064631,-1.4817104936925853,1.4128433101082005,-1.058600548368263
2147,1.723478914211782,0.9642119411099677,-1.5021897558347292,1.3877634648515191,-0.8175137224321903
2148,1.2004981020209589,0.15672750901259105,-0.6339654093011499,1.289844934992181,-1.0130288616626504
2149,2.56361276615851,2.0107534802536238,-1.9461425560369454,0.8131514802242035,-1.0718439240774162
2150,2.878015924168049,0.16862910610237924,-2.114522122584341,1.5109169297389715,-0.8484153074639138
2151,2.0562308209102755,-0.7250782413090646,-0.704263087409036,1.3831348293970445,-1.2840842943920119
2152,2.2393856753612895,-0.8641409980617997,-1.486106985045056,1.5766790385170484,-0.814691031158408
2153,2.5736398728830303,-1.1281945782849263,-1.3372029206888854,1.5154565223849583,-0.9883988784801381
2154,3.65810659952218,-1.2239021056189114,-0.8937837765597633,1.8591895360207866,-1.2307694095727126
2155,3.4833307420405086,1.2977999693792923,-2.5865982241313543,-0.07856143574728092,-1.393938379216483
2156,1.896743437769906,-0.5992792603181789,-0.8817853711843715,1.273389266545054,-1.2049614378392246
2157,3.506645868342816,0.9691226102735252,-2.5659660464806513,0.7320272559038684,-1.1165562288589543
2158,1.1656243910608197,0.4447076603823759,-0.47197828195786423,1.241460798045166,-1.0149155691029876
2159,1.1102039832793023,0.7183786615740771,-0.755602483207432,1.376230622504008,-0.8470679275094769
2160,1.3075592819948,-0.2770823599247015,-1.0757624137559492,1.0908516034608278,-0.9607759115460612
2161,1.4568501170967123,0.1860164345391967,-1.1775169817600049,1.2370133819544649,-0.8926422702838406
2162,1.2761186009946182,0.04077312582694539,-0.9553738235213136,1.2275558503517565,-0.8707903680823533
2163,1.998034801107361,-0.33126129279459715,-1.2138063791767117,1.4843579032823337,-0.9403066647531507
2164,1.9553960711285656,-0.5176565415212251,-1.4369189717615576,1.5334426481078764,-0.7788054082525533
2165,1.992768822084504,-0.6182773435773273,-1.3440195469134735,1.3614868916542477,-0.9850542193059855
2166,2.58379562038206,-0.9073970569656864,-0.9487469776481514,1.6839460170072078,-1.1500493637788993
2167,1.3558127003867422,-0.17573018507882357,-1.0183487623782572,1.2662900775071377,-0.9308681851796156
2168,2.583228226056804,-0.5350791695310299,-1.4515451109775075,1.316423819169536,-1.144049551143198
2169,1.9030594582694207,-0.39710142956345384,-1.1339783962238659,1.3507515886225308,-1.0561671206469412
2170,1.0432819633114396,0.029943559033208243,-0.633939782207106,1.2034626848657788,-0.9944628546446606
2171,0.9410021811468027,0.10704081805588572,-0.8559217335427154,1.1786614782141644,-0.8554312568215817
2172,0.8524627166202744,0.15203360996917464,-0.9462430827156069,1.0452673758636641,-0.833953397535533
2173,0.9605944089939138,0.3519957526004342,-0.9281009331400465,1.071922203961808,-0.8560895601098403
2174,1.819400185275527,0.04560624570704789,-1.0887454539749002,1.471571121085992,-0.9367890497988856
2175,1.0096409087042457,-0.46427795797854804,-0.49703407827130686,1.0692214451631703,-1.07508246945251
2176,0.9693733999943372,0.21128324618394476,-0.9119946268447228,1.1679963945517635,-0.8409693204480682
2177,1.261541097710241,-0.002035660693018546,-0.7616033956580228,1.2200485270027144,-0.9976656465373068
2178,2.5424572203511664,-1.3103445674348155,-0.801068905804908,0.22626823839808408,0.2010631323034241
2179,1.083311871099699,-0.12384120503960178,-0.3130673697500162,0.08831265663482252,0.5830558150764455
2180,1.1396021678615607,-0.4410718444693546,-0.4130503689138646,0.09100360542183819,0.5864668012492862
2181,1.271712796824927,-0.5177870059529768,-0.32118602819400666,0.049982781170545366,0.4611462492806451
2182,1.0727591240394543,-0.3265980578078363,-0.38741020715405566,0.07445581705413969,0.5843912160068692
2183,1.1523582277694018,-0.033564596744301886,-0.30381894704966506,0.31053336975846774,0.6267800140185193
2184,0.9507272281633036,-0.5846404774249391,-0.10161619985614259,-0.021015564534233235,0.431219429936247
2185,1.0748395892567029,-0.5315432600567108,-0.29135391626695734,-0.001165002449118442,0.49752412187088235
2186,1.027432172095621,0.025151177998111823,-0.4597286613418187,0.21520382997686038,0.7261083407004559
2187,1.1346604093513113,0.4781664950596681,-0.8792098573638971,1.156322183551639,-0.7950132368743137
2188,1.2193204121567442,0.3759108263728977,-0.8022018740601274,1.2498611686693497,-0.8366339815469239
2189,1.2352351392995529,0.49088840333240463,-0.8893637247018026,1.2661011787158651,-0.8084943301915839
2190,1.4953422394665488,0.39983769900996496,-0.930607707887747,1.317059872370185,-0.884236439725712
2191,1.1716849792306727,0.44298368652085235,-0.9410258708867492,1.1591262772114972,-0.8251401453394237
2192,0.9956402069686837,0.5736170906199268,-0.8116521111331876,1.282531019845365,-0.7322211281924368
2193,1.4302873358340311,-0.23299336717563518,-0.6681500612729826,1.2249084732269009,-1.0713680001538144
2194,1.0616599420081831,0.44762135486963944,-0.884010742549531,1.2279391810171447,-0.7680528070492807
2195,1.2333923839225842,0.596634570089129,-0.9600930832217702,1.2986202060925496,-0.8125684785816186
2196,1.1523763133325378,0.3685986087637965,-1.1582944482049127,1.1281877940629768,-0.7371355630434168
2197,1.4838542308633873,0.12509635044757753,-1.0448282860600047,1.4542550823201337,-0.7447820001039401
2198,1.326890041634949,0.2812667538447338,-0.9097081604145422,1.3619864975889755,-0.8128924093514247
2199,1.4087659584616181,0.32525616402745855,-1.0022540653626,1.4019940955039973,-0.7769159632741304
2200,1.5059273169097518,0.3239748178721184,-1.2009972997845748,1.4865814799189447,-0.7014494824844961
2201,1.402828761812453,0.04186901125609397,-0.9898414233748236,1.4914526513435542,-0.7173708363292979
2202,1.3641866624850716,0.22308007811564845,-0.7951652422266685,1.4687612133273773,-0.8567352896403585
2203,1.3155525728947075,0.29313134330141066,-1.3272068524848126,1.1542609990776223,-0.7567769650544602
2204,1.2985461967895253,0.13117804477859474,-0.7926677588732256,1.4127277617986034,-0.8157359898622367
2205,1.3070641043646094,0.04410378314228827,-1.203361956110131,1.266809928057082,-0.7401113860916525
2206,1.3500396336499045,-0.04442229921241228,-0.9150197297081887,1.3639185464965675,-0.8122211112377783
2207,1.3517121022393959,0.354995299543021,-0.8141659457618446,1.5893456172077678,-0.7619839065486802
2208,1.6720896529718483,0.5791277046277877,-1.1070696763877694,1.7278961475135886,-0.7002482672919513
2209,1.3957227438747957,0.4433513513341711,-1.0436100384955327,1.4787685664624795,-0.7085873570192746
2210,1.9255966266656752,0.556361421901105,-1.5015411491968187,1.3280889194956291,-0.9125059631210172
2211,1.349199403084871,0.5076866798956267,-1.3190154431804624,1.4307369230614426,-0.6431912498251826
2212,1.5274678950313925,-0.1521750417435794,-0.8266387103981474,1.4279784654747951,-0.901688921749558
2213,1.6040676902640931,-0.10305778743700551,-1.0970094137208977,1.2801091176793427,-0.9581973168913276
2214,2.1523383122703548,-0.4145842790783182,-1.2947311271938242,1.4135398433083681,-1.0098832543981264
2215,3.161934775096991,-0.37173487580027054,-1.1384273117789718,1.279514749563727,-1.4315364401719504
2216,1.3760443498370336,0.5183536171018422,-1.4015766712205626,1.4675368767289745,-0.5692826660099314
2217,1.3403207670172281,0.08123004841418932,-1.057936588864417,1.3620116664108344,-0.745737250512573
2218,2.474707944438821,-0.42616726493410695,-1.1040617374551571,1.0843036287249652,-1.3927558676489935
2219,1.7289844981876974,-0.10750845828029085,-0.9123913131847744,1.343728207540544,-1.0591616539521316
2220,2.0343202355699663,-0.08309418063074188,-1.2782466170104227,1.3560887961335286,-1.022569223148078
2221,1.21394161537982,0.10469912518356497,-1.6402622053450602,0.963994799873799,-0.6548022267815329
2222,1.225994226870561,0.2785176005287057,-0.8948034510132676,1.2471814752711161,-0.821552257857615
2223,1.7075955418576456,0.30315986413009804,-1.1063562551209998,1.7200527269262331,-0.7578160988410345
2224,1.419560816013983,0.23989324648503463,-1.2915207062600296,1.474090650578479,-0.6447500888085328
2225,1.9775872130103287,0.05759308969337099,-1.4790462592131917,1.0371877579471427,-1.0798386202848873
2226,2.3475380837392454,-0.10001326429438073,-1.168605873799812,1.7861744001619955,-0.9079962483944434
2227,1.5666561369945606,0.6420505999538734,-1.3266013377651522,1.5656852895639857,-0.6561420385398042
2228,2.1982852128600587,0.7175713583228938,-1.3884733651766585,1.517756369692817,-0.9659808731711326
2229,1.1764616293195247,0.13370760562987624,-1.319822506823169,1.027161269639618,-0.7636046524604243
2230,2.037467851584361,-0.027623258092309998,-0.9188996771155604,1.1761710200302629,-1.2805878007745337
2231,2.5950817151299175,-0.06916200312896603,-1.185490618026637,1.6175785579036759,-1.1261146200971235
2232,2.506148794989479,-0.5168639913214408,-1.4533559664537983,1.4117940617698046,-1.0433956587276545
2233,1.667480122060445,0.09785215334315042,-1.3623117622655032,1.051974024317137,-0.9757017002685682
2234,1.1300846955674242,0.2656244754942164,-0.9696335904864957,1.233970126366865,-0.7471192260727146
2235,1.9966758790468755,0.4148654057200972,-0.9918743259512526,1.6912974756238066,-0.9478803493269622
2236,1.7586303130351622,0.5504432266546645,-1.2214284883687685,1.4973784342703795,-0.8290422678023244
2237,1.4333111575144701,0.18249874703213118,-0.9647954270125153,1.1716994500204663,-0.9333285897351615
2238,1.3367474585005865,0.31007194148825934,-1.052014690093674,1.2836273181144744,-0.7354535945088851
2239,1.3056886244402952,0.1537131539951317,-1.0646135812809463,1.2717752208368962,-0.748076981081312
2240,1.3908515247176805,0.3468013777065441,-1.1768451880498259,1.2312894198235975,-0.8514408718957169
2241,1.7263277572070472,0.160904010974878,-0.8057273503913,1.5478216841501025,-0.9384963555369459
2242,1.881247373367562,-0.17580908614707197,-0.9724454418773179,1.1774545378909667,-1.2056010070742182
2243,2.7942555712957446,-0.19160772466575374,-2.223122267462209,-0.45297162496344456,0.47318702654697853
2244,3.2692122894794267,-1.6749451301810605,0.36315513883427497,0.9329038724283475,-0.07803612562412873
2245,4.496502490417059,-1.0295488225345975,0.18469174579101755,0.03294104272015386,-0.7272927614848748
2246,1.207804258564495,-0.5313562107895711,-1.0489175078496762,0.3405196212290487,0.847182539409358
2247,1.0839411968081556,-1.0488893706687334,-0.6673593290233298,0.19714865880688923,0.6918848764622579
2248,1.7033115577360716,-1.0330986516875869,-1.2041499055728149,-0.36260012891196536,0.3081588043920287
2249,1.0568179300209721,-1.267988218360699,-0.4244287713319528,0.13038926903218448,0.5258939176701133
2250,0.9891805079358778,-1.0254783142577804,-0.5615784882141794,0.13740446596223432,0.6238156553549976
2251,4.58277604385655,-0.553697655449064,-3.414245553916146,-0.9582563057377417,0.5672962240843538
2252,1.9326454398112367,-0.9605746701688296,0.1344593422772658,0.3069413016166458,0.05816748728572183
2253,1.4476890392500905,-0.5194664878277264,-0.5508097322001122,0.15391358860518478,0.5498565035580009
2254,1.423515957047341,-0.8019340431322566,-0.44590407898972506,0.05720836619154068,0.446789708442823
2255,1.4050014758471103,-0.7241367552970986,-0.5128925788400097,0.010509574515530338,0.46495475175029644
2256,1.3747184325453556,-0.6338831506534438,-0.2912643074619037,0.1313349460132047,0.44118681600399173
2257,1.8870454127607847,-0.6751113049469262,-0.491632468781848,0.3742785711938406,0.47545985281571407
2258,1.7075587684625078,-0.6668261453083929,-0.5986149204109692,0.05114810900368233,0.44641532675394224
2259,1.7189376742332378,-0.45845064750733217,-0.40932253629303994,0.17544958709626834,0.42495472356833724
2260,1.6314731157082947,-0.3369352189726896,-0.4885121075566724,0.10834965042528193,0.47226016087949496
2261,1.6551523536235226,-0.23133635280523396,-0.6077005991773899,0.11026182860048907,0.5199765508230529
2262,1.7734356571109129,-0.05306016526471389,-0.6041391855000091,0.1791770639486022,0.516507678450984
2263,1.734024805567983,-0.1064313346233096,-0.6875647263862608,0.16866556021176593,0.5368421364584781
2264,2.2848781218824126,-0.6755104605738773,-0.6973970322656963,0.3665919239739173,0.46169726181707255
2265,2.001643924290456,-1.4355980951171154,-0.9166574325083885,-0.22720664045631547,0.16362853229460805
2266,1.3592049720809107,-0.008329976183571371,-0.80097283036323,1.279115413938272,-0.931439397617455
2267,1.2879685588022203,-0.7726258454793865,-0.3608246594210669,0.14241591418276875,0.48681126467292696
2268,1.70105134071308,-0.8332296350471535,-0.843021107991993,0.1899229876527794,0.49623078351330036
2269,1.3439905737472744,-0.6098757481619881,-0.3566649216586257,0.2985229783708985,0.5472200774791182
2270,1.4204832571040562,-0.65896432738143,-0.3764398587692898,0.24054574665214495,0.5062369525627229
2271,1.5072525098008733,-0.4842965221585341,-0.5013049055199256,0.3751998413067829,0.5906432933236876
2272,1.3580729083598528,-0.7863293963618726,-0.5284060484854429,0.326932658310906,0.6266834531942465
2273,1.4446341552062878,-0.6721006565508961,-0.329979218268546,0.292540775213208,0.49758172820603286
2274,1.39321116314693,-0.9057273775916403,-0.3744140635687049,0.19556623745394283,0.4723410292267663
2275,1.4854845415687128,-0.1282833252136086,-0.5880529863737491,0.47084252407407784,0.6866022145428146
2276,1.3261051942650075,-0.9692198613722894,-0.3213377163499554,0.19627424831279341,0.4682884948346474
2277,1.903688071021617,-0.4185019099937774,-0.8661405037211347,1.5150656818366848,-0.9740878698287203
2278,1.4168210401026549,0.3540180208235631,-0.9886369645080376,1.1785994254445573,-0.910066612714477
2279,1.2204314504492209,-0.1597784717248342,-0.8494676236675787,1.1412730406381781,-0.9137682033068817
2280,1.2098006435917612,0.3615844227783266,-0.9192509710587027,1.3211435356975645,-0.8298593837789748
2281,1.1750167905437012,0.1873409222462051,-0.9219314012192217,1.24830835101064,-0.795304348239891
2282,1.229690117034054,0.021489847841709948,-0.7782743568186947,1.3145379126684646,-0.8991072699115482
2283,0.9487701910624217,-0.34093649525336306,-0.6880282690806502,1.112595550781012,-0.9382430361836349
2284,1.108685728527811,0.15062662406756633,-0.8061924867694685,1.3140481100752959,-0.803184332955677
2285,1.47404558478335,0.558925624833782,-1.147639983141652,1.3487306748932022,-0.8281876646628598
2286,1.173855533035929,-0.10942380400039249,-0.8499571812145302,1.279436329264375,-0.8476862486311725
2287,1.1758310351291468,0.34968483089691754,-1.0378233685925444,1.4159547919756137,-0.6687533617993684
2288,1.5465920934537216,0.3871680915143504,-1.26923450749578,1.3288631526848549,-0.7900058879922164
2289,1.416509436709127,0.6566959915892326,-0.8653537601796074,1.4677479142732073,-0.8129494630670232
2290,1.452471494555518,0.7739124022110713,-1.118297130352274,1.437615462637598,-0.699159758084183
2291,1.3775295210442602,0.48950442830987456,-0.9145752921158411,1.2674069588648842,-0.8524948373964121
2292,1.2744208984792782,0.5715695304392884,-0.8939787417188262,1.380530011293286,-0.7580648721908718
2293,1.3071061705113955,0.4688769612698809,-0.5199510210057086,1.4291708749007472,-0.9015964579452372
2294,1.1436533971893967,0.7813890135214173,-0.7696463378302347,1.1753591735144029,-0.8342848687135224
2295,1.1337784940570799,0.011574771044842535,-0.7296333015741996,0.9767614079674303,-1.0016076241468734
2296,1.3268705322053,0.5501470557450076,-0.8290729554231501,1.1482952623826574,-0.9330354291066416
2297,1.3725147040179093,0.4961886975182581,-0.5653430866252432,1.2491221405072066,-1.0451654953624103
2298,1.0849977414027259,0.4321762608051652,-0.7096704599915996,0.15285551024016883,0.770101052324998
2299,0.938928523248934,0.07967971895471587,-0.5132777329989114,-0.003989920475298397,0.6349767498502686
2300,1.480898071005801,-0.1257627329619302,-1.1888270140155088,-0.2141389916788239,0.5554952061911629
2301,1.7057356392343972,-0.1863480741004414,-0.49765649153069375,1.619470079874395,-1.0311883593006834
2302,0.9828835236366767,0.922125808013692,-0.4290305978030544,1.4513594295223466,-0.8289918659900057
2303,0.8945137850380748,0.5873216618414568,-0.47039472151038675,1.408599265108883,-0.791456507414234
2304,1.0309109278720108,0.8254782510628308,-0.760515961190906,1.3667914713881482,-0.733913985467165
2305,1.013994493933061,0.7193752991765496,-0.62814176249342,1.3637716844466008,-0.7984775829807672
2306,1.217033575593746,0.3498620457960304,-0.7456601914007597,1.244916536109196,-0.9306668779741508
2307,1.085411481998061,0.48842135657663227,-0.5918355787864752,1.472791516347095,-0.8129988122112376
2308,1.1327854803971256,0.5858342969250464,-0.7886298580280916,1.5111143183061326,-0.6929806119540497
2309,1.1448141361380832,0.28152079868759894,-0.5675361939691316,1.3303094055279243,-0.9180754934739525
2310,1.0585441232331974,1.1700555563558495,-0.8690691613618148,1.5374747268659048,-0.614415635306182
2311,1.2623153702734855,0.5131052003980203,-0.7601206434280989,1.39512730315045,-0.8225441897366603
2312,1.0135104172014366,0.6810034680556246,-0.8647906449639008,1.3573927663338596,-0.6736134914213466
2313,1.1682192395222748,0.5157989684858383,-0.7495822467017955,1.3340092886693915,-0.7970858649451712
2314,1.1105664408557483,0.5565588644157756,-0.687088806965599,1.470435002161261,-0.7836807971333776
2315,1.1136937258169615,0.5092563980900714,-0.794687248051081,1.424182413110342,-0.7466391878935573
2316,1.054065040516101,0.6837835413726808,-0.6852883256694394,1.3874228844074572,-0.7483509947835737
2317,0.939114250251169,0.5545071743805293,-0.8480919057883899,1.46098998195995,-0.6076543406793915
2318,1.0534849805300877,0.5682003968543226,-0.8201735003752747,1.347897705732442,-0.7140581694923667
2319,1.08626188206441,0.655522857238204,-0.8408402660450259,1.5198501608905508,-0.6154380334945716
2320,1.0941601046960934,0.6317366058078835,-0.8294079619638381,1.4586289457033237,-0.6636395037815647
2321,2.7474699619384424,1.0978950707583606,-1.7888575556719077,0.8640320491588072,-1.1755950671181514
2322,1.2349103637957286,-0.4288292999665234,-0.4552379520842985,0.060537153456605645,0.5907967551005683
2323,1.1554258653947416,-0.11862989545749873,-0.43629734774062806,0.13632157522185012,0.6793885344207482
2324,1.3219865013990608,0.634633673477908,-1.3786425741734412,1.0526912048508688,-0.9002257684248721
2325,1.481022958318936,0.34855663245188073,-0.7924657040970359,1.5538769367145433,-0.8996485686958243
2326,0.9443865902057965,0.2229064457836035,-0.9020440097112458,1.144044896054973,-0.7138981677555697
2327,0.9266259733961758,0.5045824847296585,-1.0305102617363926,1.1137565329559664,-0.6622149000674343
2328,0.9337263690572756,1.0581169145085376,-0.6918488689500303,1.3591940479699045,-0.8287775727653814
2329,2.0820202160453243,0.6972188360279362,-1.8145157963829368,0.7886620659206595,-1.051044471281922
2330,1.0902472588706427,-0.0900648994794146,-0.3401341711731582,1.313085544011016,-1.0465303834732196
2331,0.6413165615319292,0.33217053878839614,-0.5668694989870846,1.2288876987357187,-0.7890680252350524
2332,1.3436181607594744,0.5009226747713339,-1.043289806946865,1.1116680249004744,-0.9470297107965114
2333,4.447372992572115,2.219424344819296,-4.389480474627105,-0.9288976280205667,-1.036779678332939
2334,2.997664697522977,-1.1720467998594573,0.7691272927708476,2.010398830768774,-1.9083609230259222
2335,1.2532830415142215,2.9722615335984575,-1.3628879810302288,1.2251440858072178,-0.6272691391619615
2336,3.4802403805357844,1.1478527185346192,-1.8876850788848882,1.024851586256668,-1.2742871635639417
2337,0.8838427878480623,0.9279378963096483,-0.5205076593888852,1.579114254963251,-0.710779703213248
2338,0.7879567418465045,0.6031143104669906,-0.652729667948615,1.3614604358516411,-0.7018579354315864
2339,2.9962845872503494,2.067722648706453,-3.0349812618048406,0.04844001389190634,-1.0317079802379705
2340,1.354494267261425,0.5215753071004315,-0.7080179259291682,1.3077782140516188,-0.8693483612533957
2341,2.7531651262817864,2.0651626151590086,-1.7430919030935579,1.3604011306602632,-0.9558802859717253
2342,1.2724884782442367,0.16213737618218216,-0.5115198945455108,1.2940039320252843,-0.9859960488338828
2343,0.7371252126925312,0.47353760755812463,-0.6147363759107103,1.1714192944624293,-0.7849403052422574
2344,0.5536653546785916,0.5028527890114831,-0.5377349891660189,1.1374390838822719,-0.7638507637159552
2345,1.365501096808608,1.0761217293824517,-1.3212901340978516,1.1725880573303566,-0.8380020417576971
2346,0.44289503462988994,1.2930200372642024,-0.6000577498765115,1.3778087979532554,-0.5641142291512632
2347,0.6795435700382597,0.7694886197121376,-0.4677889503476653,1.3291426111171518,-0.7625062566691685
2348,2.5470380009958205,1.4194484149277529,-1.9531786178656667,0.7056314268588517,-1.1666642449991063
2349,2.5227581227673967,1.2932806851467684,-2.577580931705558,0.8019005128050368,-0.8204270202228082
2350,1.2647748060923583,0.4066349733789136,-0.5974699374585051,1.3020341206498933,-0.9055612580217248
2351,1.4191683989186266,0.2259225081221022,-0.5332880776721685,1.7200452682198732,-0.8208021959908853
2352,0.5955282914740553,1.008372948837113,-0.6194401241491387,1.3215956537976519,-0.6332585144805679
2353,1.869724593095671,1.000839015786395,-2.0796225185060533,0.9454217353089858,-0.7325145786610225
2354,1.2137955852406601,0.7128653242892063,-0.5975932408333632,1.3853442069940292,-0.8101292727808673
2355,1.4036746636068114,1.0430682380027396,-1.0187963218887988,1.3040056339213022,-0.7919713429234545
2356,1.0416982284214271,0.6023201466136013,-0.4852488652173873,1.0813379363513913,-1.0232871721700458
2357,2.1536566071554475,-0.0735740651078894,-0.882356902792405,1.3445734284973707,-1.2260737670060906
2358,0.6965839304686825,1.0428915642369538,-0.767783911598014,1.1696825505727437,-0.5931490721095766
2359,0.5623768953610309,1.2309263399335637,-0.7691853845423452,1.232190646034977,-0.48180438284698696
2360,0.5202191726754658,1.1737242759502025,-0.7297636714998461,1.312115739728835,-0.4644716076134863
2361,0.8687913418862605,0.957796914422145,-0.7365172622637234,1.454990511083997,-0.5439447942044363
2362,0.8225884110554159,1.0557873719236857,-0.6770009392200961,1.419383810623077,-0.5695305840935221
2363,0.8419967719577974,0.40844302658639037,-0.616608631928563,1.214517650854193,-0.7481258457675625
2364,0.7186795875563098,1.164671495663457,-0.8198535468570562,1.3903997108075914,-0.4622764918182457
2365,1.1464012698251416,0.34594964539699086,-1.0167304209697117,0.9199848551481794,-0.9017649446083446
2366,1.124971734125508,-0.5078635043846345,-0.6936808640102203,-0.11366166371361573,0.5880999031107942
2367,1.2440002612366972,0.38588558857584654,-1.3351817342042904,1.0797852275188136,-0.7518711468925445
2368,0.8723648820484898,-0.1855508490504849,-0.5789531737985602,0.047004481700899145,0.7782277457861482
2369,1.4239617436831546,0.6504332020246281,-0.9998087956732937,1.4796972898459522,-0.6581524421541115
2370,1.0013678332288924,0.6982959881412011,-0.45610569869337786,1.202678570155589,-0.8717601531490111
2371,0.8574029231312529,0.9943674258611946,-0.7452404005573359,1.1176112451866735,-0.6376888838126373
2372,0.7576468788742593,0.8029238193193646,-0.6080586541340681,0.9938815905452631,-0.762885939284238
2373,1.30418376198764,0.7534873428945191,-1.252740780511768,0.9569344048266173,-0.9068752156341761
2374,1.2186233137257174,0.7677959280783931,-0.28786219638746435,1.297928390337666,-1.0033645707381853
2375,1.063157466511669,0.2063635647173385,-0.48702786162406725,1.0926864437444286,-1.0051639309912233
2376,0.7103952760925438,1.4785131406700085,-0.9547350923772995,1.0793547005077535,-0.4919308723453954
2377,0.8587463055404274,-0.2111836709475397,-0.20836338069788973,-0.013832367702664192,0.5790982705914166
2378,1.0270034530326415,-0.31719247527890154,-0.29772328050942387,-0.016030876352620065,0.5172917759711531
2379,0.9535306787700037,-0.0472400987578436,-0.20992504415112626,0.1372977269767649,0.6002145168169021
2380,1.7148880817531806,-0.8346961450306645,-0.3534668241184515,0.17539605260938668,0.28298727753814257
2381,1.1313708638570092,0.460701258678892,-0.7778818146567162,1.1674351424473666,-0.8704003974820191
2382,7.652188004503754,0.9296070552039745,-3.3934440492480857,-1.0879783596241035,0.31847845696248994
2383,1.617065128948927,-0.843399541398962,-0.5482730417453102,0.2917895826191591,0.5951819953365487
2384,1.5634724635201234,-0.8087377495070438,-0.36265552818108987,0.3183703776588946,0.5606161024026431
2385,1.6745923864187047,-0.9615282854785419,-0.4591874856554972,0.2409015048618036,0.4950014436220518
2386,1.7792999613020086,-0.8950148847375451,-0.5578270801540074,0.17740824242721107,0.4633467942422451
2387,1.911342521897126,-0.5696272070327034,-0.5273756220555025,0.17996524232934927,0.38407859573528147
2388,1.8452822941396665,-0.3513908326389356,-0.7318831618775602,0.2579886116412739,0.5355421105252008
2389,1.8584266890019725,-0.5294911754507073,-0.41642639454068736,0.30692200666626757,0.44032901372385674
2390,2.2473411135685453,0.3316917535138801,-1.5507031990677276,1.50839770539574,-0.726139297347346
2391,1.3828695607623613,-0.23260786768141703,-0.4531654182460509,0.20649217223131286,0.6006502659378448
2392,2.278493951574929,-0.34602674254865307,-0.947803483313125,0.529904627900736,0.58221797195282
2393,0.9190338021701017,0.840177165008173,-0.8974978318541114,0.9729912465712676,-0.7446991573637146
2394,0.6864607435542032,0.9268037252900387,-0.5483740270756797,1.150303406581373,-0.6831327124997634
2395,0.5521144730471054,0.9064880936509895,-0.704486341414665,0.9993236719961163,-0.6518884837083453
2396,0.6774855262832283,-0.07727925766354668,-0.1413816676642065,-0.06483142409962514,0.6393955524044994
2397,0.7688769398538488,-0.31159682026557983,-0.19856448245186054,-0.06367475155878903,0.593545957218581
2398,0.8705213657272769,-0.27800108551079233,-0.1892599481717714,0.0003148229422944723,0.5812289120030699
2399,0.8238252795736183,-0.026213370849063753,-0.3577812752237118,0.062108698229518804,0.7535131359447912
2400,0.83470738204336,-0.3811028534743856,-0.15234910772026372,-0.014351734555023287,0.5746737749294629
2401,0.8900650854616227,-0.48819254839547627,-0.19046845070305496,-0.05060860042563096,0.5274033089128358
2402,0.9289843612493726,-0.358897407971164,-0.16907535080319874,0.056133046110308414,0.5520720355418413
2403,0.8588404643198374,-0.4533743903472467,-0.16644236086439881,-0.04795500348133034,0.5335051102638481
2404,0.9983164765112247,-0.8007829344985302,-0.2721488647460755,-0.079721380853488,0.4612007870613553
2405,0.9892095509366845,-0.6952129355510127,-0.2315863242581875,-0.07295124750508339,0.4691486837372143
2406,0.9346006839243296,-0.660246295110672,-0.20249717729642577,-0.04299729119666345,0.49515764602400064
2407,1.0825578099790079,-0.8069730122932145,-0.1818961039873241,0.010001117541934374,0.42741246884976664
2408,1.1584374400126305,-0.7790242958263769,-0.277417285927435,-0.018374598518310595,0.4312334147155569
2409,0.9859961754878375,-0.5194178567479558,-0.2496834756989816,0.006603640477849774,0.5255656047536381
2410,1.0215687865606713,-0.6836142118190419,-0.1768974900781281,0.07492549669172598,0.503213878468328
2411,0.907948459457444,-0.6128245217550317,-0.35320790064355795,-0.04357097667064097,0.5823406451074484
2412,0.9044214531864322,-0.5368025939502692,-0.21494007693510025,-0.017938401015484537,0.5418857471064662
2413,0.9260698625715983,-0.6165015608069904,-0.1594066384899808,-0.0552453256312028,0.48265026528682553
2414,0.9853286788408632,-0.6089596001448265,-0.23043172406602005,-0.039140489755126934,0.501798927281172
2415,0.9940301530102225,-0.5139454391356635,-0.2270439657970292,-0.04657685630129175,0.4917200919049081
2416,0.936713270884873,-0.61382370031245,-0.298401212568611,-0.11170213179294244,0.506880724909394
2417,0.9672872723776446,-0.6279247133148201,-0.1598048232548838,-0.05838410980919356,0.4748851234606171
2418,0.9615320063721989,-0.5651842307580008,-0.15802953792308508,-0.00787010880836771,0.4907745948467969
2419,0.9540741061582629,-0.5684790154239301,-0.43467348121418853,-0.09926308564923814,0.5572074378510651
2420,1.0173472328752482,-0.6563394320435849,-0.17091708655471638,-0.06827471155035095,0.4298482674555444
2421,0.935193611151128,-0.5885527254363188,-0.11962843435573703,-0.01715025500499338,0.48555971355805005
2422,0.9513696673127402,-0.6885504497844879,-0.2608537124941013,-0.06545301302385681,0.5016469068502611
2423,1.0542080359203685,-0.5995353793551788,-0.24367787415003486,0.07014538367372046,0.5099287536229059
2424,0.9072286754812565,-0.5211602527102293,-0.3460652023081312,-0.05461739519171967,0.5834494312290736
2425,0.9528596601882309,-0.5045261152300289,-0.24226575147211263,-0.01932701390234377,0.5357912222850627
2426,0.9507802788230776,-0.5138439662758252,-0.24616885042521774,0.009109227676890671,0.5557081383367016
2427,0.9636806274231098,-0.5495174467103303,-0.2028781133805833,0.021000423726599507,0.531880065843538
2428,0.9650090192386362,-0.5244881939261014,-0.1383418155687085,0.02319778198176279,0.5070021863024253
2429,0.967530791979948,-0.6134841338761592,-0.19769220130028461,0.0003612282454871911,0.5140492928539135
2430,0.9224980078384448,-0.34891038292680976,-0.2169556376620023,0.021289599568683152,0.5801783301232296
2431,0.9509677170065265,-0.4409200741423071,-0.3425203100474989,-0.012223563747311414,0.5848607777546536
2432,1.045767199100659,-0.5488386772796754,-0.20663259322347385,0.019051022676420094,0.4964298536911927
2433,1.1009207547136832,-0.44285508402354423,-0.3402392755941111,0.023922217691503878,0.5658617565871722
2434,0.9934152338840513,-0.38630970205559384,-0.16718675423762872,0.07644911693441757,0.5575021552882681
2435,0.9392012671705163,-0.3583907841669545,-0.2713564839115841,0.06776965822398051,0.6238266712892668
2436,0.9901776981243199,-0.5131107256339066,-0.14073439411494146,0.04229531993549272,0.5063112092076568
2437,1.8358427754472282,0.5275707340794243,-1.1209857583746485,0.3187960765614054,0.6870775043489917
2438,0.8932025045480562,0.34000094334830605,-0.5890185633815784,1.0253388080124421,-0.8792133546721684
2439,1.0162903477718523,0.6929941239562607,-0.7783001784117282,1.2148058934697175,-0.6881080340471154
2440,1.2437014546291538,0.29277573460186246,-0.6006112577024691,1.2735558224185344,-0.9165053677630286
2441,1.1064290271890633,0.6378588010579472,-0.8787366987141539,1.2287576569151792,-0.7283717494969841
2442,1.2272097496823653,0.9075579207369476,-0.9229701455052753,1.396681848317197,-0.6411030864729845
2443,1.3652340408834096,0.9061014455624307,-1.1083590855693075,1.271324198531251,-0.7337697090182163
2444,1.4561653525163005,0.36090323293155,-0.6749580716821261,1.3026554784826927,-0.9045709222462778
2445,1.137617353453465,0.8401568123102122,-1.0970746200872474,1.2174091245806333,-0.6104721491755011
2446,1.3557123928703592,0.6488246657832824,-0.8382038531667262,1.379199871177823,-0.7977131896556336
2447,0.9841433204951858,0.20913804513372114,-0.5574113569672997,1.1239915667500282,-0.8911185308185803
2448,1.3244146424797707,0.567751186937037,-0.9810538070775792,1.2963807310755124,-0.7410230387409377
2449,1.1441086967053742,0.7240147814160754,-0.9339653720744031,1.4567036367938828,-0.5940523002396
2450,1.3115334271542045,0.5305236357500533,-1.169221222836063,1.2230677448543443,-0.734008839130179
2451,1.3708330478174318,1.3864356758280045,-1.0654544008241635,1.6049087106371134,-0.6419739312147988
2452,2.237657891572395,2.1384141045111322,-1.632248162898728,1.2497402484502735,-0.8431278985253727
2453,1.2437244424548968,0.39597653493558876,-0.7481838624137818,1.1848197066279644,-0.8586115196423524
2454,1.1808320758821902,1.119353535069693,-0.98341545044931,1.58858662090304,-0.5424984145152377
2455,1.1424221888886748,0.9366272163147815,-0.9378689298200119,1.3958570929060887,-0.6528108452435387
2456,1.5296867314748155,0.4365441882263821,-0.7306032529427933,1.421335150778405,-0.9588721190916661
2457,1.3387004865123637,0.5721417934623159,-0.9753490045090328,1.3719234021166178,-0.7158288774688457
2458,0.7894915524830918,0.7754027805128367,-0.7228383616161725,1.2328695191779873,-0.6667363038408912
2459,1.7051438458530335,0.37078252309614795,-0.8735118974821817,1.3089125526842524,-1.0416897541052008
2460,1.9792863361192088,0.5369181927876125,-1.1308656979757086,1.4990084531078967,-0.9820574828180926
2461,1.1727141079618777,1.0489888077294969,-1.0791003060207345,1.3846380804043996,-0.5933056489672736
2462,1.2927340775892273,0.6023206352222562,-0.7672394531020613,1.3782778227663879,-0.7444386754552111
2463,1.1965395155119756,0.6537949983958634,-0.8483640127983227,1.3210856127279236,-0.6977854516439892
2464,1.0418870254646941,0.8672115085043995,-0.9022475327390147,1.3812409901194669,-0.6108823386572442
2465,1.0675614918077219,0.841787085206131,-0.8493132972489197,1.263352976293774,-0.6685574384972852
2466,1.2091745351619083,0.6318756187641341,-0.8154260287653853,1.2428935631819191,-0.769928007247009
2467,1.2114313202038876,1.102875709528037,-1.0809280628361406,1.361965406295815,-0.610728391459244
2468,1.4374653504426966,0.4157262941920011,-0.7424245391238739,1.3397294371763337,-0.8383948904497335
2469,1.1251856189604605,0.6784921738711156,-0.7353622409555008,1.3018765648239758,-0.7548698517498461
2470,1.0605022673785751,0.5934299302830476,-0.778047668195421,1.239267303624595,-0.7486498927438271
2471,0.9803938017310506,0.6711709768048824,-0.7611725120383137,1.2758346073563054,-0.651251397210712
2472,2.01286388414478,-0.04394473108319744,-0.6043435960146607,1.6499191333733148,-1.0877264738995225
2473,1.011129640304384,-0.6109272290031059,-0.542409450178289,0.18303120380354848,0.7022049855020173
2474,0.9689159578664607,0.7138860123616103,-0.8427180201723801,1.4193891166072503,-0.6225153788279062
2475,0.9441080462783364,0.4268258030995148,-0.6675147125602302,1.3827228496757096,-0.7166431586272771
2476,1.0176744517372522,0.5405763041819502,-0.77430388718923,1.365200465045729,-0.6791687220222707
2477,5.749430879194555,1.763663761082596,-2.947129502140589,0.032111746970785726,-1.515915423738753
2478,0.9765517304079727,0.45306485629068355,-0.734666042921019,1.292376332788756,-0.7386560124950416
2479,0.9896852573895387,0.34117967199104543,-0.6831744570635452,1.41846585013736,-0.708447935436781
2480,2.5539910695276755,-0.3960597062278506,-0.891133860612716,2.042576916372982,-0.8737469602018896
2481,1.0397087307758042,0.1632728729829415,-0.3433689497717276,-0.0758542930134166,0.5853551216465666
2482,-0.6338292393064842,-1.0392862294424456,0.40653849245350265,-0.2657614403668792,0.4147909872191432
2483,-0.6516506850261411,-0.847389727378186,0.413373193321839,-0.3180428949965858,0.4574765423606006
2484,-0.8237369887017028,0.18923285251578414,0.3196269285034215,0.13656493815840226,1.0057337613346897
2485,-0.7925325551435529,0.43372993025203765,0.2566115935352411,0.21010637532154552,1.1244743969218751
2486,-0.4901644738262683,-1.2227637364903592,0.3215682481883979,-0.04864561258633252,0.48240464251838705
2487,-0.4206029747830766,-1.2220293391759713,0.30309487086081977,-0.08745495110265071,0.45610911622723366
2488,-0.17607713333433667,-1.646448746037835,0.2398431287533801,-0.03610680238502427,0.3257983740794753
2489,-0.610695481673871,-1.0423501203528656,0.36862801067347584,-0.04243422576701488,0.54029905370761
2490,-0.5818461812227005,-1.1408580921301106,0.3426168126296759,0.003435974257079753,0.5394384159950143
2491,-0.5757476508297218,-1.1250543217924482,0.3560565586775416,-0.09105945872996353,0.5074819798290037
2492,-0.6351839719241559,-0.9069762329420153,0.35808050646700496,-0.060530828454959544,0.586911504807535
2493,-0.6402210547901974,-0.954806739503004,0.37184411846533927,-0.08426585884855671,0.5789058119398162
2494,-0.6764937665049889,-0.8845063785093125,0.3680163655703084,0.0209311432959477,0.6480795822013731
2495,-0.6619095713011885,-0.9206444626046862,0.3820451368205589,-0.04616722768866845,0.6151708910002334
2496,-0.6205546771975721,-1.0054811871995302,0.38322325615693575,-0.13592791615538288,0.5545909506860026
2497,-0.5578283031515775,-1.0296400763256233,0.34009351590325165,-0.040926855361015695,0.577433458503514
2498,-0.7476640577901026,-0.7060904635850151,0.3839988171622787,-0.00603807194247915,0.7042435986910016
2499,-0.7769570619344154,-0.5445915490348167,0.38818973048975297,-0.016907444462746904,0.7422588446458439
2500,-0.7029276207400901,-0.8601302799846003,0.3997309523326176,-0.07463226174429145,0.6207579600642539
2501,-0.7212686315114045,-0.8118437938267726,0.3931047804585829,-0.05071880225179304,0.6497106715394143
2502,-0.7664347952070634,-0.6659120596798845,0.40461610508903106,-0.03953456634837054,0.700839194265652
2503,-0.6967118089741596,-0.8449900091034364,0.411309577768199,-0.1314984031487596,0.6013708749932973
2504,-0.6514722182097118,-0.9443578581808934,0.38250736943986174,-0.11250759569143824,0.569329216165855
2505,-0.7027513302231719,-0.8208757595048197,0.39395771024858356,-0.059900091399624836,0.6306493952286967
2506,-0.7077739810002718,-0.8057681280433109,0.4005979517194093,-0.058313126858354325,0.6369777578481072
2507,-0.7492973885884521,-0.7092708333624228,0.4151775747113977,-0.08315928806191052,0.6672974930231376
2508,-0.7048730165567455,-0.8017674638920037,0.39186705717275155,-0.040457660872932434,0.6427654072369688
2509,-0.7146660972355777,-0.7845843157898481,0.39924601685477396,-0.0749792332454567,0.6416169998161965
2510,-0.694704067985819,-0.8578254844412586,0.40263981793525305,-0.08352397418442702,0.6137102441317395
2511,-0.6721058882434802,-0.9397117334230937,0.39786177627984254,-0.08500308470208412,0.588785055640149
2512,-0.6018018813049391,-1.09042893152507,0.38959023889711386,-0.160513272971161,0.4971926809489706
2513,-0.6215501191192934,-1.0463365980224093,0.3736685460791487,-0.06391502010565632,0.5526806002946869
2514,-0.6296009181525009,-1.0340057356820573,0.390437946914732,-0.11715641310736231,0.543485572812089
2515,-0.58795080043299,-1.1540714462002728,0.3859480101034968,-0.13194054132110059,0.4950391308296426
2516,-0.6186716878609356,-1.0544366108603733,0.37451190097526355,-0.06366214967674134,0.5502973839482797
2517,-0.5880955660269799,-1.1477057473302672,0.36956870295795824,-0.07286279238704312,0.5192943158071365
2518,-0.6203850997499223,-1.0175180950377356,0.3702124233111072,-0.05314352243040044,0.569614255569352
2519,-0.6441883342002968,-0.9964944665494424,0.39789306549866266,-0.10698256897655875,0.5593178927059314
2520,-0.6077952484340714,-1.1048467931760804,0.38208806087403757,-0.0914901156507352,0.53256500146179
2521,-0.5852001764494872,-1.1766565421848723,0.37974883311033725,-0.08705728804331005,0.5072296484056237
2522,-0.6624123691200516,-0.9642913041635267,0.3900512637090791,-0.04928854092557775,0.5889783392884905
2523,-0.6719760645224649,-0.9292379462667574,0.39802156272816913,-0.12063031386486191,0.5804519634794403
2524,-0.682295947201736,-0.8992660117303211,0.399519699743544,-0.10983363344199654,0.5891149883102761
2525,-0.6937780219922874,-0.8622022386194029,0.40872184609340695,-0.11215642075314967,0.6023326087732855
2526,-0.6650439576296772,-0.9497584242186201,0.39025596608081,-0.08840347576598188,0.5801314161698768
2527,-0.6690303540557353,-0.8920851515021603,0.39773194513814686,-0.1011138266611706,0.5890942047775285
2528,-0.6485552621372398,-0.9974932151692677,0.39505471704654366,-0.10718254410018756,0.5592986094710952
2529,-0.6523392220303214,-0.9829170260538584,0.40540953652770617,-0.12991923499213479,0.5551222303347713
2530,-0.6399672051881082,-1.0380579026782646,0.3975763277556406,-0.11456202348779618,0.5472178498860809
2531,-0.718542754534161,-0.8122097570792735,0.40368137385497416,-0.07478503990083997,0.6386852136044221
2532,-0.6502015511393373,-1.0124435361916957,0.3939971999899414,-0.09937912368629216,0.5638785626992434
2533,-0.6662837703626229,-0.97201898408736,0.4003387484154381,-0.09326787651677927,0.5782588068745755
2534,-0.6559258617968343,-1.005115828379415,0.40567593890990644,-0.11191028902255615,0.5633344753482311
2535,-0.6867000488227354,-0.906376930103779,0.3982983487831989,-0.06629844850449752,0.607746804496395
2536,-0.6726911039893688,-0.9480965881405305,0.3945258734785316,-0.06608283760739983,0.5944626230129477
2537,-0.6529532000777033,-1.0268910786813974,0.39481891356361487,-0.07433243374777533,0.5701791491403861
2538,-0.6896236195982679,-0.9061067182924711,0.40214534450822903,-0.07604546108639545,0.608347852212242
2539,-0.6452057116508813,-1.0484000585655302,0.3977613513544026,-0.09656288489200786,0.5509921154893086
2540,-1.0284570785026812,0.29512910471304055,0.28715657167628617,0.6491616601039573,1.2646595732213821
2541,-0.6740538640345612,-0.9320455273191186,0.3737048083039505,0.01709298645617066,0.6440037100494953
2542,-0.539474036251239,-1.331156694646622,0.38138185647639633,-0.11295778532878015,0.4605454556985733
2543,-0.5639998985496985,-1.1864354493699856,0.36928700186240754,-0.046119724936061576,0.5282788398949045
2544,-0.5516955761819288,-1.1607660243092663,0.33884736401934606,0.04096073490138059,0.5597054320818007
2545,-0.6726169018619457,-0.44276101912510907,-0.017917899141309077,1.063749430321294,-0.8246456507984417
2546,-0.6341281505868087,-0.4528678085219427,-0.046766070575730595,1.055040178814536,-0.843295770321294
2547,-0.6728795736383576,-0.4439855284775504,0.0018111806737751022,0.9694224696895167,-0.8651333417615014
2548,-0.6421918451255774,-0.4885101039724346,-0.007338470159246843,0.9805941481725525,-0.876874175552971
2549,-0.6399379132614093,-0.4574775304574891,-0.024672303819720725,1.0499866879153044,-0.8473613317870273
2550,-0.5399373372848145,-0.8488641367247093,-5.3958453516317444e-05,0.8858139857392511,-1.0262103124745654
2551,-0.8432739994215188,0.1997786475612776,-0.04963702256715012,1.274594370562463,-0.5612516667409181
2552,-0.6990335471194503,-0.2442404451595188,-0.036511229810954886,1.1250398847040408,-0.7474778863990477
2553,-0.5771030728564294,-0.7540293707209633,-0.008099997291610922,0.9145129759580052,-0.9715679609749172
2554,-0.6733400401916638,-0.3147007783909548,-0.05504320081984242,1.16447000727497,-0.7647716092045028
2555,-0.812248065232242,0.06306533291029627,-0.0487203815034707,1.2911371653088002,-0.5772995021356631
2556,-0.7266501867633492,-0.20021547740892875,-0.027230231338636845,1.094726541616442,-0.7482328979294086
2557,-0.6803576165975126,-0.43117360844208374,-0.02530047359655399,1.1838939713194332,-0.7586673996454923
2558,-0.8086983063308018,-0.162871472246327,0.008749764630834168,1.1150418644098437,-0.7090476722850024
2559,-0.7209201866207423,-0.4147216819571482,0.037005763589052026,0.9505668293208017,-0.8506239866134132
2560,-0.7601648181054846,-0.32576240458304667,0.02245701026487103,1.0583485788469291,-0.7781002553669285
2561,-0.8182014129184437,-0.11623251422637482,0.018727502599571816,1.0804962321639204,-0.698293661515151
2562,-0.8011604229872644,-0.21663364367462412,0.02535986063977017,1.0645310774945238,-0.7306274930192251
2563,-0.6821267238407103,-0.5757278584402905,0.03205846559871484,0.9435365624501441,-0.8987493338668356
2564,-0.7988131603274331,-0.22840664677754885,0.012093656276339926,1.1351166696194328,-0.7163418173718546
2565,-0.7713089987970265,-0.1716142678867275,0.0006778003981858264,1.082652184993096,-0.7348169654309257
2566,-0.6660632544431283,-0.5890164590959103,0.024030024958166023,0.9254527867842488,-0.9194112059876255
2567,-0.7369885656591731,-0.3693827115052318,0.01666513520692035,1.0121149319374456,-0.8179779685355083
2568,-0.8890790463726863,0.07280658427874513,0.010317751832959696,1.1987589145578617,-0.5947823136361486
2569,-0.7072157385347186,-0.5037652608916405,0.034109825216013454,0.9095728276276119,-0.8973649383623338
2570,-0.8022488460728042,-0.1524838515308728,0.006797919516964295,1.1169735916488983,-0.7193210415218346
2571,-0.702324089878686,-0.9966264328540062,0.4115139255240759,-0.02798488678578691,0.6104889123894919
2572,-0.7486260736401559,-0.8231537931484227,0.4108611151136744,-0.019485159115434796,0.6665056264245485
2573,-0.7479975388133693,-0.8450571665285217,0.4214256939975665,-0.050884477511717,0.6478746958918803
2574,-0.652834707583678,-1.1205172760256528,0.4198640909763438,-0.1185515495604039,0.534481210009607
2575,-0.6872631804677782,-1.0478447864252434,0.42112546022959885,-0.11698858773131242,0.5547613866726394
2576,-0.6778317111547449,-1.0830021299177583,0.41824337814334256,-0.08788606860118733,0.5566593589202139
2577,-0.6650487765952594,-1.0685277703037088,0.41858620729164886,-0.142036305689373,0.5304478231179771
2578,-1.0683837499415827,0.3619182536535553,0.2931009977391242,0.750357607379981,1.357316448740602
2579,-0.6271985751217395,-1.1772404988035645,0.41229639425160436,-0.15583739874459884,0.4893897213826301
2580,-0.6262223623887497,-1.1745103859269819,0.39193706898067565,-0.07075086365228009,0.5237474473267523
2581,-0.5762826463894125,-1.3339246558666231,0.41620058128633974,-0.21521094208728184,0.41583140454356193
2582,-0.6185857460708898,-1.1587963571058206,0.41872530987175083,-0.1860994039933459,0.47917455933875874
2583,-0.6390811673378133,-1.1552313337037317,0.4032638510364761,-0.08324889610508843,0.5293247462226894
2584,-0.647348711003812,-1.1248052034596794,0.39986395570951305,-0.08025860967151856,0.536667624063737
2585,-0.6316031702715457,-1.2003452065829145,0.40412763194619417,-0.09117113188087304,0.512540711109159
2586,-0.6203751463331874,-1.1985016980210303,0.3991094012042631,-0.09776396314568797,0.5022710667160359
2587,-0.3895106992656142,-1.2634240003930217,0.2467542199552869,0.256818941811385,0.6449509775697196
2588,-0.3407514718881552,0.054318368208722725,-0.07030658397051819,1.5435777758902833,1.7638651429947936
2589,-0.9364510915800894,-0.17086525674814418,0.44235120360746394,-0.08281816064999482,0.807158165693341
2590,-0.9287809386221175,-0.33196248533466405,0.48175380006171076,-0.24692626747162114,0.698361764338136
2591,-0.9686944519028162,-0.20282756597137597,0.49550824621277795,-0.25349228688934106,0.7409312187293828
2592,-0.9619895081765899,-0.2306382085154437,0.49313274203433655,-0.22639768726861356,0.7332375018543487
2593,-1.023928835701187,-0.06118125359610092,0.5181157487559997,-0.2623517580134884,0.789206659642084
2594,-0.989293627384065,-0.16553719810622136,0.49956952269468585,-0.24278863343514367,0.756946225573012
2595,-1.0362638248135634,-0.013088062680430699,0.5104516551950513,-0.23053391218914798,0.814145899686364
2596,-1.0339023338005455,-0.04515794544096344,0.5108445799584638,-0.22912309289420296,0.8052929109050591
2597,-1.0088933332543102,-0.09178940560496159,0.5016141130924077,-0.22485804607460189,0.7849439400639071
2598,-1.0070342850896294,-0.13930024950848083,0.497902922647413,-0.20006883223328503,0.7784982303202787
2599,-1.0410547202922027,-0.03745837681353128,0.5240586494278988,-0.27864462300647036,0.7902013997778062
2600,-1.0494250617087468,-0.010125837606974929,0.5234158146402507,-0.2749726083491231,0.8014758821716493
2601,-1.0408458804682192,-0.03325265110742503,0.5151850368307809,-0.24114712532609406,0.8079761006095163
2602,-1.0792889864686288,0.07982016639181001,0.5340289901638839,-0.2621316184238643,0.8420302082508352
2603,-1.083846970877679,0.05962465727624533,0.5319791294548836,-0.2539779985566494,0.8385809591554262
2604,-1.029778500201014,-0.05499554483979123,0.5096626380745791,-0.22939049115996973,0.7995815211562485
2605,-1.0601487310311062,0.015731325267642635,0.5105178414209983,-0.17755053878404323,0.838835786311707
2606,-1.0622184539768862,0.003678526630522099,0.5198110890320973,-0.21759786319374333,0.8278731691796286
2607,-1.109836737732501,0.14996024633012195,0.5314464393980556,-0.2550822427312351,0.8735687719931453
2608,-1.0622934494139429,-0.011438468764031382,0.5211293644394169,-0.22819191646513703,0.8159057672461265
2609,-1.0520668603910228,-0.026183304576227005,0.5265017022354804,-0.25418007597533365,0.7991423273022786
2610,-1.0322288922983496,-0.04941974274974873,0.5247096947198423,-0.3029622879817949,0.7774583906201128
2611,-1.0876992555819398,0.22903741182762932,0.4821149347712134,-0.09007854149091153,0.9511428565480876
2612,-1.1775284687058143,0.3153036565630429,0.5413201438183488,-0.16742201159028178,0.9580227136275362
2613,-1.1108591265947578,0.14776918292629257,0.5222934743932137,-0.1828827924106926,0.8844335763838773
2614,-1.0933399246688533,0.14105455770604886,0.5312690303742696,-0.2669676705444331,0.8530075370802482
2615,-1.092666375844478,0.14690264038271597,0.5253058697242662,-0.24704275401261108,0.8602093605835444
2616,-1.051422029333992,-0.015308248419097635,0.5220804750498033,-0.26924984292439463,0.7925283143745548
2617,-1.0262380840851673,-0.09325059249449383,0.5008070588082374,-0.1971337599731505,0.7859412546760327
2618,-1.0877951816561686,0.13648924381112387,0.519431350990187,-0.23188696416051366,0.8669481179089319
2619,-1.065134590922517,0.010978967884613897,0.5082493866082562,-0.18512810597304075,0.835841461519733
2620,-1.073718521815352,0.06614163603933769,0.5324709524591056,-0.27567113949917005,0.8271329465875726
2621,-1.0765346711958954,0.05598467577902182,0.5141536344657096,-0.19234018688443236,0.8493842037366776
2622,-1.018705841966805,0.00419779699861256,0.49859404182361056,-0.21687792747678816,0.8294822462603224
2623,-1.1285840022426663,0.19499263887664506,0.5393305186651272,-0.20297446096951008,0.9021319063993577
2624,-1.1276818641359034,0.19007794876122094,0.5321822636452409,-0.22131926155374543,0.8936819772381217
2625,-1.0829744821149705,0.05733612978442962,0.5210371606793771,-0.19314066236103866,0.855092746068734
2626,-0.8776486170138279,0.04621393245170509,0.37847182410662655,0.10524690314603577,0.9782386373549377
2627,-0.890691025303361,0.10144613770156696,0.028596104754002215,1.0368606131290081,-0.649561583057395
2628,-0.8959163324490171,0.27965320766699986,0.021708526532514642,1.0753572776790952,-0.5811816073472438
2629,-0.8183328817462707,0.05201613936178587,0.05264083322446754,1.0088955994247364,-0.6855333572313835
2630,-0.7938703779355323,-0.15094252948710385,0.06829302047944212,0.9329397523637262,-0.7799471582923382
2631,-0.8056269064587148,-0.134867943126653,0.031542995980443606,0.9704770950339469,-0.7691134398785012
2632,-0.7694790040219581,0.12281912329519391,-0.0924563950761748,1.317744538927104,-0.5578233560417392
2633,-0.8629287565394556,0.26364283883290546,-0.014716612595927422,1.1463012718138301,-0.5478217174665843
2634,-0.9499590643918175,0.3786574491536574,0.05990836120545542,0.9950755927759566,-0.5860158563212046
2635,-1.036531954619727,0.6359771477452875,0.024373886959913656,1.2779082488614084,-0.36402308164722597
2636,-1.0244882936746398,0.612923387982237,0.022152774351596297,1.2866339733107826,-0.35679704184495104
2637,-0.9142399097518407,0.3022417338679981,-0.018637307770655785,1.2719287063191933,-0.4873189481352638
2638,-1.00457059564515,0.4743705557694287,0.021729635927905635,1.2270218732355638,-0.4405694503818458
2639,-0.7035959190320318,-0.20881161666732465,-0.005272932663715446,0.9993519964669382,-0.7621168446438971
2640,-1.090534994042817,0.7494689981494244,0.05653787146774659,1.1704872509470465,-0.3617013003161253
2641,-0.9557207041741093,0.39888125169590083,0.033611327615915176,1.110559514481034,-0.5190558257779555
2642,-0.8114838945367256,-0.1826515079723758,0.05932161440970219,0.9430600783316396,-0.7808930866833351
2643,-0.9485422871384495,0.26360240825713244,0.08859113062525627,0.9484545086655356,-0.6204237687605091
2644,-0.8734485695056986,-0.03654644355381394,0.07587611139909953,0.9137706745952198,-0.7346100603784339
2645,-0.8030997434499257,-0.2014298596134695,0.04636949518395322,0.9640776585139937,-0.7816798853758663
2646,-0.9026719036689157,0.10777589495029193,0.034941818937267416,1.0960413368454887,-0.6161697142229928
2647,-0.7870200088839437,-0.03475013801578568,-0.002247438862837806,1.0860846545087517,-0.6719844373787008
2648,-0.8022735344252137,-0.11413245027410537,0.041548137072564516,0.9944753143751609,-0.7301951932222336
2649,-0.828188793280957,-0.04490452556703065,0.02031502853829975,1.0575081521112326,-0.6736062194597939
2650,-0.7747130881849794,-0.08511647415074143,0.0016099719609425451,1.0928037134263522,-0.6853546848914964
2651,-0.7265193552057176,-0.3577200894746787,0.040745032201517664,0.9074580208499451,-0.8455062286349343
2652,-0.7757989639197995,-0.10545819101162034,-0.0019989336310917787,1.0954457013502048,-0.6829228052677194
2653,-0.8618717183925132,0.11563300485058385,0.027528441902106328,1.0520395677332612,-0.6384661535913697
2654,-0.8133611620534016,0.1575660564361307,-0.018026270599374613,1.1871223998669784,-0.5530463540175765
2655,-0.8967308244077358,0.278149810058649,0.011851013929709222,1.2342821241422082,-0.5025172014643918
2656,-0.8524917193891275,0.22738429239244176,-0.018639937163292295,1.203963375387654,-0.5174076417068362
2657,-0.7899015002763036,0.0506169258752942,-0.03579050574534616,1.2011877559171853,-0.6011377601875311
2658,-0.29718158589401544,-0.6641682446513832,-0.18303408871294827,1.195758700080977,-0.8381414616219681
2659,-0.848206714841287,0.02411045124984267,-0.003909352249430671,1.224603760849234,-0.566451157941258
2660,-1.003531606092225,0.3671001972601211,-0.04304586038438644,1.5131711561485914,-0.3406193688577661
2661,-0.7764770129706122,-0.4197207598491154,0.04743860098083328,1.085658158677709,-0.7509392861419762
2662,-0.7257040744117269,-1.0027520786886277,0.395458608438241,0.16157319737016296,0.7205623124589332
2663,-0.6969886941914865,-1.0981621103167971,0.4030371362545023,0.13407247435820638,0.6840128777741884
2664,-0.7885435390466959,-0.899948371018329,0.4267421071642203,0.14630194170157199,0.759397438665356
2665,-0.9407527164030561,-0.04538810998857959,0.26896915980404246,1.2621421825522885,1.6500909440358986
2666,-0.6668732809385239,-1.2452385188102317,0.4182328151224757,0.051953420988645464,0.6024893926118556
2667,-0.7200736859361856,-1.0930995176943716,0.42115548484118437,0.06419833290732475,0.663001636794495
2668,-0.6589863571740088,-1.270944229480409,0.40065589429593923,0.07328702508943247,0.5974704360753064
2669,-0.6540159891027839,-1.2858663968198487,0.41543035234692527,0.0461528752028482,0.5765877007111313
2670,-0.6549309667371166,-1.2771685478892973,0.410928818565952,0.05389046253419311,0.5805899434520998
2671,-0.7162166336359128,-1.1467154498479872,0.425972040420193,0.06886814883156485,0.643187475327245
2672,-0.7201140870851103,-1.1925407239812713,0.42089423526470027,0.09380181790119597,0.6325063160901254
2673,-0.7234785799202113,-0.6867752074817944,0.05318980660713903,0.9968984638380337,-0.8950724984141394
2674,-0.6957167445760218,-0.7075686416016692,0.0305717993990441,1.047804421887057,-0.886988492532809
2675,-0.8719601050571718,-0.085076232359957,-0.008524261555435947,1.3477448478335563,-0.5890974057275994
2676,-0.7890961566354979,-0.4037848960594214,0.04571677266980444,1.0891141431995157,-0.7688420894905199
2677,-0.7997640843820881,-0.3616861162577634,0.023047536129326043,1.156587173509293,-0.7303839999627386
2678,-0.777845594488553,-0.3979640469230886,0.02930971613456023,1.0921190998079482,-0.7611179092991003
2679,-0.8353671747738541,-0.03388787656552032,-0.0297997502311436,1.3915927114855773,-0.5249439051191366
2680,-0.6714134498428936,-0.5973339819491553,0.018487050196818854,1.023180805066688,-0.8585478835606934
2681,-0.9838065062327118,0.38130690568084397,-0.02138474189824485,1.5006567928449597,-0.3463631826527626
2682,-0.7236744793431434,-0.5522452998167914,0.019229900172986685,1.1785977749536798,-0.7516618117581899
2683,-0.8420750311751418,-0.30365496797776254,0.013330907135942153,1.3280155644319072,-0.603423152549722
2684,-0.9426507522686634,0.04422993499237489,-0.009542939654810187,1.515291220590332,-0.4260587115201972
2685,-0.9753780082175277,0.45677964430853113,-0.002159501236764806,1.3528776119367367,-0.38918970919255375
2686,-0.9681289019972117,0.3153577805312901,-0.016611938914108726,1.4722846257730788,-0.3807565504929899
2687,-0.7656512287103818,-0.36904620853112846,0.03421708768967199,1.1028604928614412,-0.7432381303618701
2688,-0.8012047169090623,-0.19957725072802193,0.0035649128971970046,1.2743609839130932,-0.6296040715937469
2689,-0.8191253300208772,-0.26207065666442847,0.025548420596502842,1.1541910033514584,-0.6875828410483382
2690,-0.9111262205043034,0.07775383547557771,0.011563138184454374,1.315266264582874,-0.5002010389785538
2691,-0.9914410276227876,0.30090964269993953,0.028114739076656185,1.3396308844905505,-0.43632911148308723
2692,-1.066563852540797,0.6295220021748695,-0.008861209588207164,1.5282357607030648,-0.2518918635606965
2693,-1.1231989838784588,0.7029741544145394,0.029540068217362048,1.499178923991443,-0.22522027427672536
2694,-1.0317779236322195,0.452902495073681,0.03464067882444572,1.359282674660897,-0.3408092372369747
2695,-0.9385122115510809,0.18433419936843687,0.03273391265346997,1.221545859461387,-0.512937754429928
2696,-0.8330527109400871,-0.11600341551158207,0.038632756480703405,1.082499167253583,-0.6873020421646313
2697,-0.8466621357499928,0.20974546494930887,-0.04500752747308054,1.3136372908891312,-0.5222551766317164
2698,-1.1239555270434396,0.8631443193519303,0.010820169562656376,1.4724021205107085,-0.19495825046290047
2699,-1.12312025156331,0.9069896379435519,-0.005691028806770573,1.534794711200519,-0.13251879736655148
2700,-0.9758371877900053,0.2252648566017182,0.06156913028197057,1.2178655291225284,-0.4683630554084017
2701,-1.130735407698561,0.7858441369159748,0.009152673384440162,1.5717303692754958,-0.14742235426811334
2702,-0.9720207144893701,0.22383420684038285,0.039971038522108794,1.3364564528307528,-0.42376178580135815
2703,-0.9804552263993942,0.38456569567338816,-0.011725816813876085,1.5064055404033094,-0.32923532907579434
2704,-0.8571395812113514,-0.15229305314877284,0.06482622504851068,1.0995204824172764,-0.658011275771426
2705,-0.9982464184312385,0.2905407123201621,0.05744009736532499,1.2050200489732235,-0.4685372382887041
2706,-1.0679059532594302,0.6134609681680715,0.002174594223133155,1.4926158403230179,-0.2598577897594165
2707,-0.9770649967370345,-0.24819883079468308,0.430747172602518,0.2814915224564278,1.0371842539996121
2708,-0.7658558661810432,-0.892680987363807,0.4271776302948784,0.1252429413573885,0.7627119082206596
2709,-0.8907768444174049,-0.5499549296535947,0.4248659176841338,0.27733248361633117,0.9368418239806897
2710,-1.1460244445768277,0.3451513647418155,0.3401355954857532,0.7805371454553554,1.4026332260539047
2711,-0.8474839181507235,-0.6310108863143973,0.39165243255818355,0.27232879278436156,0.8944698546239066
2712,-0.9384477594908979,-0.44286296590063423,0.4160006602731199,0.34555675113169476,0.9848848721605878
2713,-0.7506772920611198,-1.0257359628552933,0.4234025700105241,0.10184048892683897,0.6945529021249616
2714,-0.776345474889912,-0.951782913460206,0.40832133577206386,0.20108704031909033,0.7633933767165972
2715,-0.7475863232086919,-1.0034102895148165,0.42202527615387825,0.08957990144217413,0.6944567813007143
2716,-0.8147241545463727,-0.7914118697474086,0.3925320255528201,0.2988445663441822,0.8430615802751613
2717,-0.8115426651427764,-0.804542362910217,0.4117116268639664,0.21477251574742998,0.813253095419612
2718,-0.7414347059122479,-1.0588848264425306,0.4046513853002036,0.18066437261073745,0.7230653056462798
2719,-0.7211510983525184,-1.1188049476752437,0.41404731317331034,0.10867116811118424,0.6630200334780443
2720,-0.7695611572442744,-0.9972507631662653,0.4181677858953173,0.16425123205314268,0.7293894205287135
2721,-0.7907134380130093,-0.9159158265233911,0.42574925904453276,0.13437907738889515,0.7398694652960215
2722,-0.7736708560571776,-0.9699866493782611,0.4124011092739986,0.178256857831734,0.7387306147702825
2723,-0.8587575044846067,-0.6874475055133155,0.41449462548426796,0.22981078408879452,0.8429740316769845
2724,-0.7642783576293332,-0.9851877585573273,0.421599200819092,0.11879504092328205,0.7119734434433399
2725,-0.7698980604129029,-0.9725908130676157,0.4233414100615059,0.10157638495952771,0.700706421369727
2726,-0.745171166923608,-1.0488019253671732,0.4397384088999752,0.02558164292564588,0.6516332686893594
2727,-0.7885923919836769,-0.9426563982003566,0.4256561132260445,0.12726091846868193,0.7296295693986223
2728,-0.7256386206979646,-1.136707150918173,0.4409686810044098,0.011114186687313891,0.6151235149005944
2729,-0.7642131089320591,-0.9943870790415937,0.44365619107661886,0.027865165789695362,0.6690469476784457
2730,-0.849436388997981,-0.7255031906921401,0.40891214231752493,0.26013273097040607,0.8520346039062193
2731,-0.770476745267865,-0.972113203602469,0.42867855494109824,0.10528306169283037,0.7144386759014871
2732,-0.788240664553348,-0.909873925567038,0.4339439312456849,0.09485012699820333,0.7291710336906233
2733,-0.7623463666477809,-0.9367951240623378,0.4247060786631101,0.06009730625945492,0.696644147359298
2734,-0.7116734620074018,-1.137062577269239,0.4134613715410232,0.0947935586841722,0.6526569175563844
2735,-0.6998542388338603,-1.164133964774458,0.4357910193012871,-0.018024614586070374,0.6015132258878341
2736,-0.7392464861420431,-1.051325912432248,0.42753385632857577,0.06466141849439164,0.6662567271771984
2737,-0.7190858322665344,-1.0575066824145278,0.42672519470943115,0.003765183658446698,0.6307577542979811
2738,-0.6830868745360517,-1.1757431119538433,0.41951863216989865,0.029069669698290574,0.6055329018891715
2739,-0.6777633008264967,-1.1768974530239724,0.4142414877159116,0.024358527826048255,0.6043435525343949
2740,-0.6973328533289643,-1.096612146375752,0.4021250625438293,0.06588064477867804,0.643528879840614
2741,-0.5884990322255765,-1.0832252048412396,0.3003419178209692,0.20755856883033041,0.7269892494422255
2742,-0.8205740786129064,0.25897015333562845,-0.08256191030385024,1.7683415694862112,-0.20851643474348416
2743,-0.9733662530423767,0.27908205395803815,-0.023045722947171998,1.6823356487616603,-0.24158724874973847
2744,-1.072324812873569,0.4236089381616919,-0.027649847405778485,1.8148653119732516,-0.17052040565497448
2745,-0.9116412204963544,0.11172819097058084,-0.04197580473135619,1.6236390172570119,-0.35079394515554563
2746,-0.9587231449273685,0.1040017241397049,0.006202678841457259,1.5074819558187156,-0.4040468675892808
2747,-0.9245854214868212,-0.0013227470997158254,-0.01892340368475914,1.5696195936725785,-0.4053752779595988
2748,-0.7686483603825396,0.4737157320224521,-0.24771063942692856,2.583324391356412,0.3182337467843595
2749,-0.9289281271309632,-0.0012773726188043944,0.001453805172067973,1.473176752029943,-0.4294063722395743
2750,-0.6544696902021289,-1.3712664660728608,0.4108900534096131,0.17653297824954867,0.6688143904358406
2751,-0.6202342072964027,-1.4304813193224957,0.41277495642848316,0.10555650207386566,0.6185287604984138
2752,-0.7032553414237946,-1.2389143700439287,0.4237003905849619,0.15765928038574514,0.695851962710842
2753,-0.7229945218999492,-1.2092876925175906,0.4299724083327177,0.1837957357986793,0.7149947451606038
2754,-0.6884282246917195,-1.3114190907802532,0.4289597575751239,0.1432833278726528,0.6600092342721262
2755,-0.6915401656939512,-1.3159430704485067,0.43585960944059704,0.09178044510996675,0.638795240773389
2756,-0.7191459492480793,-1.233198194640237,0.42572724253337874,0.18868264740961826,0.7042135586729332
2757,-0.7272679395144347,-1.1913250570034575,0.4449521362326369,0.08677074516342151,0.6693285331787572
2758,-0.7203678148447435,-1.2395358445614297,0.4379181091126098,0.1353322854178467,0.6834483108635918
2759,-0.7087524141442495,-1.3080380497710564,0.42774389144866,0.1800652858843269,0.6740494314652322
2760,-0.6702622954540933,-1.3759367857051579,0.43834888128647487,0.07685462359666097,0.6046916843707504
2761,-0.7071524210823933,-1.263322217413744,0.437621035081569,0.11107633729915278,0.6637148505512922
2762,-0.7324070335441557,-1.203485678206088,0.4232801474090496,0.2016330296815628,0.7122288351874011
2763,-0.7165656741564026,-1.255813964677662,0.43344871241493677,0.13469542739638946,0.6706641602305531
2764,-0.6785723270748817,-1.3555073784825236,0.43703054472408587,0.0693575945948084,0.6061336490629304
2765,-0.6602639697263368,-1.4139592156920642,0.429369831449719,0.08813280924274515,0.5965795509877291
2766,-0.7098120573316745,-1.2757116426239001,0.4332670766565325,0.12133401285721157,0.654083567273448
2767,-0.671558430671096,-1.37031366036275,0.4315876550708916,0.08647235499846176,0.6015181582935785
2768,-0.6995184225036871,-1.2952356415621598,0.4263345391161652,0.14996307077830384,0.6587221157264654
2769,-0.7020094718871819,-1.2462449421779014,0.43353649664540006,0.09384115504790723,0.6478193308613408
2770,-0.6929176996880612,-1.2911381241318935,0.436577891428301,0.08397315418522287,0.6321533795408917
2771,-0.6407676210484006,-1.447933276655065,0.42800870234509275,0.05569517070813261,0.5689196430922084
2772,-0.6708875951283187,-1.348656172145514,0.4155668377845175,0.16753953912166708,0.6581313158458734
2773,-0.686288218633258,-1.324011031318598,0.4272177663708241,0.12530097810811308,0.6438117196812764
2774,-0.6944581059730791,-1.3050502067833643,0.4220329120950087,0.150966534868789,0.656187975434674
2775,-0.6853948146060207,-1.2999978925481273,0.42409917720679247,0.12057315470357517,0.6425880569674227
2776,-0.6516489152027266,-1.3938560523184038,0.42795691276850234,0.08373891793532562,0.6008803438802465
2777,-0.6830507436960079,-1.2861156832640153,0.4319484072343401,0.07550914571615291,0.63050629864922
2778,-0.7066616600965427,-1.2454074110810562,0.42139203905407485,0.16384476602457462,0.6795610458501917
2779,-0.6823229819926728,-1.3038923871564556,0.4288590846150322,0.11553268757861809,0.6471841989311654
2780,-0.6725955265867164,-1.3426616909384006,0.41989480417958125,0.14461876317361033,0.6384043281930312
2781,-0.6500456486992059,-1.3555138718747701,0.40786736921474664,0.12579841184924037,0.6159078577700817
2782,-0.669773156401132,-1.3087181330863775,0.4232155507637652,0.10265525408479788,0.6348527939436063
2783,-0.6613234844228884,-1.3643744120373216,0.4195986251042109,0.12895581455215602,0.6290498551484102
2784,-0.6986112790035004,-1.1994813418697234,0.4282351893156911,0.07400668252123072,0.6525944733334612
2785,-0.6500900860291489,-1.3698382749220568,0.4181913083861524,0.11767772195853587,0.6212235833168103
2786,-0.6973991847658231,-1.236260720511967,0.4227464351147788,0.1401462574844658,0.6750848097665724
2787,-0.6059855227138151,-0.6673102861859941,0.2075243102842316,0.6917263240120045,1.0961944739859508
2788,-0.8194697807852547,-0.3047507391233078,0.02192513540176251,1.2888702781000638,-0.6173616343779695
2789,-1.0202976784353253,0.14339861177360153,0.028319458604168058,1.5201578716456412,-0.36271916917198627
2790,-0.8200293851534194,-0.2758802058054539,0.028338716272721522,1.2822674685600686,-0.6061481262249111
2791,-0.9521008743571834,0.3550612794890678,-0.023073260041542684,1.477574229338163,-0.33479905854051145
2792,-1.021855921474915,0.2195405566397881,0.011202537006549322,1.502254511232098,-0.36951733447715607
2793,-1.0487691201502023,0.28887812671149615,0.03527405708928329,1.4998913429912064,-0.35706182101365785
2794,-1.0007094200413587,0.21625077195280756,0.04066679474231555,1.329188421202994,-0.45505970408133556
2795,-1.0208683128960256,0.5509028946463721,-0.04314814205326743,1.6582349727337997,-0.17833091256891695
2796,-0.36239610927102983,-0.3778658634692271,-0.26381316279574835,2.5010494535430223,0.08778288288489877
2797,-0.7295751030109864,-0.6844011197105806,0.003063411671560007,1.3683408191341278,-0.6474565573935708
2798,-0.6599460702367518,-1.397705523146586,0.399727294093138,0.2635242873896855,0.7281732353923904
2799,-0.5995480969359172,-1.5513133785796933,0.38121614143630755,0.3277398641493788,0.7122272501501766
2800,-0.5664864610787728,-1.618470782867392,0.39519489904372573,0.2263680488610444,0.6401375854530303
2801,-0.560749657045149,-1.6881187524338512,0.39705911082117956,0.22587377692534183,0.6279519942367332
2802,-0.5744936318011266,-1.6308570576387422,0.39772090912206476,0.21615828870005457,0.6259502116773464
2803,-0.5811388767718321,-1.6485684534237444,0.4032804044000665,0.20786590266014526,0.621007787102457
2804,-0.5989377295047948,-1.5821511679440505,0.4034050307005381,0.22757904337444895,0.6547771874584647
2805,-0.5636363825282777,-1.7197833586461213,0.4068403594746295,0.20172932632384905,0.6011393274966115
2806,-0.6627361394604603,-1.4083237524157022,0.3878256732726433,0.3475948521062807,0.7552286658525864
2807,-0.5896011349939194,-1.6102018444655235,0.4062165445225836,0.20181999649051657,0.6274590023833944
2808,-0.6036444138801401,-1.5974673366375216,0.40910064070422314,0.23272042883775101,0.6439962533311516
2809,-0.6372778582652717,-1.4739415302770178,0.40529336407804684,0.2631565331754557,0.6936892685520578
2810,-0.7431660882918742,-0.8883001246844994,0.3262054852085019,0.611017760479721,1.016994065164562
2811,-0.9223936162349237,-0.23511095582494065,0.029545973877616746,1.4852408307167666,-0.4823030597085689
2812,-0.7767369663381276,-0.6125340811005262,0.0618185262183624,1.1321911024663873,-0.7683484752199804
2813,-0.7788819250436394,-0.665446990774598,0.08531713111278978,1.0785341741463506,-0.8010449604353627
2814,-0.9026835118652227,-0.2413963448235254,0.03415341500190817,1.4110341042653916,-0.5322967552670054
2815,-0.7280204261291174,-1.2586629547216832,0.4405370658559499,0.13393033004369861,0.6722773918754854
2816,-0.773462108891152,-1.1252278475765074,0.44989610612777187,0.11055544198558903,0.6929226979442336
2817,-0.7384520145404698,-1.2129535220773793,0.44894529948126155,0.07268694541373136,0.6515270823840555
2818,-0.7471358483394654,-1.2302275053511593,0.44442598572692493,0.12142793570758688,0.671443274195628
2819,-0.7694560785228228,-1.1866951031540025,0.45157099472016815,0.11819851379848122,0.6824520156339382
2820,-0.7200789127489217,-1.295519392777099,0.46365815099301644,0.022184042158633798,0.6047491832746361
2821,-0.7714705750551606,-1.1513562790798124,0.4546512146775088,0.09076862522030876,0.6778775294041058
2822,-0.7304936685458779,-1.2849461169247651,0.44246458730450433,0.12143118023245993,0.6503876468459696
2823,-0.7332280266193998,-1.2694975406678766,0.44393883716343413,0.10141408563919853,0.6366991840895828
2824,-0.6914038378093078,-1.336316101214564,0.4360900233962956,0.08739616359247804,0.6129287622458982
2825,-0.6899461287634473,-0.8535792065229802,0.04672938239412208,1.0552753551208962,-0.8994121255291174
2826,-0.7045547945812072,-0.7814901353823743,0.06313703443453729,0.9727965366345309,-0.9178677074645516
2827,-0.7605979221287184,-0.6381987419853211,0.033304901988932295,1.2189534321230464,-0.7564215586687428
2828,-0.8025726700692408,-0.4747007849254597,0.030752801796090395,1.2600806190263858,-0.6874839676748477
2829,-0.9286445806459839,-0.0663330706416206,0.00568559700286064,1.4265434051709234,-0.4984991414641933
2830,-0.7485724909490108,-0.7274328715794751,0.031894382650168876,1.3431353889920998,-0.6928924803257942
2831,-1.1333954923283196,0.6626496449857672,0.004368891089601349,1.6956823943839783,-0.13570419479911475
2832,-0.7622154973316903,-0.5510101127120673,0.06130533692166342,1.1036655384804588,-0.780429123854876
2833,-0.9994560862471803,0.17453897816859384,0.025845917243486418,1.4157034444236987,-0.42046569019346774
2834,-0.9368988391714936,0.11653485927418106,0.00972122420499674,1.3328789605004725,-0.5033662503111813
2835,-0.8418565393443118,-0.262656181646242,0.06992110075117283,1.067173786481299,-0.7091328337558195
2836,-0.9906364390574345,0.2770054160617279,0.01220272298597214,1.4144054918308733,-0.3932034117039565
2837,-0.8616502011048316,-0.23218770658607193,0.013764355881597952,1.3634278225450576,-0.567346429887031
2838,-0.9780224342728846,0.10562109360352694,0.016393097585239155,1.4788841006129079,-0.4137502422031917
2839,-0.9015152871659842,-0.15567914477358,0.06308946690988314,1.1638384473786236,-0.634356320976219
2840,-1.0811363114999892,0.4135081242963709,0.03698556151243803,1.4775546260608021,-0.3085675205524208
2841,-0.8245056614959774,0.05238335007109614,-0.07647991369114737,1.7540679824185694,-0.26212696755734055
2842,-0.9747100547635151,-0.17621223417989187,0.07971633648482429,1.3402112345342636,-0.5322920510879265
2843,-0.8493600680809243,-0.532010510995259,0.07736524585426625,1.1827098636983135,-0.7178965594919511
2844,-0.8224069725749614,-0.5982416017193757,0.09253925603960943,1.1026545484821304,-0.7662333438453599
2845,-0.8296198136253473,-0.6326767222576477,0.08929977587395815,1.1446775447466084,-0.7664029595376183
2846,-0.8700141589110101,-0.5173841091422275,0.07131312826381872,1.2945499080902296,-0.6618414853179172
2847,-1.019468446225827,-0.041885467969765014,0.01834927215348317,1.6267793287001162,-0.3909657726335375
2848,-0.8994517561650319,-0.32128291509007684,0.048283831982646214,1.3306703038732788,-0.6064156853271168
2849,-0.9538592110965273,-0.20028835989741278,0.060427264742530344,1.3691649273879634,-0.5375508229602415
2850,-0.9939734843838118,-0.055891865131229714,0.06655417179495608,1.3975668316206993,-0.48258561714320086
2851,-0.9642173799842603,-0.1766962411080167,0.06799270015406371,1.3735142252244033,-0.5257766379744895
2852,-0.9052128976847972,-0.36137158365997735,0.064812774540395,1.3180817587649238,-0.6030686051702587
2853,-1.0284925486515881,0.024320301823254474,0.03037988980034562,1.5723993857732979,-0.3862836285251825
2854,-0.9942097493182109,0.10627935056331003,-0.015574596346595049,1.6703715538584707,-0.3259497193945187
2855,-0.9400869404030429,-0.15656993239679962,0.022345549417904502,1.5342545608600744,-0.4558097986790202
2856,-0.8518628802465108,-0.4573243631957791,0.06501404674020912,1.2644687998567927,-0.6519233088068025
2857,-0.8572935166700073,-0.4055435946253855,0.03790889261097443,1.3397639207427745,-0.6213366669357846
2858,-0.7157460612832641,-0.7473523305312249,0.05481146538913086,1.0518649083875455,-0.8741514997288845
2859,-0.66861814911311,-0.8959133585465421,0.045270735633516655,1.0696690963957232,-0.9043204973314035
2860,-0.9770688225725198,0.13709731626452226,-0.01742162060386575,1.5810122740243948,-0.36623733677124487
2861,-0.840434484289841,-0.34298712212193583,0.036342562312495844,1.3389542265496128,-0.5958595983912178
2862,-1.018336420528703,0.11711820535343645,0.011848402788004751,1.6384914202264733,-0.3307705908491115
2863,-0.7510954247326608,-0.7106681890041779,0.04455615175508461,1.2567682558814246,-0.7235605750395331
2864,-0.8900447886194899,-0.3132054009762139,0.04092734410274992,1.391187800899354,-0.550121627997499
2865,-0.9447220163521548,-0.1595047129491083,0.01704814513919266,1.5419832799322155,-0.44301513222803846
2866,-0.7627204655425573,-0.7052552158284158,0.04457518366788683,1.249753200741982,-0.7361619523100579
2867,-0.9821875037780086,0.04725636939144161,0.004979628908715233,1.6425567611307903,-0.33622454432566157
2868,-0.7968335446453557,-0.5985858731609126,0.05442573161567911,1.2412828867326384,-0.6982687532416938
2869,-0.7021679580970726,-0.8710700247273815,0.055835382851419105,1.1287617677157056,-0.8472754820033439
2870,-0.7815100852562701,-0.59860760672735,0.05013608994061148,1.1922376221049078,-0.7411602664148701
2871,-0.9726054988498641,0.18642885738538043,-0.028753048733677674,1.7034824840836513,-0.24400824142569286
2872,-0.445690686515995,-1.3524062750681058,0.262751630943577,0.3668382903400895,0.7200589469679101
2873,-2.899134026881915,11.126881896189944,-0.5308280460667179,9.274660044256908,10.864560120027054
2874,-0.7261019581168758,-0.5814511048209515,0.386291430972844,-0.018435939042463132,0.748283887740426
2875,-0.37346511551234024,-0.7470636169581568,0.15204186750288626,0.4304988563732973,0.9182506792539025
2876,-0.4879352453368681,-0.84777818305597,0.25384005015720973,0.3554101004116914,0.8831778299381462
2877,-0.5124402530341434,-1.00599506049337,0.3273250882898707,0.06761783561514477,0.6583437935950219
2878,-0.16937737594328647,-1.126091729862353,0.09470384983386969,0.613672417091115,0.9013124422874883
2879,-0.34768147387623655,-1.026615493641096,0.19721928361685914,0.24148351434945453,0.7064225756822069
2880,-0.3718468629725151,-2.0604981826531135,0.32513563607290125,0.4073763831319941,0.6115536544507348
2881,-0.5370675887301534,-0.03725629474726224,0.00570988641751542,1.1519670150849135,1.4271657522482133
2882,-0.5088685050064681,-1.3433185083435542,0.35164124261098856,0.049153552818637515,0.5771319682342229
2883,-0.45751076655736694,-1.3376010166891799,0.30686735034604196,0.23616617530116668,0.6562808187198981
2884,-0.5165980927380095,-1.4288375707668008,0.3241874740456464,0.27438753307310015,0.6831121637409563
2885,-0.536388748602655,-1.5026184322222151,0.3663610526521911,0.15419801964735802,0.6095330682111838
2886,-0.5853388923598826,-1.3807168581648537,0.3757221472470351,0.16033900739554643,0.6499311458899075
2887,-0.5852609208647263,-1.3919767568652055,0.3898289025719332,0.1576032237898971,0.6417318884483483
2888,-0.6316544535633487,-1.3203739043102949,0.3882673779719,0.2246621858306237,0.7022799730968188
2889,-0.7734462880154902,-0.9219687892271519,0.41633390151767924,0.24902506697115825,0.8392238716920156
2890,-0.7877905806256106,-0.88124964131233,0.41233614325519424,0.267707334849898,0.8558794561185841
2891,-0.6949840256465439,-1.1871144368357336,0.4041467267164106,0.17779491975960854,0.7109483652329402
2892,-0.6881010132737898,-1.1971919966727256,0.4059359562795741,0.18816453493104016,0.7052805846276279
2893,-0.701443128523563,-1.038907930404084,0.36574587212277687,0.37236666195788326,0.8498950056404109
2894,-0.7035517199144815,-1.1983346450638745,0.4142187005664725,0.22149428089631312,0.7290146308324946
2895,-0.5888089154069919,-1.5554714354052552,0.4119505958534301,0.08982589482463565,0.5610313475271155
2896,-0.6630114092768743,-1.3303566406732283,0.40743050362767297,0.19485080046399336,0.6687105691522635
2897,-0.7452007663155524,-1.0530175324385487,0.4041569001536296,0.2571700570866877,0.783117587833215
2898,-1.0065241868943038,0.6253003638270951,0.16377415561760372,1.7881917517449106,2.136170219435079
2899,-0.33479901256065886,-0.2641868034628957,0.024946396874588654,0.5949104113736412,1.0810731596793601
2900,-0.9389520499307701,-0.21833216744923256,0.49090260297688626,-0.12881451516716313,0.8431443551188404
2901,-0.9622554474187422,-0.28060374832417684,0.5111773568710681,-0.1782029011467185,0.7799191771385126
2902,-1.0149482825899592,-0.0850870914896414,0.5035555443952244,-0.13518524657124262,0.8613997962688327
2903,-1.3425523305851956,1.392762189428943,0.3351958965001467,0.7298192627534017,1.674696353674017
2904,-1.012640470374234,-0.1456201902431202,0.5275846251887653,-0.19769034036715033,0.8340871962800147
2905,-1.1400788901758132,0.3630674346092447,0.4860485130927954,0.03343458471941189,1.0892276409186963
2906,-1.0269090090045154,-0.1455660943003318,0.5321277534465981,-0.21846140364611386,0.8203535965091001
2907,-1.1397090939032593,0.21342000210524603,0.559504179192748,-0.21860820367876813,0.9504050534707278
2908,-1.1017643455888102,0.09894432963296888,0.5420168411479915,-0.17949270017453284,0.9202959494433897
2909,-1.0912763907737728,0.0520572372732934,0.5729824971104635,-0.3139732530216544,0.8579775153970806
2910,-1.1535859532272972,0.1738973277075343,0.5651322195062664,-0.23863485361008555,0.9250107611920552
2911,-1.125434727543859,0.13500601518405722,0.564836802726899,-0.2735918869055391,0.8944241318187207
2912,-1.1411625674200427,0.11794897170222696,0.5601141205931379,-0.20764784987480026,0.9103773201675522
2913,-1.1407482587674616,0.09996959220120945,0.58096017627577,-0.29000868816956565,0.8804973271853608
2914,-1.1553936455623555,0.13821922941657178,0.5741072678565738,-0.2392635438464552,0.9123851818146023
2915,-1.1263120438237102,0.08457011023525297,0.5701498486402572,-0.273685731646645,0.8760154586441166
2916,-0.8661790005823674,0.3934437544187704,0.2560171848627551,0.49837525459082355,1.3021681810997723
2917,-0.4305407134513083,-0.33768092384079795,0.06100876484284569,1.2374366919208228,1.493172720357735
2918,-0.6619131949596273,-1.152252434830269,0.38536458981343713,0.10016724307100949,0.6718053420267394
2919,-0.420756299832249,-1.2412765121963554,0.24015207596799845,0.7095969230307595,0.9584419403508291
2920,-0.8580670509731462,0.26500198499468314,0.1582898335927766,1.2701769269511214,1.6975659723579681
2921,-0.5675319212851697,-1.3441640573945086,0.35381505666409824,0.1060119085126805,0.6083571306939325
2922,-0.8825083481776546,-0.25384684958619935,0.07226917897498072,1.1499987266586402,-0.6696506730277064
2923,-0.9934984969377593,0.07009059924611585,0.07381354804020006,1.2020710743186374,-0.5534343735472369
2924,-1.0200679908891928,0.16933590622997202,0.0566747216013544,1.3190598974801278,-0.45580973867726515
2925,-0.8635108677119908,-0.34238895798815977,0.07259330702504066,1.110365878304212,-0.709780979041672
2926,-0.9710965614470518,-0.07604972494607215,0.11070459212856008,1.0579970505174836,-0.6496714875695256
2927,-0.8708238690598369,-0.22246561358164715,0.06283530892884065,1.1083481006710878,-0.680292621545462
2928,-0.9394690395002253,-0.05576245524945605,0.09002645844408375,1.0664083694287467,-0.6382649701403827
2929,-0.9957505340013807,0.046373718720895296,0.10122927490774947,1.1203025682335908,-0.5783802701915427
2930,-1.0251899703945382,0.12823135342737696,0.11828588512205955,1.0630542645790164,-0.5938080443849093
2931,-0.4958884971999302,5.627614511573085e-06,-0.3041031088903578,2.1666165614318182,-0.11859959929157289
2932,-0.8985298103820637,-0.7468625676515123,0.43409412948943854,0.3524927270004802,0.9597522655621366
2933,-0.8173527170587492,-1.0225177369317544,0.45325940918889146,0.2324516427030958,0.8329446360775792
2934,-0.8422814967429476,-0.9222283301221319,0.4502533486493086,0.2743710924093225,0.8787732363879409
2935,-0.8015021993995309,-0.9894865568328015,0.4493134266863069,0.20676528588502935,0.8202510827592182
2936,-0.8165327703780103,-0.9624004573384715,0.44698690308641426,0.23179885852183557,0.8439976738890292
2937,-0.8152695725542279,-0.9292134822713273,0.43907343944630517,0.2434864747959076,0.8491192059294955
2938,-0.7975812353094434,-1.0132883703230677,0.44115632735420124,0.23176290795112975,0.8238513866652242
2939,-0.7919457959347662,-1.0244531199064175,0.44207828710838365,0.23348886323133894,0.8252861191838116
2940,-0.7938011566931908,-0.9928639886382563,0.4477142705544753,0.20045509151606095,0.8111155055229237
2941,-0.8017527052756532,-0.9659913755419645,0.44869204309786187,0.21194543679136638,0.8355290023691782
2942,-0.8575282213978164,-0.8078794074674638,0.44297339086819004,0.26942980076613776,0.9034112427635926
2943,-0.7127644589323848,-1.2293373144411017,0.43930613652364886,0.14364962040019452,0.7053931183226461
2944,-0.748398418171435,-1.0917389176507555,0.4314009530204035,0.19769916299253384,0.7707273854533135
2945,-0.7914314827725909,-0.9622368492512116,0.45451868839263065,0.13651627684839504,0.7924324147302723
2946,-0.7961083019613777,-1.0240594898866604,0.43794674788288834,0.24222652539704104,0.8298421832098695
2947,-0.715001738924814,-1.153300612733272,0.41678608305519693,0.2040708227112556,0.7476475338102784
2948,-0.7819323056904673,-1.0330708231728305,0.4256818461007933,0.27885994219016036,0.8301533076031268
2949,-0.7049461549856902,-1.1419221739858372,0.4232302339060778,0.13451223178375687,0.7156086291406899
2950,-0.7977826501544375,-0.9317846093906689,0.4237349782184494,0.2550335641733923,0.8424580481354333
2951,-0.911812411639444,-0.19086645984734604,0.0267968340255125,1.4655446608431397,-0.4826410761914763
2952,-0.8017151070688292,-0.43376735807450745,0.021127410015892037,1.3476640462936031,-0.6073029599802056
2953,-0.8042592035675946,-0.4943369086400595,0.037373013455191,1.305452908912488,-0.6310100138677195
2954,-0.905276822709331,-0.2014497032306733,0.030167936455146732,1.4472335079262124,-0.49663083099722855
2955,-0.8875400822231667,-0.27800760077911213,0.0420644102376065,1.3898202276879446,-0.5319310269186164
2956,-0.9032337846032523,-0.17167347302526567,0.010778155643409306,1.496771225305466,-0.46823070280774254
2957,-0.8682225364843131,-0.2663909706263879,0.021026362962276512,1.4023472016658924,-0.5397764464705196
2958,-0.8281254023846004,-0.4411428559492612,0.04536476764848386,1.2963638994328235,-0.6238501051656181
2959,-0.8883653218654307,-0.15807292993102337,0.032324484256237435,1.3459937108527544,-0.5291179491770421
2960,-0.7427087401425213,-1.0715258229418636,0.4062841062510068,0.29200916744080435,0.8169942005240629
2961,-0.827477187908428,-0.8287215518249759,0.39826324436347843,0.40849647913979703,0.9271567154838
2962,-0.7190404605577231,-1.1964182261955025,0.4132353122557638,0.2934887344508026,0.7844654149467185
2963,-0.6509486764592285,-1.2765176492476662,0.4050835048853362,0.15540573886381168,0.678993161460256
2964,-0.7299627778539539,-1.1044634298583889,0.4025069215207024,0.28508925333706675,0.7967516746344223
2965,-0.9208225307925689,-0.460169807257777,0.34872910826039505,0.6930667682890015,1.1643440536278835
2966,-0.6626343193610233,-0.7958144532288619,0.018267395593687893,1.2228979982946977,-0.7744743286946976
2967,-0.7766361671282848,-0.5294185223640869,0.026033492203264712,1.2912396844951595,-0.6553356208308406
2968,-0.7919873006958115,-0.4199329604222474,0.010648724440253957,1.357118791943991,-0.595853180492582
2969,-0.7663700245246012,-0.5001248073888774,0.03383431034960084,1.2519044565256818,-0.6612544687726981
2970,-0.8071455580981393,-0.4100338937097986,0.03046784560553237,1.3290599140882402,-0.5939567246217795
2971,-0.7686596143515214,-0.5081353971096871,0.033654828811421865,1.265650059422705,-0.6562386655465094
2972,-0.6943837617259463,-0.7205857088879403,0.01564054059909103,1.253776413102685,-0.7278706707802676
2973,-0.6446941038093364,-0.235164903475929,-0.11674539257184187,1.5383438692294233,-0.49830990586071655
2974,-0.9783168462985714,0.2474862984050213,0.020308284772421917,1.4258352625383959,-0.3588018823995077
2975,-1.0277618469094312,0.3595768873974858,0.02279867043459434,1.4466351429585713,-0.3253725999176672
2976,-0.796629231760049,-0.1665863388192732,0.002464276006033744,1.2045862521493529,-0.610968502154995
2977,-1.0753099815540634,0.39819834348651184,0.07787548492773874,1.3081787677011185,-0.404540561601781
2978,-1.051445484896488,0.3805181789614851,0.04880223230708382,1.379788819399137,-0.35942734956895256
2979,-1.1346112298402133,0.8814357430392807,0.008074317711105405,1.544895614208562,-0.1347262290405715
2980,-1.0853442623087264,0.48659863334662257,0.05822291048576228,1.4120642691071121,-0.27925031405581996
2981,-1.1329490115040861,0.6900937093374048,0.08226346947465105,1.2795928374208347,-0.28968560960970613
2982,-1.1396360764944733,0.5536773135432519,0.06382849481981719,1.4389899645640138,-0.27665396514426627
2983,-1.1196692487727866,0.5757707645108875,0.04846189986212886,1.4473477306183646,-0.26806938532879104
2984,-1.0876455754001895,0.6076905623584989,0.04918539170688103,1.3374901492651374,-0.30488209073662403
2985,-1.0168797286529403,0.2519046850729717,0.0612325105639367,1.286774922803036,-0.4359185433676748
2986,-1.1356723968423545,0.7376178800245067,0.03211431259872953,1.4993688160609253,-0.19206559110126767
2987,-1.0349349256878388,0.6719586947799027,0.018300161882329604,1.3687227389045855,-0.2530263648225346
2988,-0.9727413084897841,0.09217663481411868,0.09453879795039515,1.0747723138268024,-0.576902695282444
2989,-0.9441174139059954,0.23431577077782578,0.3412952675469171,0.37541014492613867,1.2195725820623873
2990,-0.8939718504888579,-0.4094315517704838,0.4074226541160253,0.31705225122374153,1.0196059845946805
2991,-0.9637703838984539,-0.2824497100993358,0.4055183281458861,0.3629413440280344,1.0900053054149326
2992,0.24853417187972582,1.139215192791187,-0.03829686286092854,-1.2685567441518453,0.24147878065252737
2993,0.2515854203034427,1.2347814715244703,-0.1407823509150156,-1.2817815610749672,0.2838672310509762
2994,0.21831951942975839,1.8024665131670052,-0.31917714622876714,-0.21609849164215958,-1.2375672172027417
2995,0.19499226920265358,1.7325694272165963,-0.3968555830163841,-0.27376223438566977,-1.2297925609977192
2996,0.15140635551492268,1.2642339287492657,0.06507527578782805,-1.2630272937642448,0.26254038528967627
2997,0.23904027276978015,1.082940804347863,-0.0011511136693132435,-1.2975112171995,0.20545966731149595
2998,0.44655782366913604,0.6249895863820952,-0.35031121049694686,-1.4471116093617926,0.13901355337721055
2999,1.0930257258580622,0.266099162025395,-0.07747586306907764,-0.8680176865767135,0.042690301620146906
3000,1.2904141585952407,0.25969175557532403,-0.40176686195562483,-0.8044356167061515,-0.0022493181197558534
3001,0.3571752347899399,0.9734160312443833,-0.18111429950739516,-1.3277075834812673,0.22401250527968466
3002,0.3830460487789647,0.8774142920203333,-0.0669064345945285,-1.3709371317083905,0.14789019909782997
3003,0.4894652892471205,0.9888443908510737,-0.5078487664660423,-1.295915996425293,0.27160489631606194
3004,0.38111514990216394,1.0444560185800615,0.04904621933183249,-1.2653721332063774,0.16781158679151723
3005,0.2708479662040519,1.3275761025089208,-0.09504450451564686,-1.2653861857154391,0.30392993750571257
3006,0.45019167947646943,1.0111742870460418,-0.016582670373986426,-1.2319275262910558,0.1638193284263367
3007,0.36141646231218344,0.9581199977602071,-0.1039043039507341,-1.3396744252515254,0.19309418847605278
3008,0.36249710567947724,0.9188365380299294,-0.19092393872003688,-1.359278114193754,0.21189383363267567
3009,0.3618002046153198,0.9740011212948833,0.005160426260295553,-1.2644001591382998,0.16698658016287918
3010,2.0716656418753066,-0.25140145862999347,-0.9004832434540485,-0.8548466968705666,-0.1717627425105337
3011,0.49828969789070804,0.9107360335982387,0.1888812852436709,-1.2380861614373448,0.06842814583907277
3012,0.4747828921514861,1.0495628673492314,0.14180713041878787,-1.2068856133364747,0.10441475330715101
3013,0.3881535173597938,0.9610762640238365,-0.020908303754778017,-1.3102102917536815,0.15619301994520846
3014,0.41431951804655254,1.146009292849058,-0.18794148060394703,-1.3100919619613376,0.24851115120490275
3015,0.3851379533348095,1.1616539623173565,0.0058590713093951445,-1.2914691390202007,0.21182305685009034
3016,0.4237661130240202,1.1179205217793469,0.005681301007383121,-1.2398450307340667,0.19121357837592212
3017,0.33521957175286826,1.474481763917019,-0.07359296695878133,-1.2537096823700136,0.3146443301804309
3018,0.3158947873558141,2.1111359083872303,-0.5232037995439377,-0.2522253089917974,-1.1471143241563013
3019,0.3500993162089011,1.953706978798922,-0.6968626995793964,-0.26202443488002386,-1.1164726201267121
3020,0.9751173896001416,0.19089494005459498,-0.9013409043040357,-1.2315488047856324,0.09519360570468986
3021,2.0682674277561603,0.22832685412662068,-1.257350184897932,-0.968340951661615,-0.08542899813117504
3022,0.5016915726145175,0.7074120146601848,0.10722081795090113,-1.1964969969655594,0.06643638612865173
3023,0.39070685841731545,0.967429108383081,-0.08733260389472376,-1.3100583041534979,0.18972952758278336
3024,0.36367436290701327,1.1431625812299935,-0.13091168000664924,-1.3680897272561896,0.226923511520599
3025,0.334911104524072,1.5881336474663874,-0.4892955665798898,-0.3096633713529497,-1.2477336960973482
3026,0.34351250108020365,1.3270983697719967,-0.08915569577574792,-1.2887607133883117,0.2774357468725712
3027,0.4251227412190289,1.187326947736164,-0.12951895842052752,-1.3467437462518776,0.2186212224767158
3028,0.5412050139148771,1.4243713242229488,-0.02417333922159905,-1.194315300430811,0.17617193176441487
3029,0.438707073479446,2.188804456869462,-0.27455029966558414,-0.2237598540193834,-1.2398158977840061
3030,0.4750317626101042,1.392599054899684,-0.1374162822663147,-1.3113115448845902,0.24061033008103785
3031,0.5563533651661402,1.567765528553139,-0.19287663987919382,-1.219124341110054,0.2658083095700476
3032,0.39186116973523105,1.6483993221410245,-0.29714825856766136,-1.2202974844682848,0.37448379397253867
3033,0.5000543687087827,1.5694623403333758,0.0007898732892522163,-1.240719595231572,0.21127500033625538
3034,0.4555524921303429,1.53453253539678,-0.2693250916098796,-1.298649253159121,0.30541352364343977
3035,0.3342233631553966,1.7451326959906217,-0.7388467066415935,-0.33877091535373344,-1.13759991221759
3036,2.098263454836304,0.6286131390834652,-1.2418508620534159,-0.8862640746618978,-0.05994053473817062
3037,0.8225931803688654,0.6860364085595434,0.25428129105261565,-0.9785301180795863,-0.07070307596179723
3038,0.39160157761226794,0.9847884713010254,0.1342702866551616,-1.2231110639133709,0.0863545386161762
3039,0.41649251454670855,0.8287093450236025,-0.05307459489617304,-1.2902677359970165,0.09587140526573895
3040,0.4140902156351521,0.8371179921482444,0.02115495843949416,-1.2700059669457113,0.07635273292791253
3041,1.450412372895618,0.15468020918153266,-0.29765828067485495,-0.5395656704778612,0.11130215486934415
3042,0.2647658435408472,1.1492742417116928,0.09203140010499823,-1.2531580943378298,0.18548069780316642
3043,0.28340890549077835,1.2712954630277813,0.2226033504020928,-1.1745428973693282,0.17322513625567504
3044,0.27740583914191,1.1419265400817438,-0.025456105949240505,-1.2818702302978147,0.2104596776731848
3045,0.26482676428575685,1.2241062794498392,-0.14445642827992486,-1.257933352651574,0.28146147438682717
3046,0.41192607581685386,1.2589347864993097,0.019971883057300903,-1.066124104567332,0.2712049541125592
3047,0.3152495546510252,1.7592244559171926,-0.5931391538111076,-0.23805034211689155,-1.2044288064447795
3048,0.25741499751431685,1.8878556007297105,-0.2491530827896839,-0.1824073970321792,-1.2644402898743623
3049,0.3074133170966134,1.729913904240474,-0.5964385179053918,-0.27997462267995316,-1.2018231962315515
3050,0.3025473961270052,1.6561564229478556,-0.5835255401594591,-0.36061721493212057,-1.2462036751883183
3051,0.2675955790322102,1.7685117795943843,-0.36348394285331637,-0.3022069369026328,-1.267186905630363
3052,0.22065967655638524,1.9861114590875963,-0.3496403638117572,-0.2363649989185951,-1.2064792991366262
3053,0.21326017532635108,1.9625228957180845,-0.4661540837665352,-0.3041069636982449,-1.1798067856631027
3054,0.3046799607780867,1.8323023284628899,-0.46562720251600564,-0.2922003747698624,-1.2281495422122934
3055,0.30577139550548926,1.7831961698917569,-0.5604264650278115,-0.2788046310826779,-1.2174148038113786
3056,0.23486892073562643,1.9037993545360037,-0.4762682032454718,-0.25495791182783867,-1.1718046148304686
3057,0.297915318968149,1.8740979980140502,-0.4033264890307685,-0.22683528736415162,-1.217218493412843
3058,0.17773494995308997,1.9904152115159695,-0.5064684549585725,-0.24111257689195853,-1.1393186375206448
3059,0.2434770946318892,1.8436350198408404,-0.5019371427519463,-0.2875357793275047,-1.1815189774960406
3060,0.2315681723238163,1.8786358805819865,-0.48144681533994993,-0.23271776000119,-1.1716134721402456
3061,0.193036721546201,1.8992355653768629,-0.4224237811420841,-0.2692911624180326,-1.1905402464191484
3062,0.24624196783485527,1.8739315261259195,-0.3548268291209614,-0.25375969732668574,-1.2349998104304045
3063,0.2648811591171907,1.801501039525725,-0.4131976682634761,-0.2039085355758542,-1.225289157323007
3064,0.2555334870637441,1.842105493960581,-0.4375873722141655,-0.25286272875725246,-1.202884270359963
3065,0.2393913678577082,1.8621706108116578,-0.4753439792692101,-0.2539341690408009,-1.195205792181296
3066,0.17099700856334185,2.006626220912722,-0.5019556675337014,-0.24022215860052434,-1.1250571539122258
3067,0.21504199870657373,1.3943885264894555,-0.04968623713900023,-1.2911324155470414,0.28994319761762677
3068,0.3643249326275906,1.3440523250971983,-0.005669055150354502,-1.185787338323365,0.2503623953916418
3069,0.28816049611204797,1.400517076271521,-0.0698420716614481,-1.2307661468918363,0.2968253660610323
3070,0.2435799915535483,1.4362046902482832,-0.13283077185336778,-1.2777368226898782,0.32522628750106175
3071,0.3207580958395635,1.1747506472121585,0.06153959571002515,-1.2348544894429099,0.18503528828882415
3072,0.2830131705392588,1.3645723772196718,-0.07929317733848808,-1.207796130837434,0.296851038600537
3073,0.3222044261372046,1.284070906753011,-0.018190480372171906,-1.1891325217702244,0.2459163816853491
3074,0.38015469036695076,1.1545811384699047,-0.11355855652970387,-1.1899265925975853,0.20809747076687987
3075,0.3234246759099727,1.2294073835977632,0.053411308432922036,-1.1757226174594055,0.2041162418674413
3076,0.2959687488862442,1.302961192397546,0.05725855648257353,-1.1973826015094908,0.23294335160819843
3077,0.2646294448999149,1.5522683486136324,-0.38218226717735215,-1.1756121709786573,0.4097371336326941
3078,0.5214116693429951,0.9859206705854652,0.09627207148362572,-1.0701353816525054,0.1413244360610007
3079,0.396191068735295,1.0919567360360438,0.18848526805184015,-1.1265221213771086,0.16427890258774594
3080,0.2632642747193332,1.1453368180425274,-0.10099669571730346,-1.254685619869535,0.2569713548144327
3081,0.16759826823277202,1.195761337734996,-0.09245179377350321,-1.3076672287476752,0.29099682732644444
3082,0.2422075676662714,1.1073285915768263,-0.020364357836243862,-1.2609517012784366,0.2251983764415759
3083,0.2779133697562061,1.1302197032946417,0.22402436199498088,-1.1388790234525596,0.17352884171569888
3084,0.39510021220969305,1.0494043786432783,-0.09003421548158068,-1.1607516802686002,0.20554700722447122
3085,0.34605381288566384,1.1280261655461208,0.30994306441309216,-1.0386245438214765,0.15451040317277853
3086,0.195405832715433,1.2855002489420797,0.016123359391755895,-1.11204620712829,0.28450255490624
3087,0.27707953085560955,1.8684290404073598,-0.8468419437980805,-0.3079569907383499,-1.120259802106
3088,0.4107567188539175,1.5928628161567118,-0.2984065676685901,-0.1319051933729523,-1.308687315522966
3089,0.3914062846079868,1.6527287425397974,-0.41276930262503453,-0.08024359908094202,-1.2050358044649285
3090,0.26565373574409423,1.6401966601807467,-0.6358007852296232,-0.33946809817842366,-1.1902305676660982
3091,0.21166642735941896,1.8926335701724324,-0.737244990800909,-0.24792605743712237,-1.0672203401298792
3092,0.4040928192048971,1.5154677021436287,-0.4087869997330292,-0.21253182070681867,-1.3131167204045895
3093,0.4324303087226112,1.0440466249398446,0.019509711700230026,-1.185888469894084,0.14351088670582132
3094,0.47697046283267364,0.9379614850807305,-0.01556810284390313,-1.2129812234227204,0.12450505338167886
3095,0.6350308181111521,0.8129456734541957,0.018910366186320707,-1.0483515451066237,0.11080084019105364
3096,0.3178827418695818,1.157141437703436,-0.26204924015321446,-1.2900769228680895,0.2821716728359938
3097,0.5301596718849247,1.0479950612063158,0.004477278593367574,-1.0835416222031249,0.1554325279030082
3098,0.4367977988497517,1.0223286310610675,-0.06882502747994951,-1.1616267671790546,0.200049245139851
3099,1.0697244598492126,0.4549166718139396,0.00167774208493209,-0.8014154745664316,-0.019005554142806115
3100,0.7180240810384223,0.7114944830866805,-0.3209064648823387,-1.130464031285035,0.14847348355596618
3101,0.9803800303795095,0.6387914213313796,-0.5116122199418514,-0.9686404110332938,0.19820348453322578
3102,0.9013439362263904,0.686672466187653,-0.4127583825503826,-0.9498982820814806,0.2087275614414784
3103,1.5532866542362893,0.013603473738318338,-0.2237998763977115,-0.5349147953839762,-0.018818536886763198
3104,1.5293679704799672,-0.07559682552864014,-0.5374188367722527,-0.6871379729598948,0.06536884273834154
3105,1.0882361183021623,0.2798849916056608,-0.21749076119390148,-0.9406481476487558,-0.026403750628862088
3106,1.1168572017472964,0.45259772353056793,-0.3935379725245999,-0.8719832696207449,0.12563375619651004
3107,1.5994689319057944,-0.11208518917546634,-0.8433212627383482,-0.6095131477021143,0.25136271946485994
3108,1.055668381291401,0.3880809223954112,-0.5976619441422123,-0.9378961726403955,0.21021402542579898
3109,1.2442499914388745,0.2731042172389181,-0.36217615462772496,-0.8210658801863987,0.0827656770336514
3110,1.3385810299853034,0.058460209116206134,-0.25940390943312963,-0.7344040374947446,0.00543298569983379
3111,0.7024484265185993,0.8694023654295708,-0.5663427521046499,-1.1143400632382376,0.3587675662822536
3112,0.3383764518010876,1.1399329490108538,-0.40868173146352527,-1.3178607342452549,0.33048275026140955
3113,0.35875499418613355,1.093751377315467,-0.25582775718293627,-1.3054607928332924,0.25119275725740664
3114,0.3151745522433768,1.0980704305201763,-0.3527084914726494,-1.3693823787137451,0.2744833594577775
3115,0.4759013216753347,0.9740417545932193,-0.10499653755167272,-1.2000077707400885,0.18419816361558594
3116,0.5418260408087661,0.7971396852515777,-0.04536939016837341,-1.2366964151208584,0.06937894763494583
3117,0.4575493294030431,1.070598579191541,0.0779362974638009,-1.1535860580884232,0.14205833778836868
3118,2.885582684068121,-1.1121546829278555,0.2631979333657181,0.042431774234906704,-0.45018060672504623
3119,3.0886398046721717,-1.5434685809435422,-0.992585108893434,-0.6535504205495606,-0.24263485352181113
3120,2.5113549612936286,-1.0909879288300866,-0.797896779248478,-0.4249657304998449,-0.09673804719996021
3121,2.681650580785049,-0.9776545999141797,-1.167660320937371,-0.4840865882631946,0.01269679919845246
3122,1.475124148717326,0.008516454711743502,-0.9491412854925847,-0.8815645171543073,0.11666581389286439
3123,1.9857252038499391,-0.6217982101080842,-0.5006011153563384,-0.6115165486824652,-0.12225736057982313
3124,2.526678617095983,-1.0034673671396972,0.7071077069894208,-0.3002746542650074,-0.748623163684549
3125,4.347077482409075,1.305480572067454,-2.4471219263457487,-1.3244073535340755,-0.1169210255234358
3126,2.35988156579523,-0.8447281636150719,-1.9633254493473844,-0.8875695429000845,0.29368904524722617
3127,0.2933426276065412,0.5607297766914162,-1.6619858672302847,-2.020032298196382,0.5693456900351448
3128,0.2621180422093267,0.6841873630737084,-1.2496854364390422,-1.820835654363943,0.48677182513993905
3129,0.33807806314887234,0.7373190907616826,-0.5034651740351563,-1.4573404380971584,0.2945775057235638
3130,0.374796516852549,0.9050052437825167,-0.24080617463356216,-1.3394007104328909,0.23032518295886575
3131,0.41043574701871877,1.1119108590498512,-0.10441596920768843,-1.196628788575613,0.22265372263124622
3132,0.6194869095083467,0.9569314858364528,0.11514280995421965,-1.0863129421394826,0.08695161375382389
3133,0.38245204701590324,1.2550007754129526,-0.01785185309084457,-1.149155975277901,0.22612760476664245
3134,0.38730780948426696,1.1431676499596368,0.016351938331704577,-1.2295677335938129,0.18808731619957772
3135,0.4120445366157419,1.1517680181122194,0.017164942232485235,-1.2150708313354717,0.19708426037275653
3136,0.29000913238177367,1.3101263084425347,-0.17614959322173415,-1.283523793729834,0.31723343202970405
3137,0.2809434080307418,1.931145996857446,-0.5248915212628937,-0.21449332329379014,-1.1577307779927453
3138,0.3365284803371576,1.795507136505599,-0.4767548057186925,-0.20901740097450827,-1.2108509076139085
3139,0.2728058361349853,1.9857849307825075,-0.405465199866561,-0.1505304585905076,-1.1713990729079904
3140,0.28350050705373836,1.8509088263699516,-0.4825042027491416,-0.26318841998049824,-1.184521021030973
3141,0.2720020090552582,1.7897958707282398,-0.4205568127969026,-0.22538099799736272,-1.221104779117242
3142,0.3329762603710785,2.1183274990828678,-0.58131166305965,-0.12571991059629586,-1.0660634800818825
3143,0.18363397649605515,2.0485328884530083,-0.44411843941607265,-0.20426468361557604,-1.1230415191560827
3144,0.31512052819144887,1.9306402394772713,-0.41923293376761867,-0.18945003397339902,-1.2044228652267253
3145,0.2176126634647839,2.011888981890989,-0.4055170113028925,-0.19462538712177138,-1.1413484884521181
3146,0.2015791320836012,2.1243297185989234,-0.6263452644571719,-0.19377208426371903,-1.0473486312446094
3147,0.3301635613556698,1.8492759520989661,-0.4198097013000266,-0.20664646532895575,-1.2078121044089258
3148,0.22514333578151768,1.934032234595493,-0.5075048374334994,-0.2166437366735319,-1.1269843997159874
3149,0.21978657055064413,1.931320363457322,-0.4939241117611786,-0.2757387378851207,-1.1336412043562345
3150,0.2511527866461089,1.8646606967053925,-0.4344480223280071,-0.2501309718932215,-1.1713763531258194
3151,0.19730222960686805,2.030485693768635,-0.4620725888633833,-0.18442048738717948,-1.109182491312066
3152,0.21412215375350363,2.116680073817744,-0.4017328441704053,-0.12788068242481776,-1.113660933233313
3153,0.2932390534782631,1.8475903560578517,-0.46873535118798076,-0.22709408914461204,-1.1864808405459972
3154,0.2649400961621965,1.9605249444877857,-0.6443130734019119,-0.22797995050970563,-1.0889818727928542
3155,0.07568182141810609,2.087337527761719,-0.306652659607364,-0.17483594385446513,-1.0679622618368638
3156,0.4186670651152975,1.0288324843084489,-0.1052678431177371,-1.2448015563312975,0.17812287429122023
3157,0.47555365130389093,1.432884515203953,-0.42371418134974265,-0.23612286092270246,-1.367436798552103
3158,0.18924299565059843,2.0687988341884678,-0.5555729816632161,-0.2080570621160679,-1.063472600679202
3159,0.26882529246969794,1.9944546166836343,-0.5023651548324461,-0.20316213953555412,-1.1554484944758954
3160,0.4633776585186379,1.0788830997668446,-0.10191100596129432,-1.22732941298787,0.1672134768241622
3161,0.30161681213362557,1.087654124150898,-0.0069879634113727135,-1.288847585583666,0.2221028338819174
3162,0.4720528746853293,0.9826588595015673,-0.12581031300470208,-1.2252574501087532,0.19167259458141844
3163,0.2125621948266047,1.2670794505462124,-0.049685691950891744,-1.2982161346185632,0.31886015261346873
3164,0.662997910887553,0.9330245358759099,-0.6400619857525315,-1.200332506409942,0.25348696958048084
3165,0.5642289058180393,0.9998299902589141,-0.010967420058953346,-0.9743076603844537,0.21829714358913707
3166,0.13890888264403758,2.1427184924519156,-0.29604469540988815,-0.01563746781391183,-1.0923159117729493
3167,0.09742293037157412,2.265144326615599,-0.35413956130353524,0.02650300676601904,-1.0283610404141597
3168,0.23916803231369546,1.8160596790291221,-0.36067840286724934,-0.09122978744179913,-1.196872859874972
3169,0.33859819069391356,1.7231387786150794,-0.5856346510533738,-0.13139133313415005,-1.183500454724263
3170,0.14876844777510506,2.109624985609349,-0.4599583984740578,-0.0970559547219185,-1.0610820436886974
3171,0.24204944607564677,1.9587813395176583,-0.35596830602563795,-0.10354486141136336,-1.1426915460719036
3172,0.2837547773462484,1.9523225337987946,-0.462544437203857,-0.11478606320794374,-1.1313680164388826
3173,1.0208938585039047,0.966459977241338,-0.763554109753014,0.2037500891157397,-1.2528039289379918
3174,0.23581069678599537,1.7887834677171732,-0.46282360955984037,-0.20827821663805238,-1.1721164795596388
3175,0.2541490274467762,1.8828071673031375,-0.39287071691806896,-0.1633908625440185,-1.1705807353505715
3176,0.23395228437940882,1.8755154395676046,-0.41542416627800705,-0.17202977509757053,-1.1634903452118937
3177,0.40250504560744776,1.6447045611418485,-0.5775455450237574,-0.19706422204621216,-1.2086731390830125
3178,0.23972000214513758,1.9484749623725064,-0.34391650107647176,-0.09711487342532223,-1.1631594892542385
3179,0.1918803637936713,1.9498347114484684,-0.43880358278378956,-0.16670705003894865,-1.1344865525846817
3180,0.23991762884948967,1.9191682336558968,-0.30392466242061594,-0.11177760629203343,-1.1928294021425947
3181,0.18022973868256284,1.80522263125561,-0.44837772206999854,-0.20629237856369131,-1.144951028003759
3182,0.41414724109451906,1.7836285587030452,-0.5327798827045347,-0.1192599198499546,-1.1881412843899126
3183,0.1386331528204788,1.993646543718279,-0.5950652844444112,-0.22669894842088392,-1.0584484533220833
3184,0.21755009331561334,1.9262829843466251,-0.5970422408486574,-0.214350528447199,-1.098835386700619
3185,0.25892097915089896,1.9688406287310478,-0.3587289486034126,-0.05489236760747233,-1.1252916705488865
3186,0.3480488090802206,1.7084258559422083,-0.4636611698923694,-0.15352093160513108,-1.18935409206527
3187,0.22152576994820217,1.8634935811249542,-0.4244833044533848,-0.18982479148143244,-1.169364199633511
3188,0.7159383920387804,1.3412545990263613,-0.5513963315967,0.13009201644879964,-1.2102320833215598
3189,0.19462399372141606,1.7761613670451664,-0.4634409659714912,-0.2651014794989118,-1.182645269153695
3190,0.10776311445487162,1.9855979575392193,-0.42407611826724134,-0.15951870988385966,-1.0926314772087233
3191,0.18618972697716077,1.7972575796735923,-0.49195348283421236,-0.23630363924252076,-1.1415360054486228
3192,0.11817123317689435,1.9946942661069393,-0.31360845387861985,-0.12106079471656404,-1.1208339190275196
3193,0.20998176061551052,1.9222999483851424,-0.5096003018796881,-0.170423447862045,-1.0954375352891916
3194,0.16113831224084438,1.8211555541658457,-0.37842503034263014,-0.21212730046009917,-1.164975676570118
3195,0.17108360575453035,1.9663482057449788,-0.3814552386460874,-0.09088946045263367,-1.0848056613842654
3196,0.5967395538304711,1.3732597807909874,-0.6694599092365097,-0.05949562902633519,-1.190133083828404
3197,0.19525540130155594,1.9095224018259973,-0.42404156690740097,-0.12101886651957294,-1.1378968033616683
3198,0.1600722085938435,2.0349529752357545,-0.4333509163203486,-0.08952183178597413,-1.0768749076346522
3199,0.3700592376566026,1.7776596272344884,-0.642148412708678,-0.1297468100145237,-1.1284521067052034
3200,0.08020105297834598,1.8514858133307381,-0.3954618219822723,-0.22765855720074965,-1.116590408902932
3201,0.32458327814359783,1.7933724003154115,-0.550444919802307,-0.13986859355384318,-1.1573706723452875
3202,0.16761733107390606,1.9281819121209638,-0.3599615409097641,-0.1221238715571866,-1.1460921401574466
3203,0.12796544518172667,1.8453251122809413,-0.42401266598920123,-0.19519628368752273,-1.1217285077330128
3204,0.3044307481185762,1.5943847531432191,-0.4144039780187845,-0.2002655352054341,-1.256608914439246
3205,0.17882439212845583,1.9826920648951678,-0.3795395516787829,-0.07885849854589112,-1.1280724965198448
3206,0.08457989314004456,1.8540816206451998,-0.533216791759709,-0.23470669806583375,-1.0697161364551369
3207,0.2095974591155433,1.8534565424710079,-0.5174836170427655,-0.1855968202945009,-1.1067320371538474
3208,0.26878453684268777,1.8021917380132362,-0.40372373259118477,-0.10825553292020372,-1.1750880665050831
3209,0.13528182664044408,2.0222501862189617,-0.5219697739473647,-0.10391815032342185,-1.0621051635377288
3210,0.15626848739099244,1.901088750073058,-0.48840163900390093,-0.18350890590461855,-1.103887284647457
3211,0.17801061456912487,1.869936827230405,-0.27951885623868655,-0.1155751576793139,-1.164996161322347
3212,0.06901563278614514,1.9635702665747181,-0.5006255264128538,-0.19723417260853132,-1.056458909951569
3213,0.14963784175438954,1.8582348753291338,-0.4403171803167593,-0.22003721105886584,-1.1251541019377251
3214,0.15719406671767863,1.896072638538598,-0.31097664375572015,-0.15392279318211238,-1.1661094822141438
3215,0.16723507809112198,1.8190254343708918,-0.6669047931537205,-0.19766579105274537,-1.052628132730036
3216,0.26130131840962634,1.7953666802836736,-0.5029353295002028,-0.17906020357077762,-1.1370024959692524
3217,0.09683870687282288,1.9090141442114483,-0.3279838311823249,-0.1503646097216552,-1.1297054679450287
3218,0.14986227250145054,2.1300739170314342,-0.43853814444102257,-0.03954512182475921,-1.042670331279699
3219,0.1868099602679975,1.7452792268963786,-0.442746907514769,-0.2592109006787724,-1.1746384628977422
3220,0.14805645044123822,1.9462635628403002,-0.4025246640439146,-0.15059170362369692,-1.1249804289170402
3221,0.14345294396092703,1.9270197880271371,-0.3373014106640038,-0.1398438953992704,-1.1267363120665508
3222,0.1713650631011597,1.82467366677337,-0.35463783252712483,-0.2027146832175426,-1.1754548923931711
3223,0.13792067580788503,1.9329789121676628,-0.4615992450566892,-0.2207921334387815,-1.1186455706187444
3224,0.045016293967201304,2.0898732276062093,-0.31972787888186266,-0.1428259843196177,-1.072281228754643
3225,0.1271338380743972,1.9681115926190278,-0.5936329962392461,-0.18577813921476177,-1.0108871264082528
3226,0.13616798562697807,1.8587093056822777,-0.49471106647364343,-0.25271806638381983,-1.1177229856579314
3227,0.09234832079942598,2.056002691950924,-0.2820284400920372,-0.13157412576528324,-1.1288967965994612
3228,0.060388201201994694,2.097841413547649,-0.3644892292230912,-0.12758212378551892,-1.0491112161755771
3229,0.04685351927150325,1.869806548836487,-0.47063591972066526,-0.3026542500678597,-1.0969195935946283
3230,0.16899505218595656,1.7455551594191396,-0.41010279074363176,-0.2584692502264964,-1.1804769281675256
3231,0.02684096216802095,2.1368935580077513,-0.4395626913331323,-0.12956784884344202,-1.0123305793872042
3232,0.10812660057490822,2.0566005785076706,-0.3549048815069097,-0.13547236818237968,-1.0763889018478605
3233,0.6130008904033799,1.2404301400738325,-0.6168631492009965,-0.20584155590624115,-1.3711251731089746
3234,0.36151057314581503,1.7879226888227835,-0.22287091831545772,-0.13048115060505103,-1.2854824912725824
3235,0.20910520517994938,1.782932717733724,-0.4357151512441953,-0.23122702274918344,-1.1669046105981584
3236,0.21045136421450272,1.993239365192203,-0.5497537348050293,-0.14617973851522462,-1.0294642422719784
3237,0.2743727268383347,1.7914775899091977,-0.4236409138819144,-0.22273550285992344,-1.1644038997555304
3238,0.17597847523704807,1.8437519488658745,-0.4194386641327942,-0.22821912607787478,-1.1412130216017453
3239,0.1527976345229904,1.9431622164609945,-0.4339308770665757,-0.20356349976807686,-1.095331304307371
3240,0.31542766912665215,1.5702832570325687,-0.5529528046254172,-0.30070551898154113,-1.2244794197494009
3241,0.22139459653093974,1.8055691574541388,-0.38622083921702277,-0.20930134222203794,-1.1675098936913568
3242,0.260966245265283,1.8537549767945223,-0.43438790340979916,-0.17703866346379815,-1.1565651248829527
3243,0.28002858064330977,1.6620643873288463,-0.352106524050516,-0.23551234935347093,-1.2524712334773342
3244,0.1331475086846249,1.8757063022933962,-0.49694407748243435,-0.23794536006908976,-1.1090666497546553
3245,0.1361939375422611,1.8776150313213607,-0.5232742550374682,-0.29387657194493555,-1.108064335281754
3246,0.2680321886564369,1.7751788147617775,-0.3638653517760446,-0.23137847134882364,-1.2377566201321781
3247,0.22223592540892007,1.8018463900714972,-0.35963009744541913,-0.22795074658819,-1.2034483558799927
3248,3.8255167949584705,-0.8429209927525986,-0.964058701488124,1.677195544635091,-1.2925180925653477
3249,0.22087216941778862,1.8046885531108618,-0.6189291926514454,-0.2559235064106828,-1.117417769028738
3250,2.4593359306736167,-0.39907819548776335,-0.24179777113244408,1.150012836617192,-1.6238874990126433
3251,0.4357519693226611,1.0669639582519173,-1.4544724971350838,-0.5292443077621759,-1.1333643993837252
3252,0.8762900744968405,0.9586003233711998,-0.7256656857048958,0.19651978807696793,-1.2315424055165254
3253,1.3655200706241721,0.48851977721051104,-0.5701835797975183,0.4857841848861989,-1.3656032301646437
3254,0.2918078305254574,1.368664441227139,-0.950038975068279,-0.3621893454074882,-1.118078833949627
3255,0.17833113017818833,1.9617526516757384,-0.40736524673603947,-0.16130049457604814,-1.1002563677454726
3256,0.15575237024428157,1.8611100415948638,-0.5194897894013327,-0.27879058974729065,-1.1089211695377017
3257,0.150833194340323,1.8844137138987986,-0.3575394281719408,-0.1677822344686388,-1.1229151409645384
3258,0.09346959639693041,1.9516147159293096,-0.4930927230921832,-0.2031890224455477,-1.0400827780041124
3259,1.3050712310247845,0.4521980203495949,-0.9022459685997278,0.28344909085025566,-1.3241841811183948
3260,0.12626380648192692,1.948441945539886,-0.36314428466273346,-0.1699409916451265,-1.0931214847363262
3261,0.21475187416990069,1.7873247848989797,-0.348456962871567,-0.1996546583319014,-1.19707418736446
3262,0.10043666115510652,1.9900105410138784,-0.4592020843742588,-0.19960647145361304,-1.0697199112408329
3263,0.1484068765293173,1.9211186929221544,-0.5176799091924613,-0.2093901687033545,-1.058495027664024
3264,0.181035790983873,1.7346037938814909,-0.48911085874313875,-0.2833725326447238,-1.1639493776726864
3265,0.10098885844893053,2.107934285785188,-0.41713295757325175,-0.13115995519952203,-1.0443490564077842
3266,0.1482076894241923,1.9757601326952074,-0.3654720035853596,-0.10074284898548724,-1.0800947705718715
3267,0.7209226629652837,1.5073762475800874,-0.6268206618148948,0.16000549778260612,-1.0577964540027982
3268,1.7080310848651807,0.05041449534766292,-0.9663973219808718,0.4951610827346788,-1.387286675791162
3269,0.16945436039074227,1.725538750467083,-0.4979721997812526,-0.26206141969577706,-1.1387155280297085
3270,0.29297630892541676,1.7806731759258723,-0.478584120855313,-0.19232362804769212,-1.1672678832528187
3271,2.3150383610448766,-0.8096023548688763,-0.5870297815684563,-0.32412707946495095,0.005736906548850526
3272,0.3690876540556064,1.1534363867596908,0.14133729139069243,-1.1931694802350405,0.1454965765042096
3273,0.21986606894839977,1.3432022704670277,-0.05653988775507455,-1.2289715808854202,0.3253122834583601
3274,0.2768224172994685,1.7729657964314895,-0.43196410484788755,-0.22983606862031916,-1.2278944376993874
3275,0.188311016488873,1.8348851988098633,-0.47811334912693243,-0.23933089827016227,-1.148705740530116
3276,0.17722379282681608,1.875743577222184,-0.46975163144323223,-0.26429825893738884,-1.1586556875115337
3277,0.1650969053274217,1.9598472372662399,-0.4107627796876204,-0.21869611175163345,-1.1278619280592255
3278,0.3095567232090933,1.671396278242439,-0.44050000710072607,-0.28038547380136136,-1.2369889359527384
3279,0.27747713833647747,1.7463610225373862,-0.3608169316601597,-0.20723413135410357,-1.2237644001415224
3280,0.07190427916371335,1.674076065298238,-0.1478845565207324,-1.2388035642297788,0.44607933519739956
3281,0.47770191996912287,0.9112680570544079,-0.034342888648947995,-1.2520693115986425,0.11295587425411313
3282,0.36193661598846966,1.1897925119435482,-0.011520904969760529,-1.2056865398986956,0.20317869497748828
3283,0.3617110066557051,1.000046396170643,-0.012172015015839328,-1.2667923750259786,0.15564714520272108
3284,0.48721847862214307,1.0382801024392356,-0.14630707427978604,-1.1701949328881787,0.22523906812279476
3285,0.6065859649912162,0.7461855892514414,-0.29485598515333955,-1.171839852328146,0.1663847355319166
3286,0.354277418933168,1.5395647790514673,-0.6340361420353363,-0.2544959445496128,-1.1891437915309355
3287,0.22822731895649132,1.7350047979664094,-0.5622589665377105,-0.3102416583966632,-1.1418880312325086
3288,0.22985940235549365,2.0580360935553257,-0.43952297383999084,-0.11630241191306112,-1.1067500417014597
3289,0.22671363460783842,1.87957140619634,-0.5939690155749126,-0.19460225947168594,-1.1060256445367713
3290,0.34676391146370117,1.526407010609642,-0.5131660679348727,-0.28670841143137854,-1.2581858439205176
3291,0.26357191084982634,1.742289791863958,-0.4063816599016174,-0.26019926010717603,-1.214795549514523
3292,0.2567139792026636,1.7609531054343104,-0.4226110082023237,-0.253044814570861,-1.1989026510844494
3293,0.2697568889750309,1.6454811692413285,-0.6186856448043326,-0.3327618649276232,-1.177046093364235
3294,0.2911399493125893,1.6951426157780127,-0.47362438761487186,-0.24013909237198744,-1.1957931509039492
3295,0.461276359117283,1.5023174360665952,-0.40430741200179265,-0.14254394691765374,-1.297542615456693
3296,0.23967818646182126,1.7928937992684832,-0.5219175756392834,-0.24760176279944404,-1.1444661124245599
3297,2.715350900060642,-0.9685553285573693,-0.18543139669833877,0.24522013174512441,0.01711107629391681
3298,0.6015044107118491,0.9071311143273044,0.17528375160248516,-1.0542824115293392,0.05152572612706753
3299,0.3683514796433063,1.0406877822625018,0.2053313254425611,-1.2008489336074333,0.10502436123165673
3300,0.4111203458742891,0.9110404447283116,0.12646952649322982,-1.2201264586530756,0.07873692933885153
3301,0.5799314758341088,0.7614090022107737,-0.22983250506307984,-1.2236724876792586,0.12224793860418327
3302,0.5795281482856303,1.2950003309887768,-0.7019242216046545,-0.3170783739481055,-1.3562415350522266
3303,0.30187116572259265,1.757128267556594,-0.6273073200545723,-0.26044948536798107,-1.1581043997701643
3304,0.3182275363533765,1.5984573589486153,-0.559645737248045,-0.30193061973031854,-1.2415566487495437
3305,0.33077934910872875,1.5599216317779243,-0.43947322550080353,-0.295254980649243,-1.303810598141064
3306,0.3076624951826422,1.6360597627689297,-0.4961428822788647,-0.25370887819055926,-1.2322912483069162
3307,0.31356668003600957,1.739203771954587,-0.4229351161036097,-0.23092791652190964,-1.2404485284726823
3308,0.34529060083205687,1.5952854148719453,-0.45268803697818905,-0.22977507134148914,-1.2710664906033857
3309,0.3337510434990481,1.6786432833980067,-0.4185918615987702,-0.2529777156076481,-1.2656573636770907
3310,0.29297668007536365,1.6281535112837509,-0.5607829332817049,-0.26065430445394794,-1.2221637162297794
3311,0.31754736062902833,1.7186261602586352,-0.40761936409340693,-0.19623317859836648,-1.2283792355663743
3312,0.39610654980679516,1.622930669642329,-0.6005330806690831,-0.21917750420195983,-1.2285103364424534
3313,0.3487916022850575,1.6374609899074064,-0.4583944078662911,-0.1806774852464073,-1.2154031543569621
3314,0.4203122302413023,1.6194904408304598,-0.5057269798974521,-0.18604793071112577,-1.2551140597972883
3315,0.3101869008973048,1.6992423075301528,-0.5591603238990296,-0.20722248171253754,-1.1552638101327684
3316,0.3972893849945255,1.6302619032488508,-0.5527749006985256,-0.16606581333023843,-1.2061400709085226
3317,0.3937568672492032,1.5948384229880104,-0.55096360879491,-0.18523807468144504,-1.212643378121971
3318,0.38598248737859714,1.6593511702074437,-0.4722719097172552,-0.1319940300224327,-1.2236924012540917
3319,0.5007051647072497,1.4970115203983254,-0.4279009089645032,-0.134722180454556,-1.3252531511389114
3320,0.49420408013422934,1.4726004759874982,-0.07547913328225324,-0.09827872859805672,-1.430717081055124
3321,0.3188836357721658,1.6760385243853861,-0.6048410724404633,-0.2377524985789633,-1.1797862840087
3322,0.4344448672989641,1.4989941242051765,-0.2978838549034641,-0.15768525677156964,-1.3545180817538849
3323,0.46883175700138846,1.5369380476558312,-0.16589754218005584,-0.08365137932865119,-1.4025043396732004
3324,0.4316321403340226,1.4787736467214316,-0.4571322457082097,-0.21943065884190424,-1.3233242720269833
3325,0.3295734989998347,1.5676065539643915,-0.5524774219694975,-0.24235558489337927,-1.2283626428526218
3326,0.4232525318527707,1.62537018081036,-0.059009742140723014,-0.09881595802752294,-1.3972177782147148
3327,0.40743989762133165,1.5321337169510538,-0.22925337804727058,-0.19029583377080442,-1.372344539435569
3328,0.2887305722604655,1.712239103153263,-0.541868570069542,-0.23002563756712438,-1.2169528640463665
3329,0.7258262703707395,1.2522852621727294,-0.07204622572011415,-0.026967456806045127,-1.5460129864857721
3330,0.32735235662100703,1.6988631937185323,-0.5611659077245642,-0.22263203975228946,-1.1982677900536536
3331,0.37938882551531616,1.5549471116838218,-0.4259787741551538,-0.26079216554589646,-1.325805211703842
3332,0.31120823223924793,1.7239790479719028,-0.41190721405282804,-0.21900279733963277,-1.2499261109365079
3333,0.5320653769124699,1.4164306852183168,-0.4353366728813958,-0.1481383712003097,-1.363919237667623
3334,0.7268893348351599,1.2970165390325268,-0.32878937673954495,0.010028686733110023,-1.3840133858473727
3335,2.752747253311606,-0.6136407185287073,-0.7671425028429387,0.9997552126182874,-1.553906617146205
3336,0.7059347327531337,0.46314178466574746,-0.23957364675230952,-1.0429259727722104,0.14859947443503632
3337,0.15510497235345133,0.8305260944505913,-0.4884549912491028,-1.4714297476941058,0.3235374430397186
3338,0.12345553827648217,0.9730959731859319,-0.382062755497372,-1.4249214518728863,0.34434948622744843
3339,0.11652805881853671,0.9978100929289178,-0.37224879954091555,-1.4160810603579441,0.33978530434567056
3340,0.16994357477448666,0.947759358904646,-0.25795468300006946,-1.359090108418778,0.28026173758426715
3341,0.14469979745977912,1.1155622423866027,-0.07859878994380362,-1.267104451761157,0.28203565170485845
3342,0.2590788553914837,0.8155767116602196,-0.12219841669778307,-1.3205065779988228,0.1775374494183827
3343,0.20239239026622335,0.9392481578112202,-0.044162223869564324,-1.2796160123809956,0.2182616200955527
3344,0.16656334103639342,1.0121029045524608,-0.06044380529469866,-1.3050078091355812,0.22844429166403152
3345,0.17551399035901463,1.0549269297448165,-0.14392980257786347,-1.2869553015370092,0.2622877035112251
3346,0.16784345098866918,0.9617706806212483,-0.10188395653334442,-1.3282810162874672,0.2288895544010411
3347,0.22538153555857526,0.972275689797416,0.02731170246467835,-1.2487580809066934,0.18652971831115997
3348,0.16064149877072162,1.6176717632216226,-0.44151835649528753,-0.20465800839900505,-1.1850527456016833
3349,0.14494973299583622,1.5867575365943156,-0.3462453184796117,-0.22753082497448576,-1.23911553505612
3350,0.2726852867166963,1.4851688282906395,-0.4591051442558844,-0.19082464085550202,-1.2664633427349765
3351,0.10957394207786239,1.584799175100724,-0.2762473458647601,-0.24188607314975702,-1.2453049480770864
3352,0.25622640040759637,1.4020150216722076,-0.3691113450808839,-0.24146618427515948,-1.310653126667244
3353,0.2292073993597032,1.5826693780518604,-0.452129022692579,-0.1777210474528809,-1.219340712460579
3354,0.09687928478165833,1.6553626090300027,-0.44430060013528583,-0.25181030201448246,-1.1783688103134713
3355,0.1548031780893168,1.5955061077245216,-0.2741929302725198,-0.18337751163155158,-1.2486202257089571
3356,0.37286658362528424,1.397634100396262,-0.3774577574555432,-0.12949086895818487,-1.3315965098197333
3357,0.24488768430821725,1.5813191140537104,-0.1617054030886116,-0.10923463745747862,-1.3156404634514582
3358,1.3453424382794141,0.492820338669593,-0.1677641691075581,0.28030994238216994,-1.7301493361589482
3359,0.427692920619002,1.4986169491499883,-0.2293773952471264,-0.08754100292002112,-1.336155048202135
3360,0.21978881544534373,1.4780358004295067,-0.764783132881083,-0.4236287702884862,-1.1831607278183076
3361,0.4188034619681214,1.4928353079149663,-0.9754971197260293,-0.20641999487044815,-1.0569349758505422
3362,0.1314337392921894,1.725691590158317,-0.869760431453321,-0.4357780900490135,-1.059716401188829
3363,0.6200875834965893,1.4481439261841462,-0.9011005029151278,-0.06026447030952223,-1.0954946922488031
3364,0.3008416099651243,1.7288010882338156,-0.5282465202356872,-0.18409352205579577,-1.169619258117949
3365,0.17372870232473697,1.8747887075219667,-0.44451126388808243,-0.2478614390953599,-1.1461320183423753
3366,0.43803107659470514,1.512402625727303,-0.6308379907420083,-0.23940824395644308,-1.2286777470572925
3367,0.5547332640296292,1.7244273505703518,-0.6751656357911661,0.010191727342353385,-1.1519932085519855
3368,0.3501608279177785,1.7548260835853517,-0.5956451077516938,-0.2080585968378434,-1.1684761807936568
3369,0.598187689316286,1.3261645325237075,-0.4560215004065089,-0.08727173723192683,-1.3268162180121916
3370,0.5141816012631584,0.9011317940373531,-0.15026704525829468,-1.258793665418545,0.16435883345204522
3371,0.039292360084684154,1.7404362665463062,-0.04170657294669528,-1.2194467264786082,0.4854759809360163
3372,0.9433480149059565,0.8858189333513299,-0.9477436900387234,-0.10096570061336001,-1.284835212549081
3373,0.3701614839276127,1.6873869806479738,-0.19977514983735398,-0.1915511602208887,-1.3359362604639284
3374,0.19786315131018556,1.932687164107591,-0.541699305413053,-0.29590923528856067,-1.1161426441676654
3375,0.42584077956156124,1.4506814357619542,-0.5894086660824037,-0.3626335476158102,-1.3080318900940555
3376,0.34072909416938085,1.5881111044970349,-0.46470049536940866,-0.31594452037803167,-1.2943150294134895
3377,0.7595134751925168,1.2722686860927956,-0.5935840437946226,0.09710635841720758,-1.2630309925862835
3378,0.30111795661617036,0.9688330895177588,0.030814015172973396,-1.1921394194358008,0.19186671326255983
3379,0.32074532674352013,1.7492550233504804,-0.5704926408589722,-0.1294402465201481,-1.121172770040477
3380,0.18604621695703932,1.8636073572559566,-0.49705561930155806,-0.23407138049033469,-1.1287846627841003
3381,0.2635445202128552,1.6803504139037153,-0.3597791910348963,-0.2228573271107646,-1.2454993187597356
3382,0.26078777928172336,1.7719449545504404,-0.31024008160797445,-0.17900771619138633,-1.2288143947358685
3383,0.32200917041591565,1.3084943395029978,-0.02351771646473335,-1.2062021473068583,0.29896310796628295
3384,0.3877758411171863,1.4791210095421077,-0.463793720676195,-0.24646146766273044,-1.2900366871123214
3385,-0.06992395433308791,1.9063318377685101,0.06006529767794879,-1.1716155039656422,0.5490039649070952
3386,0.7429612515856987,0.47025840640337974,-0.3463678675961097,-1.188035423071914,0.13534618036416146
3387,1.9828456006787345,0.07201221951526907,-1.0457494694140608,-0.725797679846096,-0.021578538349427027
3388,0.7435328752522788,0.5378481693920949,0.0540953801956919,-1.0690407247825375,-0.017985860332059168
3389,0.5619064094632072,0.5511683957962651,-0.1705841254222634,-1.300054424398717,0.06918188592657114
3390,0.37753039296104696,1.0041735879784748,-0.09669751324715486,-1.2650398215635221,0.23164867205920156
3391,0.36612097690545564,1.8844035507011774,-0.5130745760798893,-0.13930172617698452,-1.1287210490796138
3392,0.2972770825707667,1.6227033350244375,-0.5805464284758541,-0.2711178929275204,-1.1624409218904386
3393,0.519508232878983,0.7736503777094434,-0.16442374478028451,-1.307031825947147,0.10292913990417105
3394,0.3215100376730687,1.9072293724118865,-0.5667066365438593,-0.15423918447630378,-1.1189883153745546
3395,0.5041723038326398,1.058593976365429,-0.35407398259680395,-1.2545647669808455,0.2529300356929167
3396,0.43644691108399636,1.6276533476338897,-0.4666738024790751,-0.21460687447489443,-1.2579133267747906
3397,0.3134494540576065,1.8129262025924426,-0.45518217459111626,-0.15819397901614576,-1.177613544343166
3398,0.4180237152970342,1.2343935084458455,-0.029696607484713478,-1.1687164489564938,0.2496086453623681
3399,0.2465757393178761,1.3027113468318616,-0.04100836656299256,-1.2693015473982452,0.29570978518396834
3400,0.31587028878218787,1.28791932554877,-0.16397422193059796,-1.2731522993218105,0.3051209598418912
3401,0.3717931695120725,1.1325555015796256,-0.14417136787754076,-1.2889313564806153,0.24028901174561104
3402,0.5671216255651361,0.7722516384951515,-0.09797733871013449,-1.2784026778723512,0.08202287974078844
3403,0.9239471369278508,0.40969928069726735,-0.2460255836823164,-1.1193093992329226,-0.0004682036492488575
3404,1.4745102137224115,-0.35683508899773025,-0.04989128255745979,-0.8675486656937537,-0.2794404023969911
3405,1.3189658652717966,0.04254322416709432,-0.4714313280867188,-0.9471353048179701,0.012543471336671642
3406,2.8328130079977414,-1.2121280560061007,1.727653228987181,-0.022477325178468593,-1.153864175723322
3407,3.3339744543267678,-0.6987139179965179,-1.397046084758365,-0.957409104370351,-0.2486356932953683
3408,2.1035259310484413,-0.7844385978121305,-1.3408810877270052,-0.8907452206615049,0.048056432087152774
3409,0.5111769990085387,0.5661891137466162,-1.5555287953904866,-1.9544828466862758,0.4521531496533324
3410,0.4193540330502148,0.9610426639208716,-1.013245240323895,-1.662402168313277,0.4355255253732459
3411,0.45418617126657634,1.7635730514083405,-0.6227396385609958,-0.29451334408926116,-1.2159371840531006
3412,0.43153089021083896,1.90960654538148,-0.3813767412727229,-0.2315018827787125,-1.2458078171736908
3413,0.5453851386601927,1.880524364408488,-0.3805997697664136,-0.1996679784735803,-1.3211727468892491
3414,0.3916684197317498,2.10714503757119,-0.49920248573695714,-0.21659309191042145,-1.170497258643053
3415,0.5826818964679409,1.7370887117332634,-0.5180898655812315,-0.24464810824561903,-1.2887555221577323
3416,0.4986192799770369,1.885193644882392,-0.48244572043277395,-0.21231673330511625,-1.2153692989343927
3417,0.4751278832518078,1.8929176958259746,-0.4420663327453464,-0.21971487419751287,-1.2240054395413338
3418,0.5166324228258287,1.2178710715197103,0.07066685188992554,-1.2521280921091262,0.1340750486222121
3419,0.4089539272400398,1.3594411516009026,-0.03926740241124927,-1.2743805791139968,0.22171525747526782
3420,0.4773367850283064,1.2793603826365443,-0.17711762093375555,-1.3182156887431886,0.22613491617836937
3421,0.41968038470167623,1.47952552035199,-0.14501155924439063,-1.2608466510927465,0.2631408822249026
3422,0.4446919655245768,1.3882421702756775,-0.06086212333222337,-1.260834335536079,0.2333024072494291
3423,0.4655394048662448,1.2485569966439742,-0.03819156063318029,-1.27612802349079,0.17513613501660097
3424,0.44632817146158954,1.276520093290437,-0.13644880550135394,-1.3095996032405297,0.21384623783847184
3425,0.4218421071244101,1.1726971481720931,-0.07502080507660452,-1.3428724956369302,0.18243344209112594
3426,0.39444406136531057,1.3442352817020184,-0.1619848324386545,-1.327557063196838,0.24552959635897345
3427,0.3948010965930004,1.3969593505918465,-0.1521037786624631,-1.2797564252391975,0.26256514232771466
3428,0.43998232334755727,1.2318079471814711,-0.06063743349502782,-1.2941801994304558,0.18675322066449548
3429,0.46598529998101074,1.1641884922500652,-0.09920832348781111,-1.3167319441607668,0.1804509115528319
3430,0.5471758157243451,1.185749557658157,-0.1289718592727431,-1.2291140651929255,0.13607856889613862
3431,0.3953135272218496,1.8043213283273163,-0.4731166268041922,-0.2978061000384939,-1.2569616419008731
3432,0.6944873942522632,1.417728049591547,-0.39761535353748234,-0.07313790936231782,-1.3949947906284648
3433,0.16884032823083836,1.9673094361299388,-0.39799842580015937,-0.25245810787188133,-1.1459903832558038
3434,0.2857513026912084,1.932836102743659,-0.37091897016118885,-0.21694954683922618,-1.2067945915299314
3435,0.19763643413829332,2.0859890573809845,-0.25963147095416983,-0.1310726148853543,-1.1290145422803146
3436,0.1741220680879205,2.033304017185016,-0.34348545144607967,-0.17418263612690818,-1.1297544089587843
3437,0.2507718833243915,1.944025055734705,-0.25419028862829907,-0.14995042125682617,-1.2089101134454536
3438,0.17855693059051664,1.934827309426433,-0.3320537301622849,-0.18280434950842644,-1.1444484719531376
3439,0.2696047316804478,1.85413350105281,-0.2301464576170334,-0.1958935119074484,-1.2633480690396228
3440,0.15509233561013677,2.095790124508632,-0.32479549230574456,-0.13108810383543693,-1.1100021553460386
3441,0.28493890375070996,1.7887002933268934,-0.4742011061253692,-0.24070772818749572,-1.2058362804693568
3442,0.17244672681669104,2.0256939869502912,-0.3969571230287466,-0.1602648206359445,-1.123862084556489
3443,0.13264861801843927,2.0078744221444285,-0.4419345939802056,-0.2000854171472079,-1.0870082359331996
3444,0.33339602893487874,1.750969638485065,-0.3745366471810366,-0.20065929005638883,-1.2252017411534524
3445,0.19543978617381658,1.9805024685194768,-0.29042900537879146,-0.13951795232568334,-1.1441494444253444
3446,0.1735881378748125,1.8789324330433796,-0.4422998957978697,-0.25072057654161783,-1.1464223449499686
3447,0.11555450517751793,2.0286970337854426,-0.42391465077033474,-0.24326615800707924,-1.089812408085119
3448,0.36880377493957994,1.6303008565555694,-0.4532770364227261,-0.2521770906702685,-1.2635162929045083
3449,0.22291698194780274,1.8300596290993831,-0.4858336217370196,-0.2025847532645422,-1.1482046973927995
3450,0.1630343147892559,1.9781736209439589,-0.4127224748259038,-0.2150773721799075,-1.091887574478235
3451,0.3030628457421407,1.7540041066526078,-0.4267857102703697,-0.19900514300887492,-1.1707649850205495
3452,0.40502519219745,1.582465743373116,-0.5311045022196239,-0.2402182811165195,-1.2446083069143095
3453,0.20104193405094467,2.049794363613786,-0.44773934169188506,-0.14796646607528108,-1.0597438967371136
3454,0.24814075564851654,1.8405016976786406,-0.35317929856476865,-0.2047546131401254,-1.1889422129861713
3455,0.2555445193256638,1.896151369301639,-0.4919292068243434,-0.1712981959115932,-1.091164960518906
3456,0.3422750595036612,1.7348839888166743,-0.3958681767429081,-0.1812651839867084,-1.198945740109597
3457,0.3468222082633858,1.5545695111235882,-0.4559195985463135,-0.2710075552615669,-1.257457202777444
3458,0.12445880418609154,2.049832978948166,-0.42319559760809267,-0.18422644125409,-1.0901155389326498
3459,0.20887507243552664,1.830559139043893,-0.4431786413998646,-0.26490889736966045,-1.17257917027282
3460,0.2782756470829663,1.8704513605932314,-0.5631503844055583,-0.20623832702950562,-1.1320157105344564
3461,0.2630929394090956,1.8373867656064065,-0.33298103269756896,-0.16732893733848556,-1.20955160821135
3462,0.21032202738046704,1.9443318139463985,-0.2796983397550579,-0.13932653306353893,-1.1941987734697368
3463,0.28337301770161816,1.7189101249415177,-0.7067076451511835,-0.3410476738689519,-1.1434754354508028
3464,0.2057938065769208,1.9111716590359682,-0.3136465553373822,-0.14477817607507923,-1.1810289004225312
3465,0.3101992113387705,1.7383222755837362,-0.5490039592176672,-0.23063145030945542,-1.1616102074209158
3466,0.3096803408816248,1.7518716093049524,-0.41569567675146546,-0.22955580088796568,-1.2355541379986252
3467,0.29614812830064124,1.6811658554747508,-0.4841343519657945,-0.26638371780342895,-1.2314246797729929
3468,0.2585747524168463,1.781662218089566,-0.3802836445856271,-0.19205952891374684,-1.187643759972667
3469,1.759583721559598,0.11760236763249715,-1.573030175892002,-1.3534904641020775,-0.017973575686063194
3470,0.6125081418326312,1.092651319552401,0.04064156878222121,-0.9854205499263208,0.18582099793616141
3471,0.41323517852122055,1.0101049789198224,-0.1881963442496549,-1.3227997960667632,0.20328852874622816
3472,0.348871173870112,0.9442731644432019,0.0029341707782484464,-1.3086898406920282,0.15827590859872626
3473,0.4149809246708788,1.1276405952645954,-0.07073958729774887,-1.2561928438907266,0.20369519894021984
3474,0.32355876356496716,1.239862109411079,-0.018421663237006933,-1.2551684663332394,0.23681461260285622
3475,0.3550984922247815,1.8810769756294583,-0.38154977567350756,-0.19827097306948394,-1.2259688031889768
3476,0.36630871222602024,1.8381783128548141,-0.45985536339694066,-0.2476772268895342,-1.2077892450426906
3477,0.2680261280367583,2.1668477462300886,-0.6384120888508865,-0.21251475113699683,-1.0818740613293887
3478,0.37741950095882154,1.9743560688431911,-0.4800061718161991,-0.18174046089408724,-1.1963512250513249
3479,0.3050961884145983,1.8765200859584692,-0.33042756870898893,-0.2513630327032479,-1.2284942010828903
3480,0.3630482794203034,2.0905430498418855,-0.577671594929703,-0.2285254144292593,-1.1439007113789044
3481,0.30731540072455515,2.2121467595016653,-0.47418224446106,-0.1770790202688341,-1.1174898174535577
3482,0.40917476812835235,1.9610282512820887,-0.7086500479546386,-0.33842616135177467,-1.1855316865491707
3483,0.34242231424273384,1.973230821254969,-0.336709630288961,-0.21632060672146125,-1.237866510064016
3484,0.3435079802652378,1.7813061840587212,-0.33773925440337366,-0.2901247528246699,-1.2827851410374027
3485,0.4110107722706048,1.8790346394259156,-0.5831718106628428,-0.30687207197376004,-1.2078935524656638
3486,0.5156031320763697,1.5552845089975438,-0.45903602743474053,-0.19703567519157553,-1.3656269152396907
3487,0.33880791925406906,1.7295722702549716,-0.4439210849668283,-0.2524196460590976,-1.2734021944218845
3488,0.3662367161051832,1.615308900693254,-0.2582330201931044,-0.284386550660856,-1.3577626732138464
3489,0.19394424943397154,2.1846531464643877,-0.4101589770950156,-0.17564634356879888,-1.123379036535193
3490,0.5175314414406336,1.575173488412502,-0.5528026173167034,-0.2804995439518529,-1.3297266560885586
3491,0.3268827476984328,1.8922118955103135,-0.38173283197862196,-0.24048691816469045,-1.2453303618613232
3492,0.16925126146312447,2.1446514637053133,-0.3922515670789606,-0.234199613118295,-1.0991165803698253
3493,0.2522969448159848,1.9699948606342914,-0.4076067114455011,-0.27832000778061755,-1.1871596046715776
3494,0.41175053618613816,1.8212347980071113,-0.3969321598925667,-0.23303671972262216,-1.257456392766776
3495,0.2251273600804669,2.1156553142514087,-0.4766207935909722,-0.17235965391310984,-1.1252089207110934
3496,0.253397944857536,1.9965173051471554,-0.5608687063526916,-0.2430795415403116,-1.150223486539926
3497,0.2778904425907454,1.8874165047691112,-0.5024257777379637,-0.31413038885755545,-1.2034810496519701
3498,0.20214588513806503,2.1155397567440275,-0.40204605459086107,-0.20315179062501448,-1.1296262334580345
3499,0.2473271246176631,2.1329124349175848,-0.42828466963147005,-0.15590865297086715,-1.1295504553466102
3500,0.20123825568914863,2.228045594898099,-0.40841188515913185,-0.19271789743916704,-1.1010812262056948
3501,0.23208860281631427,1.998163582752657,-0.4488960564281037,-0.24428064419713305,-1.1605766822460009
3502,0.3104432967086675,1.967020633455467,-0.4327274209053128,-0.2508662779149556,-1.2181436124892897
3503,0.5216580144394762,0.6192758471491353,-0.04632670096464145,-1.238082043634873,0.0834500671743029
3504,0.5207889017624169,0.7059614329563766,-0.15369466857152872,-1.2525935910621964,0.1463853219827292
3505,0.5180965780595244,0.8587344716996399,-0.13000689511623706,-1.1733717261745524,0.16217929249622332
3506,0.515792921700381,0.6507762241177215,-0.045346611579707666,-1.1893573431835969,0.11046634691291961
3507,0.5667950220711025,0.7622627849035187,-0.08359178391846064,-1.1969079919638608,0.133427018567824
3508,0.625373808851819,0.9193417893964766,-0.16256711708197555,-1.239296412633105,0.13171018404981508
3509,0.5163672125282571,0.8530633147015413,-0.24157567628928897,-1.2361991604232105,0.19078069326436953
3510,0.6521807040636014,0.7803763716760386,-0.11867999254945973,-1.0191505077608742,0.19479981478903663
3511,0.5888393456481774,0.6494648073358037,-0.13086064518007864,-1.1785589265435843,0.13123556714006632
3512,0.4846547291865108,0.7692283504111306,-0.15051271971112046,-1.2104348764757693,0.17097810591467894
3513,0.477745406207652,0.8152148909944897,-0.03082334163250471,-1.187430199367852,0.13243528121481582
3514,0.5633332363482383,0.6719803843978737,-0.04381169098522411,-1.2002667946571486,0.08988035780253868
3515,0.5754154029560763,0.8520606666019956,-0.19702775010436557,-1.1246832812368304,0.1963172943182698
3516,0.6876423121903826,1.1446710465395857,-0.3086897023353665,-1.0894324523762537,0.23517097615473495
3517,0.8317478744151174,0.6076714754909381,-0.23598653613651738,-1.1041530322980184,0.15642352757159372
3518,1.0705854702521989,0.7347529146227794,-0.33560748121866846,-0.933762915816949,0.1910731306495616
3519,8.678628610239953,0.9296426447321857,-5.982973516403566,-1.548273537071044,1.4236558939525734
3520,1.2301605649143403,0.9032078089099169,0.2716989573123909,-1.00615241556297,-0.1710986632073928
3521,1.0500661298052878,0.6666817753907776,-0.03359633750887731,-1.2093491673777432,-0.07442458893002928
3522,1.3905493199214374,1.4383309738004255,-0.6721275013664403,-0.7727860581217185,0.2512431127972454
3523,0.946877045161654,0.7782871255711397,-0.1859309955522113,-1.2692620416128984,0.014949448018222466
3524,0.9634129571034877,0.788951927887814,-0.03241377587648139,-1.2096495924476114,-0.040652090824593534
3525,0.9536946473368421,0.7057338606092758,-0.1295534045484771,-1.2649249727138858,-0.01511245473896549
3526,0.9202977928061806,0.7372267583179271,-0.09677539862045823,-1.2671258780773085,-0.030647851375945535
3527,0.8043896007779425,0.8735510906827345,-0.2098174578630392,-1.3034186260397607,0.07066391022968085
3528,1.100041543688708,0.8056941586964661,-0.17094369324055925,-1.05635843607413,0.07807190100560936
3529,1.1892828434695113,0.9462487610890387,-0.47680048154913274,-0.9445596700390528,0.2963996827177172
3530,0.8605972678419295,1.0204832123504897,-0.13933111436725706,-1.2130897998436025,0.04933650471583542
3531,1.0545410041464263,0.9865630765585233,-0.3362495159327856,-1.055195731010677,0.2145116078605998
3532,0.8445586569587333,1.0908752797480206,-0.24682598770522224,-1.2103169320567735,0.12871959345902517
3533,0.9150477379916463,0.990366650590495,-0.36082663458529346,-1.1646942324734497,0.20888123083982568
3534,0.7879550589463161,1.0147702260942961,-0.3107427701127776,-1.287170816344966,0.1401427408598579
3535,0.79253261734403,0.9670312002778239,-0.3312676044971533,-1.3069436305890871,0.1321423577589364
3536,0.7958947482334663,1.6066333299289124,-0.6162265194862585,-0.20982842518268918,-1.3247787855089865
3537,0.7146901103711852,1.751269594674655,-0.689553229417429,-0.20248257838649455,-1.2437070451492267
3538,0.7908936431298358,1.7583976810358692,-0.7003344140257125,-0.19597601997146066,-1.2628898010882796
3539,0.8233577625946709,1.5703413929568917,-0.6800916304918939,-0.20526580703647893,-1.3164535089104679
3540,0.8371302919368913,1.6114039408328622,-0.5729508645394118,-0.2044774321634985,-1.373200686542678
3541,0.8987973329002464,1.7852421995939574,-0.7111588196420982,-0.09580697349115495,-1.2763010612337327
3542,0.9728906466986815,1.1220377298939013,-0.30952104807518943,-1.1669218424675993,0.10821298036662921
3543,0.8130789012534715,1.1436164358533496,-0.4270946297541583,-1.290393952533048,0.1677800965475565
3544,0.8164534281802475,1.6558996633081853,-0.5760662791793946,-0.2238108993059226,-1.3685500791440761
3545,1.6293823053781487,1.0202636413840112,-1.842132959873381,-0.09350001417547352,-1.2656949818764582
3546,1.8203993514286658,0.5687809825534775,-1.1662625837494016,-0.8688393526259502,0.27928496405957626
3547,0.9382418460081394,0.9432445876020664,-0.6786919164104686,-1.2619305239507863,0.17923371367553753
3548,1.1230522029341323,0.5579520579604842,-0.5966097938039493,-1.116374791357582,0.10366085146853525
3549,0.8486709169023242,0.8836599142110105,-0.2555740745751765,-1.2190472699148207,0.08558970705328141
3550,0.8371513724812252,0.7280834816224301,-0.23709709156857559,-1.2730439591758267,0.07446079682049535
3551,0.8076821360736671,0.902941719845847,-0.3027175273079028,-1.2923420743744487,0.10273645914685513
3552,0.7596861305813418,0.9715771895188907,-0.19589560144098814,-1.2949561290290394,0.10171918770944695
3553,0.755600540368807,1.0326518188318587,-0.24118005697055808,-1.298771243667822,0.12164186096895463
3554,0.7559839317849637,1.128765627691288,-0.3393760847117328,-1.2821938528144212,0.22883529658556948
3555,0.8761805700034022,1.1095242608220741,-0.3895549985612668,-1.2186077284798404,0.2689124743345026
3556,0.729489952606145,1.263691870410877,-0.33947502396750157,-1.2880230357562228,0.2233021714899497
3557,0.8861391232981735,1.1984287687554986,-0.5089036922477049,-1.155531844070376,0.324542860855597
3558,0.6280746502135577,1.2699624169366872,-0.1986343117162909,-1.3260623896891763,0.18821667039176912
3559,0.8021098718736551,1.3962846050823525,-0.4452687422517178,-1.1579877327218229,0.38297900847303445
3560,0.7728204912737314,1.150293449707348,-0.10471099944914683,-1.2760457495808195,0.07514516342101181
3561,0.8409074438135294,1.2597941521613962,-0.5133033902229307,-1.2240809236817853,0.32603750845056406
3562,0.6678613910789736,1.2406597765149119,-0.3917649141971287,-1.3772218617545429,0.21729711673701185
3563,0.9101057087066975,1.684279483289638,-0.48052837330086245,-0.1323104755006155,-1.4185000719860195
3564,0.6438868003478386,1.922769890646569,-1.057567500296049,-0.4006364038909568,-1.1203677237270608
3565,0.8828176393126256,0.9653056119077641,-0.3018268447258222,-1.25537555813072,0.09539147186905061
3566,1.6835557584620946,1.240722546865379,-0.295982917668423,0.30020206554596257,-1.781403471237139
3567,1.4577768645783376,0.985753082337981,-1.173434440141492,0.005198774211864493,-1.3636813666849317
3568,1.8259850920416467,0.12728424066119873,-0.36404005559019115,-0.8446446849845033,-0.2403973913326625
3569,1.711066992733212,0.41152342022033717,-0.2977401482672477,-0.7532351370234205,-0.1469333497941585
3570,1.7695587648472824,-0.109438180651647,-1.9288539013981914,-1.3319694981962917,0.3094994660154628
3571,2.3456441405921993,-0.32640268835577835,0.7591720922059629,-0.44422737371380655,-0.7407348246723949
3572,1.6296474512196775,0.4774679412907147,-1.6851462687503644,-1.3398989077625147,0.16789463239181465
3573,1.244788757776002,0.6874483861020078,-0.9410973030507261,-1.1486886339904212,0.13941201848730908
3574,2.0651243363234806,0.020388210283706208,-0.9836473749783313,-0.9097311873080072,-0.1197975323698012
3575,2.7949487291662276,0.4803732544573775,-0.6888556516764732,-0.6240492786341814,-0.4130217941063042
3576,2.8305057109483323,-0.10068960524689069,-1.5388986859556226,-1.1340036884292517,-0.20521735031927846
3577,2.9348212983993767,-0.03145558744638763,-0.6647199400060476,-0.7795850711758494,-0.4656164458160614
3578,2.4561576777948138,0.6819344456495071,-1.8839688556858525,-0.010996784400457333,-1.5428034001392634
3579,2.9515187628255775,-0.007396531133029331,-0.8854694726933857,-0.816666360937658,-0.39868386286068663
3580,0.9298047489706024,1.1604736555598723,-1.6558329967433045,-1.6862305158195299,0.5134036451081695
3581,1.1310917782886811,0.9647528356934679,-0.23728933536783267,-1.1152929278338888,0.08098405430167496
3582,1.3734912183806711,0.9018171803651341,-0.38195101750234317,-1.0180983858604882,0.019406176890944343
3583,1.746391036868798,1.1605001768628083,-0.9857920462156872,0.08626046359728584,-1.5249737950194724
3584,0.9605848947732061,1.6642455869248367,-0.7600255372807823,-0.15817254943342537,-1.2800957868442207
3585,1.5713429247539168,0.9050517268312271,-1.227005219172933,-1.0519337077485875,0.18195365022908347
3586,2.150512533422191,0.31816766059607665,-0.8990560161750558,-0.8571671942162117,-0.09900824332156705
3587,3.031578536756097,0.21309321271022313,-0.7765780368721958,-0.41720767011263243,-0.2896586333773238
3588,1.0559285921327788,1.2780976127089105,-0.7935787579394803,-1.1773847453680113,0.2668200357475947
3589,0.916525822166684,1.1459223029020258,-0.37831808205741513,-1.2488945567658178,0.13766257675946056
3590,0.7339880969465232,1.6261528221993344,-0.47537643476571867,-0.3013959890640035,-1.386218684748772
3591,0.6779823741239736,1.748580326210234,-0.6725828077437621,-0.39834519062656026,-1.2922527891756452
3592,0.9924643758591752,1.601739311522324,-0.5846517412044397,-1.0745918462087685,0.35179089433558564
3593,0.7654975669608347,1.9018747715342401,-0.5853441529245289,-0.2253060369470315,-1.2995281740603382
3594,0.8666014060208331,1.7647995277458595,-0.9943227196282676,-0.32271576456416434,-1.2446466802429452
3595,1.0105693455094313,1.8758510764677934,-0.7161499787612733,-0.023786379674023493,-1.2432335059376336
3596,1.250186831193003,0.860410766629962,-0.5442636407826095,-1.1015507812133116,0.1210176795600025
3597,0.7802001337533565,1.8555799110056324,-0.7707187637953462,-0.270956756579202,-1.2200198916018719
3598,1.2634711819488753,1.7291595595336602,-1.200830023557977,-0.058912429036668955,-1.2931818514045088
3599,1.8629033651113323,1.3797136197026287,-1.0694184477922382,0.20163594638090768,-1.532591599936469
3600,1.5233418747487188,1.3631797894776767,-1.2859086897233059,-0.0855720102888483,-1.4267123508507413
3601,1.9701817669465416,0.6975328459916852,-1.285002574810973,0.08564181634982809,-1.5209514522350458
3602,2.014120103866571,1.3423323911074074,-0.9809453417014268,0.3568427857086501,-1.6338966561402624
3603,0.6153465909634204,1.6362290502601575,-0.8714187480892595,-0.40224931105070383,-1.232185197753914
3604,1.6081762112272309,1.064542930343344,-1.1686377647541837,0.18385575992333067,-1.3322102117577928
3605,1.0077074333044735,0.837434207170154,-0.282246366886735,-0.9434450451013782,0.22620832301253344
3606,0.9228026072125074,0.6572807786716728,0.10805589980888447,-0.9822631595886591,0.047061711805137484
3607,0.5966618951882471,0.7102174683151841,0.014253542481956158,-1.190121737088667,0.05613309127751603
3608,0.5107313492063209,1.3920027583581278,-0.6310760059063959,-0.18815814486175372,-1.252345879660514
3609,0.5042376516957641,1.4431052481780906,-0.31601502302400847,-0.13081244355306965,-1.3544148865872385
3610,0.5103644997450325,1.4585632358803065,-0.20103465698474118,-0.10607691598302285,-1.3984669049040788
3611,0.47138399292553856,1.769770896654875,-0.4059591848255012,-0.07447746339709807,-1.2517357916171319
3612,0.6079535402369473,0.8113454196338922,-0.051171162510212566,-1.1854794582758712,0.09896512763026633
3613,0.6317800442130278,0.7591138593650291,-0.08485095806447723,-1.2375869209532444,0.07851514627110648
3614,0.4928324363718157,0.9440432819180145,-0.17316698524083088,-1.1584228300719484,0.2075592213247904
3615,1.1939630568318529,1.1541751622868026,-0.6370133255495934,-0.6156039802166862,0.4147873266968277
3616,1.2310396576730251,0.9048109004165072,-0.31310952040551326,-1.0118924125034319,0.07021898318839266
3617,1.6806449890447002,0.7482676128250948,-0.7555787488061879,-0.6906068876449202,0.3498056477430627
3618,1.1165393242745723,0.9190738363627999,-0.24495475217232215,-1.0299331426110312,0.1257159546941377
3619,0.8486073489940134,0.7898972280931877,-0.12263645447024445,-1.2860009695187733,0.011083908589453802
3620,0.9059018782893112,0.9317394990352109,-0.21238010104716187,-1.2093152639913254,0.06898317537771123
3621,0.7668177817274382,1.564021740626087,-0.6513295752069831,-0.27151658566696274,-1.3377080714097709
3622,0.8668190200777611,1.5279205564617513,-0.6171881561325653,-0.20135537095512013,-1.3659771728698284
3623,0.7871809230949001,1.6633026146205443,-0.6011377697177309,-0.19663950536736358,-1.3073765567822693
3624,0.7906069943749989,1.7614845044037049,-0.5502145079973843,-0.15046592725081365,-1.3200144478926552
3625,0.7382604334471257,1.7798388384240256,-0.6919693064476586,-0.2386081460164082,-1.2793093520811305
3626,1.0864374617456733,1.6209674071188833,-0.8105112556161876,-0.0018216454190166948,-1.199288340132842
3627,0.683145464702585,1.9533503551956966,-0.6661543957045697,-0.21808218185079192,-1.2298679076595687
3628,0.8490453129958212,1.7704742619829597,-0.6621066411959414,-0.1607953364768617,-1.3386104577956883
3629,1.2890300359636842,1.563582003818435,-0.8806848994736627,0.12000739910370273,-1.3727030096260988
3630,0.8350659023879983,0.9260711856205945,-0.5156102243705031,-1.3572199789579262,0.15517452048751482
3631,1.0527434001685922,0.6600599425856877,-0.2978787465031209,-1.203121136220166,0.0043680173932291065
3632,0.8259150176232248,1.4559484527354323,-0.5592423079953207,-0.21186848519558435,-1.3751433795077592
3633,0.9227039422267304,0.8213546342816713,-0.21009130453070404,-1.2297499336634576,0.06967138766898709
3634,0.7645132077954689,1.5835732087346261,-0.6071562423004704,-0.25819872174329167,-1.3606861931259127
3635,0.7498050501948081,1.6103674710375906,-0.6078476031529839,-0.24359395616985388,-1.3217423405348134
3636,1.0548926882211311,1.6421007079841918,-0.7504670517235088,0.0065504652223079525,-1.2112536879536202
3637,1.0777665625555901,1.2290978749413846,-0.4001916398245289,-0.9227213447283178,0.3344179553193401
3638,0.7219266060742342,1.782772195051935,-0.6646572786771238,-0.26389410309312455,-1.3002216647875307
3639,0.6915778073848383,1.8417118916846547,-0.6638366388489376,-0.2453421344441366,-1.2677908866263212
3640,1.0971400952663701,1.6991086458130866,-0.7277134843088595,0.11798912235731873,-1.151388770079447
3641,0.9550558453278938,1.9349602340964254,-1.1548486409826797,-0.09784375036048326,-1.153944352308845
3642,0.9647549218209106,1.759272263408828,-0.6594257366064828,-0.026839590514009828,-1.3140624241392045
3643,1.0322806102526452,2.014243535175328,-0.9525126879134076,0.12890826379960454,-1.076938875809607
3644,1.0972837084253977,1.782828034381193,-0.6928079776983394,0.08557969304688418,-1.3950706764800016
3645,2.2342522055373775,0.46767949918363566,-0.4928277768708696,0.4686611513034918,-1.7788097026049916
3646,2.5590553391230735,1.032945354548079,-2.2379329488518995,-0.02897309731668895,-1.415563155666408
3647,2.123240664663315,0.566503802457482,-1.3929848150657251,-0.04942333833021301,-1.6599323853360828
3648,2.3466128460606352,0.790618839641029,-0.6554279857273769,0.3403532844656109,-1.935315815538194
3649,1.880441199080797,0.9094503001052255,-2.069071629951115,-0.0730297807706377,-1.2286877762397386
3650,1.633541848427131,0.9211309511808643,-0.7971820024062893,0.2861585798376747,-1.4684196420896187
3651,1.24487205739442,1.4504473594757517,-0.8802005150789657,0.053138939365192386,-1.3682620310361218
3652,0.8709056924611964,1.706938981274248,-1.2596029220254612,-0.26205469746025045,-1.163573323989155
3653,2.4399803111999367,0.6499908011446595,-0.1442954708692909,0.49381531204308243,-2.095769173740237
3654,2.4102185857001426,1.0391095314735237,-1.6608174386552819,0.04764826272759989,-1.6294019471909857
3655,2.7149907440099175,0.23501283764645864,-1.467154651685511,0.1407563252794269,-1.7194792669349956
3656,2.6308359758651028,0.5940997919687643,-1.3251023130954502,0.05304540014334811,-1.8310921372091347
3657,1.9570842064340657,0.6763226324563949,-2.230553254974931,-0.15174853297436341,-1.2530451405422898
3658,2.3770517265071525,0.5986639791790781,-0.6026992346775019,0.4265876530333756,-1.891971407819079
3659,2.419962780145819,1.0764321075280714,-1.9544366197910763,-0.04482188960579666,-1.557909787174862
3660,2.54300299511507,0.9415728531324613,-0.6854316828267359,0.45106079769765967,-1.9466534036321954
3661,2.624287139550088,0.5314379156433967,-1.352829593262137,0.13483388852867154,-1.7777105853151762
3662,2.945791405872361,-0.480144994907833,-1.0877069684314793,-1.034761100701601,-0.38830279335877754
3663,3.212560035520861,0.22692400118828326,-1.5899851966134877,-0.9784630290688024,-0.23719717181700856
3664,2.2056406878494497,0.8929893242145395,-1.7997457777931383,0.04494046679872586,-1.503843856746237
3665,2.364760351387821,0.5605467440780458,-1.9776823211755736,-0.09299124917195507,-1.4875385465588604
3666,1.7409685604953666,0.8577138357586858,-0.9747150483069512,0.21446134924400106,-1.5422344900533946
3667,1.5249981387778866,0.6406934087920529,-0.9811322740253864,-0.9310040638707588,0.19442701450601615
3668,1.6093568497950201,0.38661210474444235,-0.4339464227900037,-0.8275575804550954,-0.06482898117613393
3669,1.6324112774767572,0.9464378670476541,-1.2916918164157645,0.212980042210207,-1.2275735016153826
3670,1.6584330555807565,1.073782044094951,-0.675573358689887,0.3241583774430953,-1.5197217283488222
3671,1.3177782080918865,1.4447103828672834,-0.7311813495367046,0.14489627711389472,-1.3965106300100587
3672,1.5557157886998283,0.9012967500956107,-1.4030450919630508,0.04712548566569656,-1.268175074355939
3673,1.5290835179971298,1.102683288255074,-0.33114146738959616,0.22859962849982376,-1.671834524403097
3674,2.201270129799964,-0.15937581585691765,-0.42087426012202406,-0.7297655299367418,-0.3265222277556681
3675,1.7113588152691308,0.47645799790370785,0.005285624464172708,-0.6890698502166158,-0.23665949436562167
3676,1.929479746444631,0.02796126662581492,-0.7724611243802029,-1.0085279662956026,-0.2138024467206247
3677,2.1179792844426766,-0.1685989037038572,-0.9687213118100875,-0.9795359745677479,-0.18017684510073328
3678,1.6555101888971477,0.09648033007539684,-1.1992936480015504,-1.0935228052562416,0.15271468975314784
3679,1.2479132928382441,0.7213439193013561,-0.7429156015727504,-1.1030509772440018,0.11814259162429278
3680,1.473511324292397,0.7664201276924638,-0.3335547559150807,-0.8403650541513826,-0.0281510671020572
3681,2.172794030021799,-0.011580974785774543,-0.6445240192964946,-0.6352805038391273,-0.09474880668889402
3682,2.0690460407030606,-0.024651421946226805,-1.1332024811021313,-0.828801594342794,0.045048740233798394
3683,2.227963683470308,-0.14439266607666668,-1.1251851952009384,-0.7218376808177593,0.04884879292515988
3684,1.5999862691711066,0.6278184720002133,-0.27249178979128824,-0.7578246585031194,-0.07054673038416111
3685,1.8718459120288353,0.1970076731443023,-0.5425690067932634,-0.7134627415971513,-0.07233874327453658
3686,1.7696054398224093,0.10015947819170572,-0.5512222527966074,-0.7662646569005034,-0.03357671065198409
3687,2.2484966681287344,-0.36629465743224543,-0.43221595594564655,-0.6259830437019874,-0.2475737083977182
3688,1.1010849695807914,1.1306165663135348,-1.9777475823110024,-0.5039197494662644,-1.0545994212845247
3689,1.530925000808023,1.084418418906854,-0.2738728703825212,0.20339494384614287,-1.7362883126979696
3690,2.0394128352873366,0.1642155513031235,-1.1154457658111205,-0.9573086167842659,-0.03192630475827373
3691,1.7026560522633472,0.3691257288256907,-0.5607429503079834,-0.8700345449289598,-0.10570321879628157
3692,0.7910425633130989,1.980500161360095,-1.4335637233992036,-0.3178823413794653,-1.0367443164251615
3693,1.5162417377272073,0.7153234424371169,-0.7049318469874224,-0.9962117449576775,0.0016074461706473597
3694,0.8114524781524375,1.1073929317404827,-0.46906560599642627,-1.3197384860751114,0.18290989835250646
3695,0.8474182187460914,0.970505626929742,-0.6046556210219088,-1.4006681782608903,0.17709173237798437
3696,1.553654765278368,0.7751077538509229,-0.4238733792966662,-0.8438540798496172,0.02445816419716161
3697,0.879695559677759,0.9953454731257412,-0.6975296170152605,-1.3830434794062039,0.23217246639438918
3698,0.9258092553357284,0.9795532629205823,-0.52377485821171,-1.3030815097150925,0.16156953221049877
3699,0.8413004264142613,1.2170433594468764,-0.3972039923396068,-1.225669143118692,0.2031845234569046
3700,0.883075473567056,1.0410789572459302,-0.3099426339535027,-1.2378427996353605,0.12982554584954603
3701,0.9627814212303352,1.0642682216143262,-0.2750781316970341,-1.1699544739859058,0.09045886355267195
3702,0.8547076018908647,1.0038238802784256,-0.3947257653155849,-1.3177593194369013,0.12698717860811376
3703,0.9531227135565981,1.0301339911206846,-0.3849847203166466,-1.2333934534933144,0.1196674871969338
3704,0.9190913298440159,0.9632568140823369,-0.31101767807522873,-1.259746846819621,0.08412796596424846
3705,0.8941544118644306,1.1121772734801887,-0.4352213395727092,-1.2736328888987452,0.16189623834409092
3706,0.8501154790176864,1.1755595828988648,-0.4550698717980167,-1.2582289316471924,0.1935742244168627
3707,1.2107925947747082,1.0487698526152935,-0.47129518556352884,-0.969759132244765,0.2860680610844469
3708,0.8910645626602054,1.0716029956881727,-0.3384972574005341,-1.2385967568304683,0.12397491822067226
3709,0.947624461068215,1.0124400915253757,-0.270192014353353,-1.2203437707497562,0.08647528101709774
3710,0.8742664289475744,1.0022463776207793,-0.22905972214403147,-1.2468977812065611,0.08231132484738997
3711,0.8829682154432004,1.1192655546148247,-0.2938235234620852,-1.2328321756200136,0.1317704290040694
3712,0.850571982736389,1.186216283282267,-0.20149015291823605,-1.2181672205275074,0.10848784560865325
3713,0.9543783291580598,0.9710618836627768,-0.3376842876547311,-1.2204983952664674,0.08411090108986101
3714,0.8683948813553256,1.1137985727038588,-0.3346443052484327,-1.2761498875878854,0.13520649837053944
3715,0.8332036255225304,1.0939971868920721,-0.315347582314937,-1.2784710076294536,0.13217234362071695
3716,0.9020654188927398,1.0522468718068163,-0.3235142252695056,-1.2099420499035007,0.12987973456369928
3717,0.8580075388502542,1.073636080718475,-0.36520763991045524,-1.2348399621473747,0.14770743764315117
3718,0.9170742268307436,1.1653312261019564,-0.23949627906534462,-1.1635174243001856,0.14118945041154865
3719,0.8803693608656116,1.0714091922136895,-0.2733474101155402,-1.2389661397193057,0.10764538468669059
3720,0.8254616627103837,1.1943249406132266,-0.2932746805190387,-1.248129100293849,0.15233332405310165
3721,0.8040659309998927,1.173260363291017,-0.22272109088610811,-1.244174729317906,0.13239572340507347
3722,0.8827714611430925,1.1757570091472196,-0.1825157017311555,-1.1677596936990993,0.12753876102408318
3723,0.9724367601214872,1.1056655732837628,-0.0703222029536467,-1.0869934916568431,0.055100913562405374
3724,0.7564415407981634,1.2729803547557865,-0.6587119095632051,-1.3387384776480513,0.2862059651742555
3725,0.8538872314655906,1.2517072652740584,-0.25157019158755284,-1.1794365804057034,0.1375371663927225
3726,0.9705020296857744,1.1880466977347133,-0.16386696941572548,-1.054776866400587,0.09113088578196125
3727,0.8442511587341911,1.1917792029774783,-0.40403497565427504,-1.1916570935351936,0.21001249773532707
3728,1.008852452640803,0.9432949329174654,-0.12624040551973403,-1.0479745423074134,0.04271281445797309
3729,0.9959615173203644,1.3238922579385013,-1.3979520999342643,-0.3158252163949583,-1.193231006617354
3730,1.390358269654907,0.7481467027062713,-0.34097570770982677,-0.8555595949813688,0.009668783315463142
3731,2.046112346209839,0.16578521936410198,-0.00829563451444659,-0.5684654194967244,-0.3490754225945791
3732,1.638397646805554,0.47221899444661464,-1.5671785741259867,-1.1459584777672176,0.2397125263006838
3733,2.5612616125247643,0.17723564049916596,-0.990198843696644,-0.7887091715413426,-0.2609606007911291
3734,1.766744609703084,0.3774037825725376,-0.19950500400090368,-0.6464916412755531,-0.1626552554213168
3735,1.1767876914804722,1.5131845073095131,-1.09146468057479,0.058984154394679716,-1.1371113163316895
3736,1.0762339524908076,0.9253060548810331,-0.5694639402859778,-1.0843050982306126,0.14181193893931543
3737,1.7892014362083097,0.16712755051661607,-0.2813328083364859,-0.776553666162046,-0.24979898724197633
3738,1.502343899471323,0.7783329865722437,-0.6733124798956576,-0.738849098415012,0.23303868971286126
3739,2.023153684399023,0.005657650913355356,-0.630496594584639,-0.8207249485252631,-0.19564615399694318
3740,2.355691820493039,-0.01804557329735321,-1.1045197793933512,-0.8398983352368131,-0.13942716601582908
3741,2.5399700901862823,0.13128480307076631,-1.1313538623191672,-0.9119793941785075,-0.2638000310602361
3742,2.0326695554941985,-0.13127552738237666,-1.8980252453627275,-1.2951958843026126,0.12967678833943974
3743,2.945248687694296,-0.1343225725500212,0.054694830144232105,-0.5224249556720816,-0.7077409580842586
3744,2.4308293951647655,0.27939034360057785,-2.016217804702079,-1.1647326077663371,0.07053197890207741
3745,3.2642681516523733,0.11676747490410025,-0.7635010505441734,-0.5316109429752932,-0.4515046680718345
3746,2.6447816891941294,-0.34237773546923683,-1.5243788550469093,-0.7916570993630444,0.019317471607204185
3747,2.1195823489677115,-0.2344250338470735,-1.6691444984492008,-1.065322788337614,0.11400678206721925
3748,1.925967665898546,0.1445379366276972,-0.25843992750963835,-0.668002365632908,-0.2324148670219325
3749,2.2736761302748847,-0.15594673748599155,-0.5851405087474583,-0.7916495986843456,-0.3385104169999985
3750,2.636734125246886,-0.25403279762977865,-0.4394682272689255,-0.6106851786841689,-0.44253073024866146
3751,2.243831415026174,-0.11185509107146094,-1.059089004872861,-0.9990932470014119,-0.20262590858104923
3752,3.0238804139541764,-0.13843403223151154,-1.1614908515705888,-0.774417510651627,-0.2763574533046374
3753,2.994826137105347,0.5314309020274575,-1.6858142501157678,-0.9492979799073,-0.11991506840109295
3754,2.4157885902646914,-0.21484480366502987,-1.7048380721112328,-0.8484164977199129,0.12217194267017724
3755,2.6993803994665067,-0.34941605842470824,-1.3738458999194565,-0.7142078764183778,-0.058026637907713584
3756,2.1879889495046476,-0.15362905167183358,-0.5587667948938322,-0.7052639324626291,-0.26826907504774367
3757,1.8938444678322988,-0.16084811898342125,-1.3149332825887112,-0.9822156253668286,0.080876229914086
3758,1.5546669611770267,1.9459617280686432,-0.8952072617020206,0.41118384248568157,-1.4130164538998091
3759,0.89595746892969,0.2240244334182679,-0.4890930704213937,-1.0356881576918215,0.13064492834480051
3760,0.47359179366409393,0.7857014721793955,0.22201721023399518,-1.0417678570427016,0.09155412005958935
3761,0.3626686281927113,1.498982329168157,-0.08503682637066363,-0.053411810165412084,-1.3551493996801758
3762,0.31679102214508664,1.999515632183173,-0.28572856895359183,0.08734700918689589,-1.1727903849222114
3763,0.38150472014412734,1.5928533722329312,-0.39589811652305096,-0.06855470499566828,-1.2469740547414365
3764,0.7012212324919299,1.4407795880432543,-0.538414616354172,0.09986677941026392,-1.1456659405913912
3765,0.8453072502103557,0.9898744499517882,-0.19616234930534285,-0.8817348806266747,0.1908156021984514
3766,0.5271935386251277,1.199139278679605,-0.4451942413933212,-1.2064098178009757,0.29556037745165215
3767,0.8722676614551028,0.7595411705240301,-0.3184927632525564,-0.8694772056561813,0.3263632812417137
3768,1.0930049464914975,0.4159438130909614,-0.6825339220766574,-0.9735080856081259,0.22869441072681615
3769,0.9454993690082546,0.5356810804465023,-0.4544564244545659,-1.036684655329887,0.12453937890572174
3770,0.7315054389457499,0.8118569980018259,-0.2570512962441002,-1.1462517998423938,0.12092904338749678
3771,0.6336577771570049,1.001197358923975,-0.08711361222760783,-1.1413162862395665,0.1401488174914111
3772,0.5427349776421886,1.087309940838214,-0.19433984280440206,-1.1379413136496803,0.2208883747326622
3773,0.5782898544863226,0.9289038007290256,-0.06000842693676138,-1.0947769695830751,0.1544003001244781
3774,0.5031463338990202,0.6932637524762406,-0.13159049794100028,-1.2120962890448326,0.15432478621666795
3775,0.52811506716549,0.958417438279555,0.08252733474489328,-1.079617485853904,0.1290520145113915
3776,0.4478518807912826,0.9992672152153174,-0.04245151853537099,-1.0946524955367194,0.22756828088393585
3777,0.4924493995848491,1.1379394810333239,-0.16278939129648257,-1.050682835062311,0.2770698510203243
3778,0.43646084270105423,1.093684888385468,-0.21900070143132228,-1.073640561952759,0.3161429373698441
3779,0.44507716119475615,0.7827185807812258,-0.020261340563074753,-1.164144573709637,0.1690615861547674
3780,0.3797860424921788,0.9455378020182472,-0.149873137517294,-1.1778114712020014,0.2543608490593913
3781,0.47170310989939745,0.8161050904341124,-0.09635969103638586,-1.178118241354817,0.1785657722164992
3782,0.438973920126018,0.9534416119668309,-0.05531191602687397,-1.145215254339528,0.20248443655418027
3783,0.38660179968739217,0.9098686568640054,-0.3759136531313537,-1.1807345678270171,0.3208940913459677
3784,0.42890683691931836,0.9083449333315713,-0.08424979491912721,-1.1911464024200995,0.20573905814724355
3785,0.6050085439548365,0.9744065866196714,-0.006912309369400398,-0.9003202765273217,0.24442454071651562
3786,0.3502330568957952,1.7968201931327097,-0.34542702542004317,-0.05984611917445867,-1.2213570959802797
3787,0.3954672622503825,1.0492363880096198,-0.2747159874469261,-1.1661786200009638,0.30195773333530385
3788,0.37062065576653774,0.9569452747611549,-0.22012535761733082,-1.1530229915884715,0.2973314080444392
3789,0.4736985483115874,0.9903695068559545,0.11626364932149827,-1.0717947588788077,0.15946923740515784
3790,0.4479569457151921,0.9752945208986394,-0.19511149772422373,-1.1518464664980559,0.24475134118331893
3791,0.45680890968788734,0.8243190149078918,-0.04547777873953553,-1.1093022766138074,0.17588871180058838
3792,1.3142832332327705,0.8780682913309124,-0.25771907780525977,-0.37373379387595923,0.24570525936993534
3793,1.0567792328802585,1.1233146126872673,-0.7860835334323183,-1.1043676239276499,0.3631947469571829
3794,0.7563352322460601,1.0674124983276203,-0.33957832995769016,-1.262998054336424,0.18776244709562237
3795,0.6973017912068418,1.5648997345510538,-0.6407167841774883,-0.2548801724177185,-1.310447563392896
3796,0.8184551948796843,0.9365568496672427,-0.14720637003717482,-1.1987692594656636,0.10693780035647954
3797,0.6676885926005214,1.0346029011203166,-0.20778132376612585,-1.2921973341184956,0.14250328796303638
3798,0.7088763314858324,0.9937043231581247,-0.16102538819532067,-1.2581854647035562,0.11486700317843401
3799,0.804774867615844,1.0479342123877031,-0.03974202419411691,-1.1433514529715174,0.11039424396085096
3800,0.6205649662392291,1.0461874136281129,-0.3179122411592002,-1.3574195630745622,0.1852391401622862
3801,0.671015504248053,1.6837254846434535,-0.5593108221354622,-0.22687394376388073,-1.3065517947888685
3802,0.819753542002094,1.8043482420605674,-0.7058150556880382,-0.027253103324282605,-1.1092531145867612
3803,0.656919970699874,1.5663908679038003,-0.5030968782735592,-0.2571756050380265,-1.3592916417655074
3804,0.7181900803821922,1.6950618682034888,-0.8291498860889386,-0.2513283191785106,-1.2108543593559902
3805,0.6573904825047556,1.6600989640908164,-0.7031318728520136,-0.28464722901674827,-1.2747285579480387
3806,0.7932619981055544,1.688606762784141,-0.5887560277137238,-0.12385723654878342,-1.2835428601111847
3807,0.6723299864631667,1.7024298302703589,-0.5532209732938028,-0.20836749275399485,-1.2906373354550302
3808,0.6756693933648493,1.668885851695004,-0.5721793213790614,-0.21025609071995485,-1.2980481347234432
3809,0.6744256553772279,1.630018458776066,-0.6400682961095383,-0.25373203988891835,-1.2857495060742707
3810,0.6988222060488536,1.54843457772189,-0.8103193115941755,-0.2862268030497321,-1.24308694271225
3811,2.4809096735867726,-0.0459015511555357,-1.8006514786183587,-0.6101495305582043,0.3807453773167411
3812,0.8882606919486856,0.6343243222437228,-0.5384864032431509,-1.2536088021286917,0.16426705453526647
3813,0.9804001699312133,0.7923289227240552,-0.472372781906277,-1.0575468629183205,0.25417952574363456
3814,0.8070768395718385,0.8076833817009866,-0.18230282241897997,-1.203700662525717,0.11612742352407125
3815,0.612790040208343,1.0002420630362072,-0.17250659267470644,-1.2978902930585625,0.17641458666624088
3816,0.9669378452355463,0.8045451845329161,-0.18855348303363506,-1.1030509296771578,0.11337697821524229
3817,0.8422170267449387,1.060464645974881,-0.15025246906202266,-1.0971788076073374,0.17729287796994836
3818,0.6499489454754828,1.1144474623400844,-0.3821483708489154,-1.3208243526191825,0.253232051348226
3819,0.6715428824028157,1.7152204017311778,-0.4687322598740673,-1.1414501181355692,0.3693166665582846
3820,0.7826409053148445,1.3510155358101874,-0.31674564333627836,-1.1123326563569946,0.33760733699107953
3821,0.6556369812188315,1.2822421054181803,-0.15294815310961027,-1.2683197462596012,0.1830262478640912
3822,0.7922439938235556,1.1775570495997263,-0.5391622035613729,-1.2473289601037367,0.31483304345928
3823,0.7477092548548965,1.0692495731833567,-0.18662588903537228,-1.2405381801007176,0.15792489845817023
3824,0.5758900975914979,1.379329616252703,-0.3493122804110412,-1.304778357453347,0.28466094522768315
3825,1.3067509851467063,0.8773652985822913,-0.3709348652747238,-0.7543238825730801,0.22299572526388284
3826,0.8289311298101787,1.646831147629815,-1.1323054501817171,-0.8366523082149829,0.608500432943624
3827,0.45519882442486376,1.2021872171672296,0.031096855214039355,-1.1323480942010777,0.20836174162325208
3828,0.5136786008089693,1.258318704035298,-0.24090154882823522,-0.9624377874006069,0.41064401043655785
3829,0.33119174452125344,1.4299023081488877,-0.018894826243463118,-1.0594451257359196,0.3190013826300437
3830,0.21507271828310762,1.8611857731372945,-0.37915866857545033,-0.10600475097303569,-1.1466645745777373
3831,0.34730026622123805,1.886133864542651,-0.28967089844118366,0.00551075180206915,-1.1942958237670898
3832,0.2995486758266675,0.9735688428874326,0.22821957830315054,-1.119189448308866,0.1696390921740402
3833,0.36797434274953694,1.8249738296318032,-0.6263083111703858,0.024440448040653793,-1.0129143584005589
3834,0.48137593362428027,1.7797141769265108,-0.4929634236020793,0.19129832567458524,-1.0161457512474557
3835,0.2869459597417029,1.9268031008381543,-0.2998301371316797,-0.014645140822304493,-1.162035709819867
3836,0.17009689923266166,2.139567174050386,-0.4207987076885776,-0.031102450740989638,-1.043424032343579
3837,0.48720449523863296,1.9780507613794567,-0.5265678709939351,0.10947345684482625,-1.0144900073242322
3838,0.40910370973083365,2.2651670077905974,-0.529543518333395,0.22536988931168628,-0.9232089464169198
3839,0.2084719700306819,1.815494583086641,-0.5218014280280548,-0.17036962778860446,-1.1101139029510174
3840,0.16175136007907143,2.1074786956595757,-0.44668734267465265,-0.004444841922532719,-1.0278184667440087
3841,0.26771954594954234,2.2489376924905926,-0.3701541902094525,0.004544155778289997,-1.0844905924550987
3842,0.17946549743398685,2.080747709424598,-0.4004135088898352,-0.04564970186058351,-1.080921693960529
3843,0.2022560854844028,1.9063263290609453,-0.481219483237181,-0.10622922301371077,-1.0996563097506178
3844,0.2633092253740744,1.9172991304994838,-0.46438468038585323,0.035021871578046614,-1.051441893648104
3845,0.21389646905839418,1.9270039061044761,-0.4222231383789348,-0.07499697519768517,-1.1129915447363525
3846,0.26710762614510786,2.0985924945899295,-0.5594715830594558,-0.125126922267114,-1.0681336223534756
3847,0.20832666377304376,1.836870149722118,-0.30963385048436315,-0.10713951855149774,-1.175842255072511
3848,0.20357284102111692,1.8785007330589485,-0.37455832156838653,-0.14225273316326723,-1.1470132084240634
3849,0.32821663512849486,2.2191843980462544,-0.747136620602825,0.1078181150897825,-0.8725418562935559
3850,0.4854979128055905,2.0102943619692937,-0.570280859967575,0.1670311443522614,-0.9792712485867213
3851,0.18018390816089436,1.8337178143834392,-0.39794089298304547,-0.14739500043050105,-1.152599394206868
3852,0.22728103951383868,2.2898198317187117,-0.5254813307389611,-0.022650345933389906,-1.0250069195053295
3853,0.2359553086596999,2.0528734088371166,-0.5338283355102996,-0.024735212663956587,-1.0477250635050486
3854,0.3840064251969839,1.9701311039074818,-0.5778356957388533,-0.1314566612100305,-1.1190168789863963
3855,1.3299680301131873,2.0236453999359214,-1.1696512091557743,0.7718259709333352,-0.7567159137785552
3856,1.1565743813716551,0.7261574388194446,-0.5266708903123856,-1.1529210359149782,0.13430132756422436
3857,0.8227757797043672,1.066111837766567,-0.17874060265890715,-1.2293942360588208,0.11407219777167582
3858,0.7298153379760632,1.7419267267028982,-0.7378832059962162,-0.20985380615716742,-1.2636336564406656
3859,0.6973037302071383,1.920684230784373,-0.504147831767903,-0.11549940021877139,-1.2987120580635425
3860,0.9635460271561926,1.7940066540179425,-0.8636312733529432,0.05376867263441794,-1.059171151529056
3861,0.6706622152738688,1.8077883908054733,-0.5938188359168354,-0.21344095920924103,-1.2687134734719934
3862,0.7251889101738381,1.7828703301647877,-0.5822302523691325,-0.14349390857596325,-1.2884149929651756
3863,0.623004148809649,1.878941072182512,-0.5087988468884832,-0.20812131336031522,-1.2828937104270959
3864,1.135103659991279,1.8300424793364551,-1.3599378518033927,0.12331841568755068,-0.9607655131521701
3865,0.9718668369571429,1.530696067430549,-0.733353528680923,-0.0504417290914725,-1.3917103789475807
3866,2.6117177756979846,-0.03538236926487866,-1.424716256249738,-0.9771173713775972,-0.13926291901416016
3867,2.359510212937397,-0.3060583658052761,0.06796141706730337,-0.5676353465323364,-0.5685110548501109
3868,3.11949864302086,0.3866362020727972,-1.096557148098768,0.09732827803619841,-2.03894578604326
3869,3.594054919307321,0.12236858875804711,-2.076065433492175,0.06454794582133849,-1.6560932179702303
3870,3.0597526383218763,0.42134840064877566,-1.1379433556772207,0.15907795219445822,-2.016813579212594
3871,3.4929808682369634,-0.39646270068418854,-0.4280573970088699,-0.6772754083594155,-0.6653657368589382
3872,3.535417294850333,0.300324168008623,-1.854054317107914,-1.4682369854344781,-0.35796401367105307
3873,3.8924572773832256,0.5245644274744898,-0.6097490014889697,-0.6671081609448627,-0.7604330444070467
3874,3.157796070663887,0.41253651225939236,-3.0434540747438286,-1.7879087662384379,0.08293935456574013
3875,2.481018728673448,0.35870845272787544,-0.3935397324666963,-0.6299419030626437,-0.40375495462850003
3876,0.5828962433819398,1.17631874226855,-0.940409097189885,-1.5387134320973634,0.39495224261152967
3877,0.6270473627743942,1.418228748514371,-0.7558391205678578,-1.3472982960833313,0.36614526128838004
3878,0.6766726915028927,1.3813802012333285,-0.6469276826696684,-1.2985296368247474,0.3246383864503364
3879,0.6613217167832874,1.3437953865031054,-0.06351201685024516,-1.1915943384702656,0.16036147044994004
3880,1.1092265001417292,1.1409257208259818,-0.5193691303826256,-0.9260675499620881,0.2993344859807964
3881,0.9830759723239264,1.101993923439272,-0.6306614306170679,-1.0790313376825633,0.3732434062952248
3882,0.7744505165889971,1.286389524056704,-0.23220884674073267,-1.1488469745596062,0.15987562761994428
3883,0.747321760357217,1.2564884536144907,-0.0921056459603893,-1.1340100214937203,0.14845964687984667
3884,0.6659840981023651,1.2122434207158739,-0.41355195288488467,-1.3175941340681865,0.22284679353762352
3885,0.6338372971816456,1.2649701937074136,-0.39552326745418087,-1.3500341412135075,0.24226702441448073
3886,0.7743228673174816,1.0479565654104148,-0.12627981652590684,-1.193342784488616,0.09704779803111468
3887,0.6700178180105164,1.1973129114123426,-0.41235162501081496,-1.3308025932757712,0.21101523654194695
3888,0.6604195072760026,1.2180555247491298,-0.39203023789839603,-1.3131983755631262,0.23260126890309096
3889,0.6574884071039142,1.2836049221343422,-0.2999997107973773,-1.282225892318769,0.2048272153397083
3890,0.6552196150714582,1.3126967474043887,-0.37528528336631634,-1.2688258281747324,0.22962545255678268
3891,0.8052135341256503,1.173987698652181,-0.3258293668100578,-1.207935160956253,0.16960586060154734
3892,0.7168386513904771,1.199236693811989,-0.2782072156123717,-1.26671991793497,0.16651879627344013
3893,0.7313339079799464,1.244569139202591,-0.382340610532006,-1.3043400334454525,0.18379717370082835
3894,0.7404315333890622,1.1994153531562288,-0.2901478872056727,-1.2633769625237232,0.17185030557842207
3895,0.9891072200932267,1.3199096244860182,-0.5630426854400817,-1.0329241587720366,0.3869087696126396
3896,0.8459935124148308,1.278494835065197,-0.28606175638838566,-1.1291000322424665,0.14740663359146608
3897,1.005543967795189,1.3149464759480807,-0.42368667142815214,-0.9969975707344824,0.34587223154185404
3898,0.8353080835308061,1.103970677465734,-0.3777695972060208,-1.198037332088181,0.17477374989821587
3899,0.71901938120144,1.2615856431057604,-0.4003428817578817,-1.2734027349761106,0.21448745063602562
3900,1.032374402028316,1.3868018912413937,-0.5440764207135923,-0.9910095503169133,0.3995086312076666
3901,0.840637552377928,1.2102411794971453,-0.44708308291541243,-1.2152321005372508,0.20183595274385308
3902,0.9946577128687143,1.111666821400504,-0.33943410837917076,-1.0731570480392332,0.10995665791367315
3903,1.4477923112431428,0.9467055915044853,-0.4978837092016478,-0.8212783362061472,0.008063873008714926
3904,1.2962448698348525,1.4591623788777637,-1.2157362202371962,-0.0518964233134343,-1.384461531961597
3905,0.5892794128997224,1.960652409725369,-0.7943956133950888,-0.22243839396894446,-1.1491221455716487
3906,0.8352833739598252,1.9644401130295368,-0.8626260485511841,-0.07699251434171553,-1.2513202123124214
3907,1.6208635670465388,1.1181293063316142,-1.4633914886818942,0.11932097602713031,-1.2395798590950515
3908,1.345311710347425,1.4260878533320245,-0.38962361068148604,0.18511920674289092,-1.5907500994587045
3909,0.8441611090665274,1.6799049754195863,-0.7630192368181987,-0.1767805491154974,-1.2901602085321076
3910,0.9391563850087414,1.8342748945380152,-1.1633878290500164,-0.14221600222904365,-1.2178370511847356
3911,1.3666372997470169,1.899012718995248,-0.9854388228511648,0.19925741565829008,-1.3913173591566417
3912,0.9775503885164585,1.7885310837392652,-0.7012164886431408,-0.020674025865307432,-1.3554875739789325
3913,1.2950678326866771,1.868660083968042,-1.277355416383627,0.14174334493799107,-1.1856660527178922
3914,1.3357514041393244,1.9526697694424031,-0.9085158159951241,0.22954727304504421,-1.4140177273775463
3915,1.045213695087833,1.8145460176665915,-1.0170768953439453,-0.03458145785427974,-1.2955276265007831
3916,1.544977517892277,1.5803054491452948,-1.2415288879646411,0.3257646803363552,-1.1854835305864835
3917,1.919713178297004,1.187887040090068,-1.3646442488691293,0.0522771149568,-1.5969592834986326
3918,2.100784136445375,0.9193214791183101,-1.2209649681970856,0.09499859398441793,-1.6985020250246619
3919,1.711997848247317,1.008185557445957,-0.8540373052328158,0.1901283052598266,-1.667026766951787
3920,2.1557469906218976,0.5706118929779331,-1.648058558938606,-0.164980520299655,-1.6496350500274057
3921,2.059549665742585,1.0825617150358748,-0.9801426895680213,0.1618466754093867,-1.756234208737228
3922,2.162101605074287,0.9413091682620167,-1.1675771493135125,0.16912814445317526,-1.7549012655282348
3923,2.308122989593944,0.6245066707297193,-1.9569089851810617,-0.2659008097536817,-1.6017396361127099
3924,1.944807251380922,1.1951653527933588,-1.2018990544226547,0.12603028773273534,-1.637490563667858
3925,1.858468119729235,1.1152095975232639,-0.6458677438348573,0.3094637185073387,-1.741659523779139
3926,2.3835769498268258,1.276673468371751,-1.63578104823596,-0.04143250449835807,-1.6929013345526314
3927,2.684825687102978,0.6265817263224795,-2.583965848926914,-0.4121701142266816,-1.4887464739171508
3928,2.302977038136977,1.4018235864613708,-0.7575512468597998,0.4400988318673251,-1.8308439308690845
3929,1.8987610596461588,1.245492615194355,-1.503469635856777,-0.018503485532775865,-1.5477428155683086
3930,2.3487443020023266,0.8028335628856503,-2.198162405527162,0.08554559735085228,-1.2805698303044684
3931,3.282777683743242,-0.3946630080521962,-1.1451245440461566,-0.8996931497203536,-0.36758449692622985
3932,3.0382927679109204,1.1876106442271719,-1.7968162877424518,0.03826702169461737,-1.79188107612141
3933,2.9735367561163857,-0.004494938805954204,-1.1609067891889442,-0.962818027118626,-0.34062013361869353
3934,3.3848497614859085,0.09345361074241428,-0.3311049233205525,-0.6235075908154704,-0.7287012850202115
3935,3.407992734406627,0.25222282138415936,-1.3841047829204345,-0.9681841729851837,-0.38976916247510324
3936,2.5850133292326865,0.6032749772445261,-1.9263687845204938,-1.253197006602665,-0.053600329014956795
3937,4.004922305801822,-0.27160286964999075,-0.8432916050249283,-0.9602726123303804,-0.6793797811007597
3938,3.2494740651436524,-0.14790612691947455,-1.2954024554686967,-1.0443933956147071,-0.3914655221433461
3939,2.3585538856806854,0.4668308749947255,-2.3799597798510983,-1.3416435231603099,0.1646541245419651
3940,2.299745096020809,0.21604689360869808,-0.868317321768951,-0.8439669576116823,-0.23989072381976015
3941,2.7999245918847677,-0.3258822767008508,-0.12604069842479707,-0.6485303631216524,-0.6425481273647146
3942,2.2685448393819083,0.11799469117767841,-1.3063917993808465,-0.9516153458096397,-0.08855416630677945
3943,2.031071484352983,0.0870707732709786,-0.8546689287823569,-0.9155256750245986,-0.17618130348557237
3944,2.0413671445521793,-0.006730972458074715,-1.205541315729336,-1.098335711232692,-0.09959193892844652
3945,2.3979000200903506,-0.26408079567263576,-0.3286758706975418,-0.7222244874688802,-0.47505648448986504
3946,2.942819617785527,-0.21374183844207556,-0.31494886975639114,-0.6444645061996895,-0.6069559931333423
3947,2.5119243926106076,-0.17532058967584874,-1.0122994068457778,-0.8984339138135189,-0.2832150367736273
3948,2.5308251638643267,0.11701045946231907,-0.9113591082945625,-0.8527166910386215,-0.2879132786808484
3949,3.364243488856333,-0.2608058183987162,-0.5199735040111299,-0.7188325297592414,-0.6362232403514855
3950,3.230735146234692,-0.21748254256100552,-2.309193947112271,-1.435092629815488,-0.08828142763181786
3951,2.0805750740753384,0.459301289145541,-0.42590903092409343,-0.7609020470037864,-0.3381321739152082
3952,2.9207687668922775,0.17329642468724674,-1.2836496115592686,-0.7755197087841921,-0.19996300360819674
3953,3.847058458673979,0.39705089275254546,-1.8955046279235381,-1.2342840572042777,-0.36981510321633065
3954,2.0469200204010125,0.1873161879590602,-2.0815575431357645,-1.3487609902361997,0.15855874448861287
3955,1.6626529186253092,0.6323872127334108,-0.7807878939053541,-0.9504116960433423,-0.04466132454462475
3956,1.966558047739313,0.35824745760968024,-0.6306034500505597,-0.8758052080188091,-0.20937719657955167
3957,1.7636152620455692,0.43529910647909537,-1.3059616468190471,-1.0096096449831788,0.06570285382615546
3958,0.2893565991765379,1.059617647900166,-0.28566558088922217,-1.2426363240768348,0.34428388800052373
3959,0.26829639958569534,1.5061293759828887,-0.6101914775019323,-0.15068675991404498,-1.1272624976534875
3960,0.4891013498676004,1.7859706795914985,-0.5825444835301324,0.23461030326998208,-0.9821471092595256
3961,0.49067259697353244,1.9025015202521702,-0.8274764131442518,0.11380506527102217,-0.9475896526966113
3962,0.26080168386648683,1.955165442088824,-0.6614650380816706,0.018488297883319703,-1.0027365209045183
3963,0.323696208671901,2.011652202987058,-0.6796516014966133,0.07496902729246888,-0.9697555277130295
3964,0.5346335980825568,1.7688867660691603,-0.6767915135859124,0.20229040009788224,-1.0098866024223814
3965,0.6953690958091061,1.9843492352361238,-0.9431754614021648,0.2504004086671884,-0.9905049813627779
3966,0.31682727874381017,1.83190760481204,-0.6072583911347416,-0.07541316593244016,-1.084273503065285
3967,0.09850213812400341,2.080350016267817,-0.5852410836823656,0.006427190059675253,-0.9417602445310012
3968,0.6319578277916217,1.9524788414225456,-0.9612411564362952,0.12975111775670528,-0.8519068195312215
3969,0.1700088647701337,2.0773284756382817,-0.5450698409540751,-0.02828354752126998,-1.0025874140346838
3970,0.34053442140944046,1.6639232512467488,-0.47352235693586453,0.04505791053879315,-1.0851826583949888
3971,0.3047904817484836,1.7112989406398809,-0.88093233342794,-0.09870315669855172,-0.9846457283774239
3972,0.27040664348156934,1.7048517020460923,-0.5060336796970242,-0.17401311929289875,-1.1461584170017123
3973,0.11831178059277109,2.0571032611645235,-0.588622068524271,-0.04892665758150476,-0.9590108909217552
3974,0.5469866650490375,1.7000593420997403,-0.6183827235293566,0.09096584726920164,-1.0234067588029012
3975,1.4852013825854022,0.4847222172979223,-1.907370453119731,-0.1817833781987578,-1.3021413857518849
3976,0.5705375404561819,1.7758496005641906,-0.3102901597075798,-0.06161127294776587,-1.256789322590152
3977,0.43461252208299683,1.7200589274211304,-0.724370110529228,-0.293150240553284,-1.1306599418839383
3978,0.543851435651187,1.8564907289377104,-0.944148308187924,-0.23702415233454213,-1.0715269466612947
3979,0.39862219148964584,2.0525776866814103,-0.9533799728501684,-0.31280313334252574,-1.0159362575769606
3980,0.3944605388465419,1.8663203578114707,-0.6535930236635593,-0.2926265117304593,-1.1349711002985514
3981,0.48831755888826067,1.7882781976510835,-0.6431894984846983,-0.29509228322797293,-1.1788082638091468
3982,0.6442949867087099,1.9399972258516456,-0.8309897828725316,-0.10065551391203204,-1.0023174371259425
3983,0.3847147860453156,2.063946623232003,-0.8618300303233984,-0.3434768237826206,-1.0382556448666733
3984,0.5759999665832811,2.3229816089827438,-1.002934535421727,-0.10090082723819395,-1.0305527825476613
3985,0.7566394456971088,0.878237970389993,-0.3046171780249438,-1.0615803545891949,0.2160261125083041
3986,0.4070140427756096,1.2004900395462117,-0.059124837807862034,-1.1480735738318546,0.2504935148677104
3987,0.3294213605544065,1.3642005781406976,-0.30513819347495896,-1.1155432317873144,0.38935178548315996
3988,0.3457523475319019,1.2041206992262552,-0.0044077930244678,-1.1344083106215552,0.246265027015924
3989,0.40361930003975466,1.0462906033694306,0.142452172318935,-1.1178750159144921,0.16010459475941552
3990,0.5549042772145537,1.6752014385895753,-0.18820714109383532,-0.8416620498261418,0.36755345587308896
3991,0.5851844157509761,1.2996111603641654,-0.14794482414337964,-0.8325275134210437,0.4187781322958592
3992,0.3759561285718094,1.09023085164442,-0.027153507180804014,-1.1922196173188095,0.21695282113227246
3993,0.28617052012926947,1.0946955514752494,-0.11060330761015547,-1.205677606380183,0.2756290500529045
3994,0.5260221875083022,1.2850964579683064,-0.4151304433177133,-1.0348266470156933,0.34173834684369697
3995,0.5464021040111979,1.4382783760099531,-0.29842951176889376,-1.0567654162420013,0.32113530635224946
3996,0.5604136608636655,0.9895317598604313,-0.14702453139050436,-1.0050138970555706,0.34936696454267363
3997,0.4160990561964007,1.1381654002390558,-0.15308729699370946,-1.2153067623108118,0.2452695746653268
3998,0.4994665376614475,1.1391941330510191,-0.41082388950658333,-1.0561985913323528,0.4401026545001762
3999,0.33904094030686416,1.128489879331966,-0.07333993042993672,-1.150657141631992,0.2610152338105762
4000,0.25863574955424173,0.9911016150084614,0.08532513345571721,-1.2075883728568586,0.2082206488061422
4001,0.2601107390528389,1.0658026585719755,-0.13947082937881736,-1.2472234198124053,0.2972687770047001
4002,0.36614534737775734,1.4424557320707556,-0.09411337750028911,-1.0112085087445954,0.3297748531558
4003,0.3611677377718629,1.3509841800355198,-0.032998230648732294,-1.0760220012703956,0.282034762905384
4004,-0.5476237226856054,-0.8500864163904583,0.3857312543975906,-0.5987540383362855,0.2549139484749191
4005,-0.4945773481178643,-0.9449276750150291,0.3942819945260714,-0.6962588618783271,0.18335293367248656
4006,-0.7872457597921905,1.1886941770408788,0.0990417910939289,0.23377766237979006,1.1649332585685523
4007,-0.47306087066209723,-0.37751131261841914,0.28549115975097905,-0.5146197634567646,0.42772166824819513
4008,-0.5110053022520327,-0.9691302621000093,0.3946422539270488,-0.635074782235899,0.21087603399025184
4009,-0.4814848477913827,-1.0527689709924715,0.39265263444645915,-0.6542027156895636,0.17332125003659374
4010,-0.45289882126838243,-1.0811484368976683,0.3811947871477217,-0.6635121883515497,0.15899099636608552
4011,-1.2133375109876345,2.1375109556793106,0.15190745884927334,0.6294942947367969,1.7074386036018887
4012,-0.5461654192023031,-0.9998326530836523,0.42509119934280093,-0.7057057799114698,0.17650139746678797
4013,-0.5997565456753696,-0.7646271971154329,0.39402098793716595,-0.5450647661730145,0.30749620662528215
4014,-0.4836775314506621,-0.2590686795516614,-0.04568891102299738,0.5216755356756793,-1.1130306869035091
4015,-0.6531058242019371,-0.03574408026816033,0.020548682616621433,0.3995256753018804,-1.1199153640564707
4016,-0.7231698472249625,0.07460489602415335,0.033949774807301006,0.4650718914755942,-1.0595392587442514
4017,-1.2135101052838213,2.7079946442204474,-0.22386605418425579,1.539803186839639,0.20644866366921646
4018,-0.31359782472553555,0.1443086010712456,-0.23695751077990168,0.9419764821421392,-0.7666168706365177
4019,-0.5180080471306018,-0.6952139879203586,0.3849890593533882,-0.6411553475127532,0.32673042221665866
4020,-0.8107698884820009,0.053380774139067756,0.3587820653397756,-0.31201594209854155,0.6494146081745323
4021,-0.4755645437596693,-0.07643291918666885,-0.05389407440162157,0.42978808364221266,-1.0956587927876373
4022,-0.7534084806553843,0.2980061823614221,0.02166631942053851,0.4625732614455151,-1.0012349098172981
4023,-0.7496401194900497,0.16331861198426376,0.05810042547199589,0.361832276808401,-1.0734840597606332
4024,-0.8148286141095714,0.47111725626400347,0.025139624340047517,0.508523347655994,-0.9194641736441135
4025,-0.8530708194320068,0.6895956138167476,-0.005331481966464479,0.6354632094510464,-0.8096430793955893
4026,-0.787288074179621,0.3944763989591509,0.036862678161413934,0.4315026738997585,-0.9729022811017967
4027,-0.8058728803653246,0.3296211169136491,0.04741207366696349,0.4524017788708251,-0.9831293747187332
4028,-0.743901857895706,0.10651283472190723,0.07332319081501876,0.31793502591170997,-1.1053360097017186
4029,-0.7050594896174366,-0.5023872651397748,0.4566231096041221,-0.6994858917526305,0.33752835745939985
4030,-0.7072401309879116,-0.42950338111559666,0.4426796614185443,-0.6744541044585608,0.37513358915882317
4031,-0.7083559257829362,-0.5087589848295042,0.46478826951463437,-0.722066472210074,0.3284050029777367
4032,-0.7392995353283303,-0.3829749039509683,0.45172411606742,-0.6665842901542499,0.39761655563650916
4033,-1.3473901265060997,2.55385339358933,0.18083347693212012,0.6531532486535541,1.8625412937256771
4034,-0.7230678152140179,-0.464834640639748,0.45565888300367097,-0.6750572284824332,0.3630492026324099
4035,-0.6972089051281849,-0.5475941695432079,0.46471863717604484,-0.7282417233171592,0.32175492464906175
4036,-0.692407720985274,-0.5675732119351847,0.45909492142972125,-0.7054630556873694,0.32211258507294
4037,-0.7254084855427675,-0.3935690269856041,0.4522368333346737,-0.6551690433695164,0.3963885722365821
4038,-0.7655853380729661,0.10800219851648302,0.0773671698256522,0.34930663299632,-1.0879704300398723
4039,-0.7936273771867665,0.19160859839642622,0.08682117119285755,0.3396685821222872,-1.058314722610507
4040,-0.7828304559978858,0.17101955506462874,0.08183059339440371,0.3451858668013199,-1.0660096412470936
4041,-0.7835322676264149,0.44467640576371625,0.01949671138025768,0.5269952183945372,-0.9004038276933496
4042,-0.7777835313501664,0.2097687409805294,0.08009287592509301,0.3038429465214354,-1.068496518831559
4043,-0.7721316738693101,0.1359284340843501,0.08892998759834268,0.30860454845609486,-1.087144386661847
4044,-0.7929912724631633,0.22948184357780693,0.0758889427208292,0.3794826132674145,-1.0322738626458232
4045,-0.7023593771412328,0.07530037093927766,0.047683543105772476,0.3620979961871825,-1.0954846065288308
4046,-0.8151842067838697,0.3491721647408368,0.0797047807837006,0.35656981282246936,-0.9997026631749172
4047,-0.7707257934291137,0.2752767059334814,0.045189308162331854,0.422320389896834,-1.0084787264165762
4048,-0.783379972020471,0.20906300435085828,0.07494255558800586,0.3651340180631084,-1.0424862471383247
4049,-0.7809696921739943,0.19078131477108826,0.07795616503974026,0.3505870514384631,-1.0613037993735177
4050,-0.7489421653309595,0.060899907548699096,0.0901777317097648,0.29228652171286185,-1.1216351339821187
4051,-0.8323529892234327,0.39918571269358777,0.05912197840672283,0.4431522869407761,-0.9611574421760483
4052,-1.571278228219028,3.8913663223267125,-0.21353038571940172,1.8209237631616941,0.7485210697930409
4053,-0.8109159292147446,0.31761093705545934,0.08234468779455148,0.374681716414512,-1.007066588398842
4054,-0.7058202968813055,-0.007078759514084878,0.07996350380058737,0.27474450194425004,-1.145113975445796
4055,-0.7733132570049663,0.20628928840176627,0.06146784810051048,0.3904582200440827,-1.0413998346365099
4056,-0.7433802050116121,0.06134415056383965,0.07325478723584891,0.34616669691320967,-1.1015184879000066
4057,-0.7994366838975228,0.309944695040903,0.043222604018896375,0.47279904139588863,-0.9770408612007416
4058,-0.7776720184595308,0.20048162351029644,0.07287137014171224,0.37917898709082126,-1.0403639688985198
4059,-0.7711573067540863,0.22690331798792637,0.055987664384870024,0.4155884286955642,-1.017899463897103
4060,-0.7444987004222594,0.18082968802772964,0.061473805720172095,0.3724529917119118,-1.0432817432774424
4061,-0.8057525509136281,0.21518669934375698,0.0876855718357618,0.33464366959507935,-1.053007320748936
4062,-0.7284151580764872,-0.4926518966842262,0.4734481664584397,-0.7092682598610636,0.3455592705858591
4063,-0.6921929868566697,-0.5810219457264381,0.4669477576489557,-0.7347840951630281,0.31144805165894285
4064,-0.8251051990784009,0.3802508798986738,0.050848805021161,0.47499235507801363,-0.9591586633323275
4065,-0.8304610101500767,0.3316907861016956,0.07202511882545203,0.4072224591169547,-0.9953622119710486
4066,-0.7767854877203068,0.16530007286066556,0.07643782515552651,0.3642844879913426,-1.0578606307099125
4067,-0.7388508252358272,0.12776724256590202,0.06703007668987845,0.35593729777262584,-1.0761047634111645
4068,-0.8221791140662708,0.4449967773530788,0.044046873922991385,0.4770664379233145,-0.9287457949993404
4069,-0.7770493623700415,0.24772459839218267,0.05947661125946865,0.39368687750660153,-1.0197009921240046
4070,-0.8059810166231649,0.258680165184506,0.07730073538678296,0.3645904044224131,-1.0296962090732726
4071,-0.797214909441603,0.21116972377376098,0.0842350692986375,0.35498626767096103,-1.0453451360243116
4072,-0.7962753470709532,0.4286428228056429,0.01420266407084889,0.5769610873106172,-0.892556072412273
4073,-0.7264205448764154,0.10895202025108741,0.059445125505771634,0.36638985851444805,-1.0678783609584688
4074,-0.7667919451915987,0.10469269550632139,0.09641769196956312,0.2816302231356964,-1.1037101888546563
4075,-0.7504533844249143,0.1006056604657364,0.07797199400901834,0.3273666903456504,-1.0945111198826707
4076,-0.830884555548335,0.33637698608287453,0.07558006087951026,0.4027917563672142,-0.9842783178688461
4077,-0.7868991629017544,0.23547601990471798,0.06327716927839566,0.40182199735361807,-1.0264499344394102
4078,-0.7935351030677479,0.3009262897949555,0.054566709812831495,0.4399122286874311,-0.9922224859896491
4079,-0.8496439058340217,0.3807781533251229,0.0653979140790766,0.46651680405819596,-0.9486858798009452
4080,-0.7550624829437838,0.24214777338868398,0.05826915981670724,0.3745282651305155,-1.019991808074969
4081,-0.832920920913529,0.3965651796744698,0.07766425809745091,0.382546221679473,-0.9782016990014023
4082,-0.7843810524215342,0.21920559501423276,0.0659997350634614,0.40249107566375303,-1.023858799795607
4083,-0.616701513599202,0.27343138015400203,-0.0449773305865398,0.5684563615574448,-0.9184377019130997
4084,-0.7979247041599721,0.3223505843532082,0.05787252008478191,0.4110134259426261,-0.9865223072929702
4085,-0.8523704852726853,0.43248568150384187,0.06964401790946007,0.429783601425917,-0.9501650552397684
4086,-0.8299074782055625,0.39944456115535626,0.06413701984980924,0.41349608982008196,-0.9691821101412939
4087,-0.8461953944506951,0.3228177554950196,0.11009514344804712,0.30314641513021695,-1.0234487499430989
4088,-0.655777397573465,0.12695388141450217,0.015651665803497715,0.43084270225881666,-1.0347036993468322
4089,-0.8705629904955973,0.4656548876354161,0.07725185639298697,0.41322336740887194,-0.9481746933542049
4090,-0.8437143112586466,0.378991571029591,0.0726478196676895,0.43065171451428014,-0.958821879118474
4091,-0.8474861997679419,0.4029768833261558,0.07408570303193618,0.42647222467031304,-0.9606771160920661
4092,-0.8914082198957832,0.5468008509608253,0.06897482826016717,0.475297409021585,-0.8913926982710378
4093,-0.7914663035607777,0.20423614513697438,0.08867710011057944,0.32199416494251093,-1.0577960496700116
4094,-0.78992549652856,0.4441299412960644,0.04989975951154437,0.41575065083799917,-0.9347506658706316
4095,-0.8418148593290931,0.27790090451378263,0.12645817485052768,0.26035402381620937,-1.0481188628196265
4096,-0.6803741882998127,0.3992715853953082,-0.0194865954237191,0.535355393580481,-0.8968833806915983
4097,-0.7734549878899223,0.21584728642027537,0.07560742915048535,0.34377296710578087,-1.0480034369322653
4098,-0.8204091140389708,0.33112267258456185,0.088299178747974,0.3469838665952139,-1.006944274753562
4099,-0.8368382007822883,0.5143217192383639,0.05120925153315222,0.4571561055112776,-0.9037762538647981
4100,-0.8775009544010588,0.518303991421464,0.09372552816674698,0.37058986880562245,-0.939127594410788
4101,-0.9032888561377587,0.6930149858314772,0.06616580231744451,0.4509669835625887,-0.8527980413103263
4102,-1.271433712016659,2.8881306527798714,-0.20071830941463095,1.5416546087752347,0.2964075100146501
4103,-0.9186294535330215,0.5853972168675875,0.12805227392042334,0.30169055083688995,-0.9209153091812631
4104,-0.8129128454636537,0.46293743156226563,0.04904054981022242,0.4617771889194989,-0.9158853147105882
4105,-0.8951708321937787,0.6533988250153893,0.09249099939714073,0.3783060068258278,-0.8804815328397588
4106,-0.8852483392555469,0.5992864947749486,0.04817166052243659,0.5264241912825606,-0.8527411955257335
4107,-0.8143893103153331,0.4387368947079745,0.06364639132313826,0.4224033856196674,-0.9321969592682241
4108,-0.8912551262159273,0.5858448309679076,0.09600758414063743,0.3611682187241189,-0.9094835795028495
4109,-0.8536144421747168,0.4982013535346944,0.08832050021555064,0.36470037771217895,-0.934861683230899
4110,-0.8710967875837988,0.5612167561713506,0.08197979451923651,0.4160610923220908,-0.8957196197876154
4111,-0.8570365111625842,0.55932251770434,0.06506133112619067,0.4273140341241474,-0.8950550350610995
4112,-0.8401389989990491,0.516414790299831,0.06228186683822118,0.4498345956625393,-0.9006939095076935
4113,-0.8047493143000954,0.38309903881771,0.07836498559457712,0.34773998655692984,-0.9801409566340127
4114,-0.8112051735736338,0.36180511137176025,0.0822821721308296,0.34073310861585376,-0.9944784694158295
4115,-0.8317927051723958,0.4394392765190779,0.07415239407574759,0.3778689940235328,-0.9623564823943714
4116,-0.841721916466987,0.37260003077767556,0.08672811536652895,0.39230379061670856,-0.9711072363337653
4117,-0.8141946022046813,0.30652136582726586,0.08579103620457128,0.3607044239437602,-1.0074350021584122
4118,-1.4695548548270523,3.513517036280473,-0.1908564710813086,1.6897043055091145,0.5837516425216458
4119,-1.2836136718939628,2.739059603101237,-0.17613695287358022,1.4795441688163475,0.20145427459223067
4120,-0.7958962250087346,0.273228913903125,0.08911078652216475,0.30728539105648667,-1.034765233540371
4121,-0.7643463193879146,0.21192056886326757,0.07346054414831939,0.35082394656383437,-1.0409324281243484
4122,-0.8121068077166321,0.31632374974775623,0.05740586246929684,0.4653274745645046,-0.9749929963500745
4123,-0.7608143746138446,0.05967056873446605,0.08275845730090006,0.32526150777250223,-1.107885254153185
4124,-0.8435606760751272,0.20331815889228247,0.3615093890451847,-0.26985504590223564,0.7287852791930622
4125,-0.7969336016293367,0.016072322790928156,0.40988762366304693,-0.5053717986414992,0.5894366775139096
4126,-0.8311438987429036,0.40817942481799546,0.056063734611556226,0.43782126301691315,-0.9577971216143046
4127,-0.7680247527045807,0.22556293222960044,0.07526708081475071,0.3212749796205629,-1.0572022033481792
4128,-0.8395020771688066,0.3838676413329232,0.0910600208429827,0.3495538962458262,-0.9809502496576986
4129,-0.8320059737039328,0.33549885545344116,0.0868493335845859,0.35874009414646824,-1.0072470260369768
4130,-0.7986626428458807,-0.25164389529121195,0.4709600633637365,-0.6510194631458935,0.4497099106985354
4131,-0.7304773560091464,-0.42941454568543685,0.4647036502906203,-0.6972679905763586,0.36949160686919585
4132,-0.7152324958905564,-0.4760440015640518,0.44944749745991813,-0.6595041835719115,0.3747715763247136
4133,-0.7544903805948269,-0.31300723382876017,0.4418265780057262,-0.5882756008157058,0.4453705702162158
4134,-0.7762849626201803,-0.11730804756499247,0.4208261925495321,-0.5310202974267412,0.5348133728402109
4135,-0.8667854509711965,0.589854928415,0.046173198785287535,0.5071429950189601,-0.8670201768786431
4136,-0.8073767294959572,0.3191773639448032,0.07809365590627791,0.3480197973913792,-1.0122586068616741
4137,-0.8371004949360392,0.389464827135302,0.07726527345702879,0.40354806384554137,-0.9603205390153005
4138,-0.6414275538767045,0.26582273601866535,-0.013359836517165621,0.4960527570015926,-0.9428822447199277
4139,-0.8215252554168448,0.33243569521248445,0.08972032709278789,0.33587220333900664,-1.0076848465798256
4140,-0.866680741798785,0.43939906800101486,0.07396039679814376,0.45256928993241285,-0.9370884540273454
4141,-1.4842445023139281,3.4585949042784523,-0.18085218462062652,1.6652219870395197,0.5326994220346664
4142,-0.8073541442933206,0.20774539054113272,0.10278744467576192,0.3035535283200583,-1.0629393742684667
4143,-0.7723781221615561,0.24244487387182695,0.06510026846684998,0.3862490819457053,-1.0182623997724456
4144,-0.8134040513279318,0.24511295688505597,0.09000166183432157,0.3557467013561894,-1.0245505918087872
4145,-0.7592294811009263,0.007601875298667297,0.1068603488122201,0.2589839509635774,-1.1472172299505516
4146,-0.8130291184770585,0.39130167091161305,0.06100718330021407,0.4228814266198965,-0.9558273560544746
4147,-0.7686962044204282,0.07570865278424321,0.10675163752558996,0.25847211239096035,-1.1235012855504884
4148,-0.7636666465991128,0.20897570559221762,0.06444122874282607,0.3946757974045761,-1.0283252099233942
4149,-0.8863023434206524,0.4649159960104438,0.09417983251909991,0.3860264390471327,-0.9456047947173795
4150,-0.7981895526214047,0.17741334349078858,0.09953807495195686,0.3211972567923599,-1.0629256342087026
4151,-0.899396613772306,0.5838833058788535,0.05940616200399317,0.5116439648182497,-0.868282238133596
4152,-0.8327692217516891,0.3819107621076562,0.08226294634765495,0.3803836614485953,-0.9803563009568831
4153,-0.902159199062123,0.5186369671429942,0.08443480515882687,0.4377569751808399,-0.9169587593502596
4154,-0.8514221759446667,0.40831924893564764,0.07432692204217156,0.4313771231317207,-0.947777841380366
4155,-0.7935316238938939,0.11689786675701273,0.09630578690703698,0.31916897848013076,-1.091369446513445
4156,-0.7905553853349817,0.27379635344845576,0.05925623209427492,0.4453294313568446,-0.9884624732634785
4157,-0.8525837387601989,0.3108970291624963,0.10943463878965787,0.3186900800846877,-1.0188083349012034
4158,-0.7613656701714816,0.2075428030647012,0.0652309717475801,0.37284777483624393,-1.0328509324208133
4159,-1.404415973097733,3.024969231039242,-0.15652078097149824,1.5845820239847819,0.35630170695016
4160,-0.7894985959516908,0.09701959430979423,0.10579324933033007,0.2864824555952153,-1.1043211058325224
4161,-0.7524529052010882,0.09563661362464862,0.07680737560721142,0.3651735358522716,-1.0766957024166717
4162,-1.3314661537574437,2.828852831723529,-0.16150697352277713,1.494788566920698,0.26024410514198315
4163,-0.8695651836228641,0.3934191121733697,0.09646706578037749,0.3863253775783712,-0.9715923930774873
4164,-0.8653471123406024,0.5282712678406994,0.04762775961721206,0.5317911649024345,-0.884557385200411
4165,-0.8698355770934039,0.43101041452304767,0.08688662272760173,0.3944234069706117,-0.9512459155750885
4166,-0.7657571645692264,0.22969696913410162,0.04973119114318157,0.4276377015487771,-1.0147077647952212
4167,-0.9057774391587385,0.5710838660332072,0.058379266538913406,0.5544765019273672,-0.8564563691316425
4168,-1.2682642872768395,3.0979009835219062,-0.18477839200999097,1.3927204995362608,0.3271363148996261
4169,-0.8676387430708893,0.49330301606955845,0.05725086981144318,0.5285940660273507,-0.8775347928225561
4170,-0.8376233254692261,0.4372655911733572,0.0612820569975152,0.4485729882400516,-0.9343577139970819
4171,-0.811203658163952,0.37850539325917787,0.06556765094239009,0.42837440343567396,-0.9401316969194415
4172,-0.872561078347981,0.4328266197257877,0.0925025968984619,0.39138334335171815,-0.9529843743360236
4173,-0.8148208355078352,0.33746354198582357,0.07353091498001953,0.3981950803870721,-0.9824088624482885
4174,-0.8908242206860157,0.5595366146892812,0.06875237098147233,0.5032107913924365,-0.8761068216294019
4175,-1.6663182086026802,4.4198069498823935,-0.19152943378258794,1.7968319036183649,0.9549406329462987
4176,-0.8245046467622157,0.4237308970129214,0.0391771348332236,0.5443759781655632,-0.9004130988837515
4177,-0.8133648598913715,0.42952230764320926,0.01830252925345061,0.6019733338405565,-0.8718960366472137
4178,-0.7069175632679939,0.16048903314276405,0.04578920083390046,0.4112302327935672,-1.0105226551893716
4179,-0.8641735625822139,0.6421509412734038,0.03357847929780888,0.55540806108922,-0.8211655163951298
4180,-0.8592412300401245,0.4006385268117221,0.07895312003091272,0.42557902969043593,-0.9482586554686565
4181,-0.8050796929700996,0.3249885714777705,0.046876165700234035,0.5220936385451975,-0.9254301701340967
4182,-1.6355569491011681,4.160852080165048,-0.22848478145331344,1.982383521220048,0.924598599281954
4183,-0.8349263062845802,0.33107629830503726,0.10361426188397935,0.35053743026467404,-0.9835362360172986
4184,-0.8547722729397622,0.49488627057017254,0.0637339144892227,0.4887288228156143,-0.8821271990587789
4185,-0.8777301708334712,0.5908682563878143,0.06343361554632329,0.4938831898423054,-0.8472542629331936
4186,-0.9347484857370116,0.5684170802206155,0.15008972557614972,0.25740664047644685,-0.9393573676934406
4187,-0.8423074980440003,0.5916668276787477,0.03354221290785124,0.5627278385909831,-0.828626458604633
4188,-0.8160072211617391,0.3260102589763553,0.06946406783547227,0.4513136109665139,-0.9441955875430051
4189,-0.86392363467625,0.4760467324698185,0.07946897153698976,0.4487606671060711,-0.901696492963134
4190,-0.9592488035754305,0.8695950758665162,0.06319873221788477,0.553037767967467,-0.7432168433245118
4191,-0.8005340493953212,0.18829226979159094,0.0841579994824844,0.4242895923211258,-1.0001131543979682
4192,-0.9026198772658098,0.6011987636134808,0.04930110796637245,0.6152535899134444,-0.7977694069884179
4193,-0.8921102383403341,0.3372956492046776,0.14565994696428627,0.2865044371773453,-1.0007526433065677
4194,-0.8439339844484889,0.5289111665634371,0.033611574270993365,0.5754210291271439,-0.8446407354475133
4195,-0.8205675423669265,0.3109475124792461,0.08059940013819857,0.4184313979077712,-0.9682726342914405
4196,-0.8621985300515687,0.5452842499511066,0.06656318571001504,0.46386577039650234,-0.8795729479559774
4197,-1.401554329411005,3.0954769016405104,-0.17307104056474545,1.6187021351193434,0.40567748057982506
4198,-0.8695791497064879,0.46427769572907035,0.09516299486708978,0.4066638312298907,-0.9229584465150567
4199,-0.8238543227962198,0.47170476414475876,0.055367870797754105,0.4645055301168517,-0.9046416913119242
4200,-0.8279755914265903,0.3529227215887817,0.06443543180667818,0.47511090088432345,-0.9370685817391845
4201,-0.8861232879808854,0.6434794970634828,0.04865796600318085,0.5621052279959378,-0.8160451779191329
4202,-0.8413891486450168,0.46438250727161984,0.05193390472891545,0.52632898254302,-0.8820817450516518
4203,-0.7950070502335329,0.22576030585496423,0.09004285103622699,0.37832359805139637,-1.010297490837517
4204,-0.8130163456146198,0.39633777745177656,0.049083674375463765,0.4919746472016992,-0.917067272566419
4205,-0.8802690627809847,0.49050395202912583,0.08258751361484316,0.45449830256180485,-0.9001214890936307
4206,-0.8921715728868755,0.6626117042660292,0.05886415047377655,0.5041255484425136,-0.8248161257832074
4207,-0.8856210469583209,0.522912482573039,0.06737488981120594,0.5059513505973099,-0.8671908529590874
4208,-0.8647051598859834,0.35375685122666556,0.07939089418489126,0.4937648874571618,-0.9096257698376911
4209,-0.8220514224782175,0.2481190593587397,0.09614273186484924,0.37050430553166114,-1.00618747064002
4210,-0.8394440576329448,0.25119987809523997,0.12059442680990215,0.3021527916874013,-1.0298142351906743
4211,-1.679574562187635,3.635901400019901,0.1951427604311915,0.9605514312781067,2.4072748645641653
4212,-0.8169044340603241,-0.2552286270672195,0.4924668400429401,-0.6790835864150045,0.4522207339427419
4213,-0.8080222963194066,-0.3321223233815919,0.48951254757360896,-0.6589139077332045,0.4378626257437841
4214,-0.796535052870683,-0.34186017850009004,0.48694358912990293,-0.6673553592770951,0.4292516144084357
4215,-0.8048288028006243,-0.3346849962022066,0.48771957089357126,-0.6680801338542436,0.4301287135299558
4216,-0.834258416774073,-0.2592838754561335,0.49206152536908965,-0.633599732649272,0.46805409809852033
4217,-0.8077346869703736,-0.34146416261516893,0.48919124499828087,-0.6675711498217777,0.4268576468944832
4218,-0.8078042524466016,-0.3361503964859921,0.49141107536658735,-0.6453664450889043,0.4363734411471488
4219,-1.6387818434614165,3.4732792336193223,0.20944063161504262,0.9118706957185021,2.3516877591695655
4220,-0.7827847089076215,-0.4147363614610797,0.49292223740114594,-0.6965180919713335,0.3935378098598023
4221,-0.7888235302183293,-0.40435268716652323,0.49080864617009656,-0.6883955614737668,0.39794420250958373
4222,-0.7840596174270722,-0.4043931315532454,0.4783513368153266,-0.65195168385197,0.40909947987870315
4223,-0.7742328584921535,-0.45764903351822117,0.4842282795128105,-0.6641558161298134,0.38726870338267455
4224,-0.7835521409519616,-0.428233452834165,0.4823242562556191,-0.6539963783571651,0.40391395433346394
4225,-0.757548282046836,-0.5069706794312041,0.48223644467276894,-0.670959178530061,0.3662442934940814
4226,-0.7637378750972298,-0.4762078560451111,0.484907178892331,-0.6637378326467862,0.37658377340471566
4227,-0.7393504230274306,-0.5699124398781513,0.4830331398705656,-0.6991105169626759,0.3364968256240545
4228,-0.7351690397200268,-0.5712103565313439,0.4798710271324609,-0.6817068869093827,0.3402022481807693
4229,-0.7561630570722067,-0.5132728034495893,0.483251397323783,-0.6907161401868186,0.35661439826028984
4230,-1.3506598720080139,2.3025832700107536,0.23858069565454912,0.5458239356667959,1.7650952091387544
4231,-0.6964687030440232,-0.6361900125785699,0.46507038277515844,-0.6505142653848764,0.3334395571447376
4232,-1.6522256966146085,3.6163017784093796,0.1768378110840021,0.9984105503796836,2.43582626932129
4233,-0.769991043427419,-0.46799614406374845,0.4872880981642184,-0.6717255419933512,0.38358392951362175
4234,-0.7541075572108873,-0.4974828668351168,0.4721324211355782,-0.664145992747107,0.37344614080072736
4235,-0.7462288393578019,-0.5284972699198454,0.48117118512743473,-0.6787289064341487,0.35874659746549953
4236,-0.7188300264791593,-0.6308736474895277,0.4814206791630082,-0.701923198596273,0.31083857980461693
4237,-0.7213466264335716,-0.5633326599432115,0.4715822014640765,-0.6920610614737525,0.3391422789902864
4238,-0.7543883352625819,-0.49082103211965905,0.47628225948011116,-0.6762978326649712,0.3677738778349407
4239,-0.7545026703241514,-0.5157261311046096,0.47907273690912106,-0.6891169443440839,0.3547854615719372
4240,-0.7133948495861263,-0.5101080345867246,0.44512094373402383,-0.5935255532066921,0.39473810877924853
4241,-0.7638458052262969,-0.31004346605372707,0.43925733279527157,-0.5644402250377073,0.46511938233634953
4242,-0.7823077822383492,0.15844657959770322,0.06987680636576808,0.4162839665497054,-1.0366164789478298
4243,-0.8040914321972343,0.1899549033129278,0.0880072936063241,0.36669949555626286,-1.0381821107978153
4244,-0.8221018902178754,0.25776117416966926,0.08220248878581336,0.39896591747531635,-1.0079364929762784
4245,-1.4089098838910852,2.9981092742454107,-0.1466421328452004,1.574839540495056,0.35227696300206446
4246,-1.2639843034231046,2.103766994116719,0.22908533802471132,0.46043357927652845,1.6604155133990712
4247,-0.7649055961049667,-0.3608885838353354,0.4516282769280871,-0.6038666226245692,0.4348828710290526
4248,-0.7915831431371099,0.1607735455450652,0.0901050200885273,0.34696074748534866,-1.0608113224876796
4249,-0.8174860859406691,0.17337701194609945,0.10411592739133163,0.3395512366617011,-1.055109730425436
4250,-0.7677873091110373,0.019942999593322207,0.10052450333034776,0.31108698452526246,-1.124793860794049
4251,-0.7708017024246401,-0.37506638889252175,0.45504739148094353,-0.5937325915809544,0.4311652927525084
4252,-1.295241676635236,2.2296330164201357,0.22287845739777037,0.48889147820965856,1.7063972777916152
4253,-0.813598420383537,-0.16978143984341748,0.4539936067386319,-0.5665775390788906,0.5109870132204832
4254,-1.4597761348558154,3.1783286347016797,-0.13799415183626443,1.593993560279201,0.43878238587409885
4255,-1.5003672195034712,3.4569394215593423,-0.17551299589809438,1.6800179832146982,0.5357841784454437
4256,-0.7561733081741884,0.02829006257329912,0.10143010248343927,0.2714153253299282,-1.1224398645457467
4257,-0.7886009625984246,0.07656840888266123,0.10817103393927506,0.29864300297706853,-1.10653021003578
4258,-0.7644593289790543,-0.3349260011968637,0.4419963039738403,-0.5507041900887594,0.46226190536070094
4259,-0.7637958180729566,-0.39483369411420205,0.47698250763699523,-0.6984713838021487,0.3915520734512135
4260,-0.7763239209744004,-0.38501445875817125,0.4755712015900524,-0.6649813086414518,0.40719830876475827
4261,-0.8072079196398506,-0.29295046095510985,0.4759986906390427,-0.6339737595999975,0.4422691761491985
4262,-0.7761418430444246,-0.42099444186955504,0.48294369200542625,-0.6871583939880318,0.38558566355323387
4263,-0.7628996502407678,-0.377115059173711,0.4591580579473535,-0.6058550960801224,0.43183623005378513
4264,-0.8334700466592754,-0.14556243292009913,0.4573486420256042,-0.5693702974953417,0.5204932232692471
4265,-0.8207089583741299,-0.15861141647234886,0.43534349069767053,-0.4933697712138284,0.5482090984702309
4266,-0.8710285664193961,0.3783695122983924,0.09662800193813127,0.4002678130432748,-0.9678053987818158
4267,-0.806420986933963,0.12766021790627546,0.11840673933796106,0.29246935951866143,-1.0861155763853267
4268,-0.8234138366104564,0.15762149342399576,0.11827397163774538,0.3070169889938244,-1.0734357191664508
4269,-0.7422150557989969,-0.5312762460153838,0.47985220344258483,-0.7031450427773623,0.3453727741960668
4270,-0.80176361728228,-0.2529078576310275,0.4391706022254044,-0.5020225393457958,0.5028954553435042
4271,-1.1733702440179294,2.225327042305999,0.13689618610197618,0.6228725984060342,1.7510219479291889
4272,-0.7579626846432278,-0.35401487071716525,0.4704431556143928,-0.6804640771522613,0.4149028001716103
4273,-0.5885707916604322,0.047861925172343105,-0.011968982814009582,0.4715652449002326,-1.015898679708328
4274,-0.7436846803551438,-0.4165028828999507,0.46529266333022284,-0.6436866274421231,0.4059333750680874
4275,-0.7627948752912195,-0.24398307281576964,0.4337996896282782,-0.5710816854739985,0.48669289747813993
4276,-0.7336020357344418,-0.4413810979047501,0.4672037536124649,-0.6784085845325438,0.3816026255647359
4277,-0.7268071919842686,-0.45854855522324306,0.46868937276132755,-0.6998634923383192,0.37317907461914873
4278,-0.7670832655072589,-0.37778992153052077,0.46724606425257775,-0.6580413264631657,0.4094484948212326
4279,-0.7423901327077089,-0.44548279471678176,0.46132254916242577,-0.6306712823660596,0.4026261406882039
4280,-0.7654239090191047,-0.34229772009541304,0.4538992085817172,-0.6297964712092352,0.43027020158558704
4281,-0.7297658194544102,-0.4682849922157374,0.462194737506196,-0.6755162436797731,0.3798752656962145
4282,-0.8085739908063264,0.23670772742831386,0.10164209269824077,0.32202113995004134,-1.0383685691675664
4283,-0.8356256782232447,0.22096641700067587,0.11793869977098975,0.3039729639600109,-1.0524837566014607
4284,-1.6987925436878206,4.205176226626711,-0.18309492044949852,1.9168181587997106,0.9343373328609812
4285,-1.612960003496979,4.028514752746041,-0.21294094506526082,1.90860782959155,0.8551077702600945
4286,-0.7905509338124324,0.3591096084349643,0.03108823790047054,0.5332824883930479,-0.9086585529623628
4287,-0.8580352829910283,0.49210908158539163,0.07751061266780883,0.4072229177930731,-0.9268406477218898
4288,-1.3725127018630296,2.943148506623861,-0.14276188522385638,1.5034924121644893,0.3216877654914627
4289,-0.7929771831336723,0.3913597374201908,0.03574678526949162,0.5086398880894352,-0.9168238120086909
4290,-0.8407926847384273,0.44478655356973495,0.05149124196499109,0.49818744969940465,-0.9108608273846024
4291,-0.7309951083208699,0.277041667095386,0.0212229078022599,0.490470067587229,-0.9590126355445171
4292,-0.8679834735855461,0.5420820716985174,0.058896515133782634,0.4851242586658757,-0.8932194015301012
4293,-0.8026530417800846,0.2945514152936686,0.08874530365818206,0.3203361632184605,-1.0327668496006366
4294,-0.8439025397383036,0.38932501197401415,0.08134642453677647,0.4034879629163721,-0.9717064368316848
4295,-0.8287844389709124,0.3667041237074103,0.06611059810245921,0.43257399133831914,-0.9686672857283406
4296,-0.8080022718418802,0.2766482496988131,0.08108186352668005,0.37000825519897,-1.0138897189715939
4297,-0.8144357769480493,0.23273392973287702,0.09005081885616935,0.33545947216763494,-1.0492652458142937
4298,-0.7868313099463767,0.25389933354291355,0.06660750814980344,0.395254368239774,-1.0142300726873341
4299,-0.8203258541320665,0.2352078666374155,0.10387725378670767,0.31108479029885433,-1.0477862710477226
4300,-0.7839651560357743,0.45068160487128356,0.020885215072548598,0.49571722756326925,-0.9175677384758792
4301,-0.7846387312116878,0.2955550914722562,0.05617809056630048,0.4523554028487919,-0.9649281595917991
4302,-0.7997534553649944,0.3227999441827984,0.054130360622918455,0.4810114410295944,-0.9443661951869189
4303,-0.8686458429194949,1.0592391576252724,-0.10432885798632469,0.9565280461432908,-0.5672103837496602
4304,-1.4322357860698736,3.054741068535578,-0.15183569652902582,1.6201068965253425,0.3965797546844465
4305,-0.8875061100907774,0.5201436145217325,0.05552188840326222,0.5840205324780128,-0.828542838214876
4306,-0.8536416654044939,0.4007983752649466,0.060728999938194146,0.5206020427144936,-0.9022628835055088
4307,-0.8172351906194191,0.36189559458527776,0.027586922005746424,0.5978463001833529,-0.8799240563641597
4308,-0.7803812199569318,0.29330646537122845,0.055170198755954164,0.46408084628759316,-0.962021622798073
4309,-0.8374653292173583,0.40224523646394483,0.06585046386011478,0.49748006572862136,-0.9096091366254879
4310,-0.8510646892797643,0.4401797215258125,0.04106485809386731,0.5872806780940513,-0.8647043964029753
4311,-0.7787326698514236,0.31722337923111776,0.041604356625608976,0.5070988851734778,-0.9397123797099358
4312,-0.8555168662527088,0.37754092085530555,0.049689129184036875,0.5959207993599298,-0.8839563474433325
4313,-1.319725105243152,2.669719007840899,-0.14042956252267927,1.478820660585149,0.2123415247554112
4314,-0.8097023191314817,0.42145944456724227,0.016763109385438475,0.6179854555893003,-0.8684555026202823
4315,-0.825118872720099,0.37317842744433105,0.028993064120074245,0.605000476973062,-0.8823361617698826
4316,-0.7858424073222611,0.45427802425694436,-0.0038174098880689547,0.6421517533812574,-0.8394847277583636
4317,-0.7512279749947194,0.159646978269942,0.03484975788647003,0.5109407370855804,-0.9830248189611784
4318,-0.7498365365131896,0.32292877698036626,0.011115796217267637,0.5429022017446342,-0.9328004320914305
4319,-0.8016350859289001,0.25957702909331637,0.03507278376173882,0.5807267820501918,-0.9280616989903365
4320,-0.7740249443454145,0.2525666751794541,0.037414756148814114,0.5133929866005689,-0.9581396932299086
4321,-0.8304155716363437,0.3641073436825341,0.03651212820269259,0.5855033161430622,-0.8986613974866495
4322,-0.7989699640804753,0.29301483665080663,0.038468213142601175,0.5356568998073755,-0.9427761849377757
4323,-0.7778891616776611,0.3562498247064555,0.014021467640264244,0.5863705854118463,-0.8998862521289466
4324,-0.7877523858869993,0.2525176772211756,0.03067478868030878,0.5740007531852274,-0.9337934742363216
4325,-0.7703280666482312,0.1932174074310221,0.046494065201637,0.49370880078980917,-0.990662520525698
4326,-0.7186659964700317,0.0785547495934279,0.04296867944773594,0.4684211952109438,-1.0265910834382046
4327,-0.8020180590647092,0.40368825973589445,0.018823107120573633,0.5553690516362992,-0.907755312836669
4328,-1.2631877663575053,2.4855261146280685,-0.17297852408930695,1.5454528776175769,0.1458287624847197
4329,-0.789906503723303,0.24705862909349086,0.0394796791810366,0.5277823316084448,-0.9509490569422658
4330,-0.8190328127328628,0.3803155821010451,0.036949867980061044,0.5687745879338457,-0.8962334652978218
4331,-0.6568614850735846,-0.008183565783971258,0.036666611721520866,0.4189823119338756,-1.064243330944671
4332,-0.8476364360415052,0.4152997241908358,0.033383939494941804,0.5951420023105897,-0.8916288763266652
4333,-1.2698282963136005,2.5910596529975094,-0.1560955125166251,1.4326591129875978,0.15101491394833688
4334,-0.8648016112641554,0.5591200135332627,0.021092970797772094,0.6289126469638885,-0.825978444777068
4335,-0.7168704382762695,0.07850625826836694,0.040654369965175685,0.4594575502060096,-1.0294336695672681
4336,-0.6666019438626717,0.028322901720862315,0.03816576286600879,0.3925059979600579,-1.0512136977501565
4337,-0.8436526376066406,0.6093497887255785,0.01742572873598646,0.6219934948693414,-0.8114049022370123
4338,-0.7656565641628688,0.18483498508216756,0.06056713015336261,0.4331523194352059,-1.007035829322533
4339,-0.7905165322067869,0.2835031013367232,0.05985592303064193,0.4704563665614492,-0.9503030386483818
4340,-0.9181922886721873,0.7263791848452422,0.04464685783735963,0.5969976372211153,-0.7844934410815898
4341,-0.7596562496840689,-0.00022402292119434288,0.10036047657730597,0.3203309293498733,-1.105238079433795
4342,-0.8710951959103881,0.439959743716863,0.06951374998710474,0.5095664172149403,-0.8928312594005409
4343,-0.9271050050702674,0.7242837610768756,0.052642999952200904,0.5557160826952436,-0.7897078038234002
4344,-0.8684521161752524,0.5895702746134138,0.03843238150985473,0.5890215400099887,-0.8180355147667463
4345,-0.7867477484439931,0.20161630350070484,0.05949904161551434,0.48964224118442196,-0.9826631657127772
4346,-1.4803790805503634,3.266195477773337,-0.1582122027289142,1.6917902782421028,0.5220197369870219
4347,-0.893311280415517,0.6409980945243897,0.05910488382539364,0.5202237214191481,-0.8332857720814121
4348,-0.9535102598417055,0.8606759753971487,0.035552218356716236,0.6684104195768902,-0.6985750276741091
4349,-1.0225015272824638,1.0202439213954926,0.006442775399480126,0.8839335862316373,-0.5712861142589291
4350,-0.893006976791693,0.7041445833746578,0.02440942882473916,0.6384192178675222,-0.7649358309939519
4351,-0.7262157901822869,0.06801578977221469,0.06167845750543445,0.39539649977114405,-1.05761325536332
4352,-0.7835202706726941,0.17457647930403306,0.07113358807712984,0.425098369573815,-1.008408304106292
4353,-0.8602535689256715,0.4718086150344308,0.03718952695364422,0.6152191527116228,-0.8517731459565965
4354,-0.8447353310223111,0.34553002157589874,0.08328380880432196,0.4316764732007131,-0.946969923605094
4355,-1.2600560264731497,2.597461355047049,-0.16676765716166025,1.4902248259795687,0.18115608941238098
4356,-1.301201562080829,2.6566330883528337,-0.1441629614711374,1.4744285415874683,0.19620991917057112
4357,-0.7954777713219453,0.24719428468514887,0.05157537197298186,0.5167360947947952,-0.9589290198084871
4358,-0.7987899080760975,0.2332615191914536,0.06835657413830239,0.4441005052494073,-0.9917039022210639
4359,-0.8093515392812923,0.26457838695236824,0.0627108320738167,0.46865163461037024,-0.9693470144708773
4360,-0.7789285969735247,0.1656920258426657,0.07781032498732136,0.3914064472880557,-1.026980137722375
4361,-0.7703259196065015,0.08388655085657482,0.07315843147466396,0.4135992988571467,-1.05166562083994
4362,-0.6970182257450712,-0.141176712315174,0.08691676594955786,0.2885479721404957,-1.172679625252695
4363,-0.8428995590235734,0.32658125533653604,0.06384625999311104,0.5124240728832348,-0.9398548106478765
4364,-1.2975900416200192,2.6544656833542217,-0.17448573957994884,1.5581748965704048,0.21550786427701737
4365,-0.7585263894375195,0.013568959304064192,0.09551993063279308,0.3197760413357919,-1.1107574638034703
4366,-0.7290063675290949,-0.5542721597593184,0.47131696063100964,-0.6712852198471255,0.3549602392450855
4367,-1.489377408454519,2.9291953907642245,0.19021448609234132,0.8280959083458934,2.107847609191188
4368,-0.7203004492291633,-0.6134477472161817,0.4755747496031225,-0.6756249868610008,0.32754126429621344
4369,-0.7272128473524185,-0.5984553310977794,0.4705787386224691,-0.6607296346079213,0.3377282389211854
4370,-0.7181293202239764,-0.63413317104176,0.4685634856876534,-0.6787022491759938,0.32242460903638764
4371,-0.6935989792880333,-0.7084970917545297,0.46741003840043777,-0.6799188872947345,0.29790810755798214
4372,-0.7466310947015548,-0.48987906692088384,0.4456426398302663,-0.552643477741705,0.41178474075761157
4373,-0.7249744656454783,-0.5649226162796124,0.47357804751186916,-0.6588063148039088,0.3494831030209858
4374,-0.7069608644418818,-0.6562567726576772,0.4781250929583824,-0.6940200826861059,0.3048190669760377
4375,-1.271645384174492,2.3830954499968393,0.21047727480422007,0.4575404527961217,1.7691575881270205
4376,-1.3732070717994818,2.865325293108985,0.20983400299484822,0.543655497729716,1.988390748454567
4377,-0.6792401289908188,-0.7150553025776466,0.4662048109742387,-0.6741793369095485,0.2932500019897063
4378,-0.6918392462099369,-0.7189177729471761,0.46904881689271866,-0.6937440491093759,0.28954594263840616
4379,-0.6923601627366359,-0.7356707764222226,0.4700391559336251,-0.6866787413705736,0.28021824022234965
4380,-0.7000997399483462,-0.5974372843786766,0.43220315324786845,-0.5924452194703201,0.3621111934812819
4381,-1.3200178542154495,2.2291506306153,0.22462466979295823,0.5711474438043682,1.7414348480764708
4382,-0.6460711696207397,-0.7633944830100772,0.4474938766745716,-0.6678085451146898,0.28027995585013493
4383,-0.6656810438379878,-0.717020565307502,0.4543694007044392,-0.6753171962252916,0.2982898768003153
4384,-0.707028611279271,-0.15968513673443926,0.07220510471874125,0.3708700404107552,-1.155881944762904
4385,-0.7217791982512592,-0.12294142388956301,0.09722285199652503,0.3061654641964029,-1.1657825576124201
4386,-0.6781661198496616,-0.2805417635379995,0.0847514149820704,0.2971652840341439,-1.2254701548127416
4387,-1.602186411756917,3.680452702049355,-0.17269057381900604,1.8773558225562408,0.74205040650039
4388,-0.7141554824239935,-0.01883656058792888,0.04001252095013371,0.4517319150828317,-1.0802576868210907
4389,-0.665126968474283,-0.2401408849233387,0.06880515916363135,0.3395226845996156,-1.193998626439485
4390,-0.7301077726501637,-0.033501536686913656,0.045259443522279855,0.4802984550817256,-1.0757251670878856
4391,-0.7196715149146288,0.055350794284812176,0.029634284285980944,0.4959344577039107,-1.0577941538510944
4392,-0.6936269173903489,-0.018348132934509976,0.010235317817578313,0.5809864899363874,-1.027007604272124
4393,-0.6732806792060105,0.13169247715275922,-0.03335242287390634,0.5803884073285146,-0.9967443766812034
4394,-0.8672039412211692,0.5107265944457161,0.05185766537333622,0.5267312310333903,-0.8876645452121853
4395,-0.8152455919017788,0.49380626378230946,0.006023146937810671,0.629699915499314,-0.8563117929068699
4396,-0.7335645290973172,0.08479619548061841,0.061260655847450274,0.38200084095143083,-1.079148190944143
4397,-0.8061891119288486,0.23339374827078732,0.0869939878036174,0.38010537632833885,-1.024558793272667
4398,-0.7708425796453694,0.18107972467944486,0.05876648241238505,0.3747686748413289,-1.0463006268818147
4399,-0.7536906154818804,0.14986691946149003,0.06817363293501016,0.379419196920614,-1.054208353289521
4400,-0.7888267541526968,0.26703445551167876,0.06655024561872762,0.38874446003919044,-1.0204153083062613
4401,-0.7823605597207605,0.2300341260442602,0.07056216369057788,0.3926420316205042,-1.0225406018920777
4402,-0.8195372398166719,0.3409874177227149,0.05143979899009451,0.4883127744675864,-0.9614220834708176
4403,-0.8320497970113007,0.42100640931598843,0.055136188262924574,0.45872898621737,-0.94480084021342
4404,-0.7895849286665151,0.2665203673294551,0.06601629482539574,0.39097705419629986,-1.022174450125459
4405,-0.809834105199706,0.29620324536560577,0.06518398647366178,0.41460724945860095,-0.9949600129476853
4406,-0.8490724930474565,0.46964088082515487,0.042506557449796444,0.5306249786627205,-0.9032055138880475
4407,-0.699645746007743,0.2739629551924017,0.009016108140147718,0.5156521552690086,-0.9438515491108317
4408,-1.219612145756211,2.5889306807463273,-0.17586676917265326,1.3966962039061885,0.10647367325800912
4409,-0.8949324694859256,0.5765234187385625,0.06302983992825341,0.511238726151423,-0.8652077193708133
4410,-0.826894685177187,0.46030323126712297,0.023584227141304964,0.5200174681524727,-0.900851678532361
4411,-0.832486018919311,0.454817967480135,0.05854284627366126,0.4660468867015683,-0.9188764822260005
4412,-0.5992016938288325,0.14318301684081636,-0.0366620566054987,0.6008217432840941,-0.9352525570307385
4413,-0.8004301122425049,0.1117288177690074,0.11218459393009969,0.3051104261005487,-1.0849879853037732
4414,-0.783432552556938,0.44711867795733584,0.011275342090718437,0.584271974996503,-0.8516515622319025
4415,-0.8122205041667225,0.5683315772478176,0.00044232448750361453,0.6461942514007675,-0.805392901248877
4416,-0.8095421561498765,0.2366045260818789,0.09318346816402756,0.3766742654045502,-1.01328612063251
4417,-0.9458183770587877,0.8227917028896887,0.031782788634812945,0.6791091050686479,-0.7126925013400246
4418,-0.9139844364989664,0.6879340747344986,0.056119258877118446,0.5412568174352274,-0.8070221436194633
4419,-0.911983656176359,0.6535579556481118,0.055989814674972875,0.5453903563776663,-0.8050870648850815
4420,-0.829365763390807,0.34903276797400806,0.07669333846675992,0.41498249569586454,-0.9780834857243691
4421,-0.8302410534272305,0.20548826696470082,0.10564547668438509,0.3742802891141363,-1.0198766124879846
4422,-0.9011428766006924,0.5463813954688194,0.06726052149348348,0.5166833339518205,-0.8552142974531713
4423,-0.8147643439265804,0.4321933109699231,0.055459840603794115,0.431217199151474,-0.9409931859748928
4424,-0.871784003674308,0.4630158682687258,0.0967482744411499,0.40470076448000514,-0.9247111304340702
4425,-0.8128343644715689,0.30459508845945765,0.09388284452699816,0.341497422945061,-1.0025973423571972
4426,-0.8731524561657686,0.44592868837486827,0.09808629234737608,0.39221127536897665,-0.9439855047734464
4427,-0.8767431983030046,0.5035487227649154,0.07669586475676506,0.44625034444590445,-0.9010577713356882
4428,-0.828150347071759,0.3393916295981228,0.09503781070892434,0.3679998260642941,-0.98008746206576
4429,-0.8416696814027451,0.3262120722143218,0.09736408613453218,0.36640628712862033,-0.9901353146813029
4430,-1.5318670892259645,3.665139014984518,-0.17696659873248755,1.7634586462718247,0.6939057898193989
4431,-0.8601426380533757,0.33918412708116863,0.12030011953530922,0.31519834825517384,-0.9911147508079303
4432,-0.9372043946938836,0.7177786188385495,0.056267179256232126,0.5730864717030445,-0.7897152085362602
4433,-0.7821340526955587,0.26664895590312404,0.05007820431298295,0.46497601164632457,-0.977274063989846
4434,-0.8662109220103584,0.29986762648430837,0.10350445850188482,0.4215574878988189,-0.963910940129235
4435,-1.3467837601844346,3.025881795045468,-0.1981815336092732,1.6095020717631878,0.36623134799736656
4436,-0.8596991248269641,0.48994074710802,0.06558482184693752,0.4709315068925217,-0.9000537799347523
4437,-1.5260839741574455,3.6679101364326225,-0.18899277053291402,1.7483027289323463,0.6597766116728696
4438,-0.8882654148650245,0.5880698422700493,0.043258321731638204,0.5763449560603372,-0.826465878417176
4439,-0.774994991689035,0.13059302252740873,0.092523942303045,0.3321304792237715,-1.0727212502107675
4440,-0.8261876842077467,0.28063530236889583,0.08541027611703442,0.4003069828766112,-0.9879009513269645
4441,-0.8064654536295903,0.22154771795627914,0.112968273778824,0.27468563904419874,-1.0631127404911438
4442,-1.4963068183655834,3.428421050411671,-0.16709591116447037,1.6877890472001618,0.5518570080292081
4443,-0.8150021888011132,0.15108105381060757,0.11280851126842957,0.2895610476143988,-1.0718229795668126
4444,-0.7638336478055391,-0.39918842125637083,0.47937370148415953,-0.6914759580475575,0.39452637094525644
4445,-0.7791945333992014,-0.3517802949031507,0.4665958421429477,-0.6384829787279598,0.42988226825129194
4446,-0.751961308080991,-0.41897212617458357,0.45505480945747584,-0.6062000672932554,0.41614899891322293
4447,-0.7669169764596031,-0.3910763378166976,0.4716509074028159,-0.6473967877856712,0.41499777724796094
4448,-0.7555345084992289,-0.44619698301072414,0.46764205421719185,-0.6757868688473512,0.3828069298849518
4449,-0.714130385363051,-0.5863016857359072,0.47680352851469077,-0.7085854690978693,0.31976316708199365
4450,-0.7210271913034473,-0.46722072671292575,0.435269768527283,-0.6128363909724209,0.40215062302651
4451,-1.3881237982382026,2.935899929024346,0.1876377509642548,0.5998642409334505,2.0006712584522193
4452,-0.720943934139614,-0.5415527566344726,0.4485345993131985,-0.616341200977801,0.3765121778787917
4453,-0.7494755870431863,-0.3224226800153688,0.4415284109205176,-0.6063275664839025,0.437428976039713
4454,-0.8168169932174392,0.2499812215190543,0.06625101798434742,0.4540942052119641,-0.9944604438881466
4455,-0.7843933309519584,0.09147923900442832,0.10639055619283394,0.3203481158790766,-1.0993862685953113
4456,-1.441051192571445,3.1278175983595884,-0.17224448323485048,1.6591408032154926,0.4213659007275832
4457,-0.8334260884819719,0.2799931120322264,0.06344215338699792,0.4820358830850041,-0.9669183094128568
4458,-0.7419607716651998,-0.011283701551717944,0.08778684045546725,0.309853069933575,-1.1303572206379606
4459,-0.7577038941393841,0.0006052002811438675,0.10029692364223713,0.28855957989130154,-1.136986032480903
4460,-0.7915776018974656,0.1671461163141917,0.0755149738681838,0.39311821616415166,-1.0460262253922605
4461,-0.8091655374022203,0.15431651016053602,0.09606796945190592,0.37526958021140017,-1.053842212853255
4462,-0.7770003816289509,0.041239982624635636,0.0955952395438648,0.29261541331447616,-1.1206077302865582
4463,-0.7944518223940196,0.16563590390154279,0.05694713767994248,0.44746787405079463,-1.0246295550824134
4464,-0.7737887892357774,0.10590613010356716,0.08419717942687478,0.3377629671331259,-1.0848374617173329
4465,-0.7707713628602143,0.10027638948030981,0.08843859577946461,0.3165330738784312,-1.0833161438517436
4466,-1.2582693793695465,3.251765244882229,-0.2878817036738796,1.7544608010024674,0.5086007734959638
4467,-1.0298194643589818,1.0658962122045823,0.10059039237028497,0.47142483019314013,-0.7202980591917015
4468,-0.904150360914236,0.5843849584429618,0.08074248168246372,0.4395992171243706,-0.8969266412007806
4469,-1.2212797401308213,2.7667254040964395,-0.21585934902420145,1.529163783910758,0.25756148450267796
4470,-0.8227130816805437,0.42257401240277986,0.06170548710772618,0.41273462450146114,-0.9719903134632203
4471,-0.871994301149337,0.48011003053855067,0.07353097923967594,0.44527786052128543,-0.927502464696381
4472,-0.8599290738537668,0.5450996649407827,0.04252942432545907,0.4938272430030564,-0.8907118158150592
4473,-0.8874729075526402,0.4874361170695456,0.06858832858541106,0.49418486025603964,-0.9112200276142343
4474,-1.3227487422551667,2.962912856194801,-0.19672124287672885,1.567360890215005,0.3189638866945358
4475,-0.8324836899284975,0.4497654056094861,0.06546359400717203,0.40323072013910544,-0.9632034939035676
4476,-0.880767071640748,0.4839412994196431,0.06437112138086716,0.5241727527029695,-0.9011058215684906
4477,-0.8366259754390394,0.40616590057192675,0.053186762196199465,0.44675333539044537,-0.9433060270688062
4478,-0.7143985688081387,0.29710694915666397,0.005279498038669372,0.4917653811439614,-0.9690528250104598
4479,-0.7088348944194658,0.11115224158631895,0.045102801810412006,0.3567323692288996,-1.0872014955688651
4480,-0.8395010926841312,0.38413385937647493,0.07610416298186994,0.4204376893880956,-0.9756129191060395
4481,-0.8265430654386404,0.3333851874635591,0.06376972502883488,0.4339356092787029,-0.9896013929132388
4482,-0.7953065113754929,0.23070489080689235,0.08144095186482854,0.329083427983056,-1.0595837236171508
4483,-0.83508977968315,0.36639967761653097,0.08607874099151049,0.3842965326559222,-0.9802191751595541
4484,-0.8035085517405245,0.34414456817661276,0.06051409709302947,0.39910469887530764,-0.9889937791404514
4485,-0.8525198223521182,0.535732318406546,0.0593274047744785,0.4555507006914358,-0.920802081081939
4486,-0.8641940485096922,0.4591365163279827,0.06862503201780056,0.4400714104141822,-0.93489906988227
4487,-0.6750063290803545,0.2841180497686627,-0.014203352952266183,0.5386314837169154,-0.9338862564806438
4488,-0.8988444241234234,0.5436486181695004,0.07274021390875676,0.4516214933253526,-0.9013919227529418
4489,-0.6394386616551121,0.1899484890001588,-0.013279775399251034,0.4899038323897664,-0.9936854535596903
4490,-0.9636385012525268,0.569922307462663,0.11594336718502518,0.47496641028397235,-0.8447956627000036
4491,-0.7885499022026239,0.26967052606647324,0.055587280865123406,0.440913912388354,-0.9998640128532611
4492,-0.5265989198873051,0.3391780158729771,-0.1536603793265416,0.8815595772479735,-0.7239902899552084
4493,-0.8712300100254519,0.42969241009169135,0.05730254884634814,0.5363220504959302,-0.9029933686483526
4494,-0.8462779303889592,0.4094169172270262,0.06853830381674984,0.42881455374329913,-0.9444648149608308
4495,-0.8054734577818902,0.42600390547470096,0.05634299415188201,0.40690726737798477,-0.9665395698926141
4496,-0.7281841266709121,0.3208630599949642,0.03717758109508432,0.338395543294934,-1.034053988583963
4497,-0.7583252478893495,0.11141126637144395,0.06347586072352134,0.3891286824277154,-1.0792667534197364
4498,-0.7244232855592714,-0.19453450890881563,0.1028203666503708,0.32884378214456306,-1.1687465138128152
4499,0.46234441439903595,-1.741195167193057,-0.03574453945120699,0.5353085130547103,0.6834176849679092
4500,0.41627748145848403,-1.742958883363593,-0.09181332356561693,0.4301034219107486,0.6590971861866592
4501,0.4188292862597274,-1.7640054787073731,-0.05117364892647999,0.24464396210808043,0.5273620782512972
4502,0.2673364269165196,-1.7720115542494792,0.20705433999857722,0.414622664770478,0.5396618653530721
4503,0.2163501208313936,-1.9505004044634369,0.16514069053819933,0.29392021971085086,0.49346742114916514
4504,0.3013238272546397,-1.889298007766246,0.06257528507713742,0.35896346172632204,0.5463198360083876
4505,0.5180043077575613,-1.5482077525236446,0.02128007890829521,0.4872133237313001,0.5756345394111075
4506,0.3497074671897118,-1.8829474217366213,0.1799488232599748,0.10251039915146894,0.34387759108010524
4507,0.36406723518820444,-1.861944771681464,0.023266412401847836,0.08229591696060184,0.4061049096572259
4508,0.29669631702841504,-1.7509149085407612,0.19166167768526973,0.35021117781810535,0.5386186270561925
4509,0.39851847294475706,-1.7131222778039341,0.08047990998067238,0.4454828925396627,0.5902633796855979
4510,0.3731846962838236,-1.6355108811804233,0.05932947500754046,0.4276028382679355,0.6161752316245975
4511,0.30407493862105517,-1.7194872719328722,0.06187686625597685,0.3758706858462351,0.6130946582797739
4512,0.386459126824,-1.7291360283914365,0.06101602797534284,0.4345762767239198,0.5850476908299507
4513,0.301174342996248,-1.67543028880396,0.018745613753699868,0.5292197698835902,0.7343904619992021
4514,0.27352991631114604,-1.8581725418837223,0.058556108756275926,0.3727622925980754,0.6182948585419562
4515,2.740684261424507,-0.7289443744809222,-1.1262599901084116,1.113921105651999,0.9895071629464711
4516,3.127886169683731,-1.2495100300498938,-0.716363460201639,0.9475422262495952,0.4416658755053504
4517,0.7565668494118493,-1.2825744646137642,0.18490823153360766,1.2717826219112163,1.1061759103531406
4518,0.7936825323215791,-1.3618012699625304,0.21131590479634843,1.1526799363838576,0.9813038779216855
4519,0.8089997374107933,-1.2135027058484558,0.023894341124527783,1.293056679120066,1.157272545346541
4520,0.7843858701743285,-1.414881461059877,0.12391452612075232,1.0233299310941122,0.9304406641614481
4521,0.7672583605323314,-1.4223663740464079,-0.04051197267219351,0.9828013240952855,0.9908274501549619
4522,0.7425737701989632,-1.4250621003529218,0.013332247499344106,0.9359671747494426,0.943637850032757
4523,0.6919060786699356,-1.3934003719286956,-0.05393660670983473,0.9366696057140154,1.0101127782209278
4524,0.6860642684533446,-1.4146292232357973,-0.03578276398190029,0.898265970812331,0.9697177883924935
4525,0.6700655358103715,-1.3994464764708237,0.026830118636825707,0.9254867371661497,0.9531795379096206
4526,0.632100279801227,-1.44906236572456,-0.018226327974693136,0.849805813310971,0.9327445305171026
4527,0.6349071411300028,-1.4480964721733218,0.056637017763589155,0.8446754318054625,0.8806082450203593
4528,1.055094747814067,-1.7682276697396797,-0.28764578932393703,0.3096583449741953,0.4411129261270299
4529,5.68251987912393,-0.5772765812443258,-1.4694846509105317,4.028829103205409,3.0109668721827925
4530,1.1599314099159372,-0.33066798509597556,-0.7484592847573607,0.32974476327065433,0.6954015732101323
4531,0.5159318747431662,-1.6566971390332685,0.26214006232985876,0.8700670541291856,0.8116902241130681
4532,0.5062619715748027,-1.6802402899733269,0.07235542374509021,0.6792927570872767,0.7604346428114378
4533,0.5135265081077198,-1.6398435690550575,0.03614534008980968,0.7943592465251911,0.837029489012548
4534,0.933286904757822,-1.662402271377787,-0.21311182220793498,0.30662358976486653,0.4259816197983934
4535,0.47237790836966786,-1.7163607829859377,0.14073636277560325,0.6891297113323231,0.744020486290255
4536,0.4445552969006093,-1.7013017270768984,-0.032824528998128155,0.6120058856552436,0.7817642560971018
4537,0.5798489808825449,-1.7445456680525055,0.08956319614952432,0.713650578227468,0.6898824565749669
4538,0.35417661123906086,-1.4413719555753497,0.0024511550063976645,1.0098429767400352,1.082764569553158
4539,0.3678991595614605,-1.6954513515424001,0.05836671080122062,0.6436265519759763,0.8016883390968951
4540,0.39652286809461923,-1.747638387668536,6.208663018986672e-05,0.5321393099073133,0.727754380230643
4541,0.41769855534308364,-1.6999591716835556,0.14262413732148424,0.6552187024851625,0.7237824860118527
4542,0.3591014352804223,-1.6752482098393546,0.11125148745615185,0.6663924558844823,0.7858320148788452
4543,0.385044793892934,-1.7095123931239447,0.11206578042372353,0.6281012979485749,0.7450957571474954
4544,0.41471310930362976,-1.7031939997850403,0.020983881784597112,0.621904086954217,0.7621343057930658
4545,1.508565840504332,-0.5292211895219274,-0.6497838604692484,-0.368998579124812,0.23614032972374988
4546,0.44100595562267203,-1.4273193855094324,-0.023022537985117702,0.9495497460005349,0.9815452146505068
4547,0.5705863202996417,-1.5089955516559355,0.10980591315213425,1.1065365245438983,0.9427623138463223
4548,0.3545459328745378,-1.7544061017018382,0.04672282907582855,0.6462006498606288,0.7594816835962142
4549,0.39006296079818786,-1.8556469549572787,0.1379364903103664,0.5954175297133468,0.6448140741190405
4550,0.4927314734553763,-1.8156068000568362,0.2577870424852728,0.770475813235979,0.6391156603520002
4551,0.33794307163365145,-1.5772342828498196,-0.016962770188168462,0.8411539453979315,0.9191593279543699
4552,0.2723223512338848,-1.7885523378684145,0.10049717262275838,0.5691252618859354,0.7193604502253745
4553,0.6769174721984549,-1.8959097446029343,0.033965841825369714,0.3122677254371976,0.3524001857072205
4554,0.7459704289784749,-1.183281299554062,-0.42110286376399964,1.4782688568995892,-1.0122406896585523
4555,0.4455889019237637,-1.2216543101096315,-0.2708598854315559,1.8285628267923182,-0.7090584608835907
4556,0.6219717460740647,-0.8894936677868767,-0.3756833156828452,2.3707938918001283,-0.3653749866266192
4557,0.4465735017187122,-0.18192002756004286,-0.784405268855422,2.7195593201968142,0.23061690027937004
4558,0.27044629811668036,-0.9467559440918966,-0.45017311159667595,2.0143499180469617,-0.29289571751918975
4559,0.3823810614355247,-1.677266707710781,-0.07127512352990327,0.7338306186549155,0.9225818286512326
4560,0.700435403681529,-1.1438585283752718,-0.21590362547887,1.2228613237467478,1.1294249604117788
4561,4.643426227528817,-0.0593577104495148,-2.3675309714803823,0.40990998147195473,0.7215255507701759
4562,3.0933020865528307,0.5059556440011493,-1.526533922552691,-0.4472792523147027,0.10721192521126652
4563,0.47161870778392084,-1.7968443831240957,-0.09206950105865702,0.612642815261807,0.7694273023973607
4564,0.4644619168800835,-1.6915992629382428,-0.13707547171099746,0.6420570412942482,0.8274685142816649
4565,0.43434938272730483,-1.650494293727693,-0.16763124005517868,0.6717074868771468,0.9057623702621614
4566,0.3593742953317893,-1.596803380689349,-0.16927087381848924,0.7395776919050516,1.0138404675556023
4567,0.5244668974380259,-1.3610806258425487,-0.3073715037430203,1.0938407698829669,1.1951362271067683
4568,0.5020072654020734,-1.4153712056265138,-0.2629137216867542,0.9317992503707967,1.0965598638925438
4569,0.38292236768390014,-1.594482403685097,-0.28238597381394415,0.5947816200100333,0.9799386384081081
4570,0.3747856552695521,-1.558042734205594,-0.16665193546361445,0.629648188454037,0.9559266989970169
4571,0.6284767108791266,-1.517569458541885,-0.19180746513120786,0.8661744591370525,0.9319052474358208
4572,0.34862047621250347,-1.542502169683896,-0.1867039411398154,0.6148164407818053,0.9635172209160418
4573,0.36529913855487356,-1.5371391986185783,-0.15503309103046028,0.5729025490791271,0.9125341740472018
4574,0.4070401589377492,-1.5635697349856674,-0.25809977418668867,0.4733966106152652,0.8777170172698434
4575,0.39881585544611203,-1.5581294523138498,-0.14909199341761356,0.5590577832515022,0.8827541676611246
4576,0.42375194354009393,-1.622931525902666,-0.14207334543385733,0.4548833497520894,0.7827442016673934
4577,0.4170046370410346,-1.6392924387192178,-0.0957081087948789,0.46018564128391254,0.7712822549179535
4578,0.39875951333614085,-1.5766173976508933,-0.183320153867011,0.46262492329136756,0.8343194900035612
4579,0.42730881108332835,-1.608222284095987,-0.08641332361753272,0.5341298166614057,0.8101497210870436
4580,0.4569782493054837,-1.5921653633333708,-0.09566204084820447,0.48983318334430886,0.7715315652410125
4581,0.452029047267337,-1.6301984520563473,-0.11542990368396804,0.4007436637281552,0.7246269915748513
4582,0.47980539770687075,-1.706969581285439,-0.2246604951452794,0.33460948570332905,0.7094896018145275
4583,0.5087080520827468,-1.644282990560726,-0.09273605954511951,0.49404448847742183,0.7357222005937664
4584,0.5041842152569613,-1.7883719659100108,-0.10281628809583197,0.3407975578708441,0.6318865069691926
4585,0.5631878771083596,-1.820601560151398,-0.052234263726896435,0.40475631865384953,0.5868284307370838
4586,0.44073785925631837,-1.7190185250931553,-0.17347622721097222,0.29444723473814294,0.6759265403584553
4587,0.4075982410395453,-1.6068687598098286,-0.08537455602501114,0.45304943066531067,0.7625567830987684
4588,0.4344025959888313,-1.6683468389704437,-0.007741580502669211,0.39616988664953356,0.6652924260732828
4589,0.45315580151143675,-1.6375023487847709,-0.178596090621043,0.33585193643219896,0.7073803140602201
4590,0.47286545855853174,-1.5326067429885395,-0.07667085340887683,0.4984785682361591,0.758733690598633
4591,0.4950942541802109,-1.6406385249482158,-0.003885189309480394,0.39752710776454486,0.6461833396479825
4592,0.4858380860867949,-1.4206431613678923,-0.09116502260546083,0.7018826408538527,0.8958337857370017
4593,0.4004020853160957,-1.4943889220084816,0.024968214347544974,0.6169651844889269,0.822823964889675
4594,0.42568048797603064,-1.644821025467815,-0.059150601381740005,0.31370370228527866,0.649634052723419
4595,0.47851472030178244,-1.6069751811102457,-0.10961690445825822,0.3375129785976054,0.6659876582095872
4596,0.471328558959471,-1.6261998429317837,-0.07142292206442903,0.34711049724219156,0.6597222998086127
4597,0.5245285009753253,-1.5481001766804992,-0.1257086913596917,0.43750294813973184,0.7340233802636937
4598,0.5491796224954837,-1.3788372564369131,-0.03752853305763686,0.7060269564443782,0.8694845943025639
4599,0.3986741597490483,-1.4867577780308645,0.007419677629140386,0.5220770023986188,0.7823626198768767
4600,0.4387556738884976,-1.5613945292961748,-0.10325989413016315,0.33846957730871674,0.6872094561555107
4601,0.4533289709401026,-1.5989979546109752,-0.05411577110898145,0.32700979201780767,0.6502987276080991
4602,0.5963072837766842,-1.543857103739414,-0.15062657227175758,0.3281003025274864,0.6347097255363614
4603,1.6965419808520155,-1.6614461630890562,-0.31356032512056786,1.4448223343540187,1.0318177345501514
4604,0.5583810760366512,-0.778752956033234,-0.40302565500607507,1.7966051071896545,-0.6409551803892244
4605,0.42326809693639766,-0.7853732977157016,-0.36441869579317776,1.6526746428153773,-0.6665132231595452
4606,0.578370759867708,-0.7366311105984851,-0.04591649306487239,1.797635223886155,-0.8144476998626049
4607,0.5118511024229145,-0.9878529819285101,-0.16392872060377311,1.5144756670758202,-0.9221156008109116
4608,0.452844726467266,-0.9886178630725547,-0.027253812210024295,1.5401530086073996,-0.9474094710962545
4609,0.4342983865650957,-0.8531228303466012,-0.22343227494907122,1.5630336438939376,-0.8275409957928599
4610,0.6959035773626643,-0.44683629398785357,-0.3904450797414297,2.3442553926156418,-0.3417374461237825
4611,0.41075838621499533,-0.7000073468421584,-0.4286168905578447,1.633479612152205,-0.6656848300539575
4612,0.403325992316306,-0.847473927832761,-0.2031092776833567,1.6011117360303266,-0.7919765296534479
4613,0.5432122195514071,-0.8820636185284115,-0.3603093589882361,1.5879873481523712,-0.7979805059082626
4614,0.563560948373961,-0.7357809354539212,-0.20940922927999514,1.8618309149447603,-0.7050707649222067
4615,0.47569739120506355,-0.9700111415174424,-0.41486215733601994,1.4413771387962295,-0.8505819331880757
4616,0.390637808791847,-0.925544538829518,-0.5051571499147363,1.369610065820087,-0.7852956378213007
4617,0.43042735119759046,-1.0780231428453764,-0.43731101587587584,1.274216625976059,-0.9219041401305152
4618,0.4030192937106039,-0.8471648584207059,-0.48058871196589203,1.5358800732138207,-0.6977607538647037
4619,0.5243974453747262,-0.9495167601899216,-0.4077842278019829,1.3264494001423235,-0.9626674467032424
4620,0.4845723670083804,-1.068410907227427,-0.6346057316807363,1.2389269484300462,-0.8572098537429901
4621,0.46876371330427463,-0.910416137442939,-0.3936179066961784,1.5804037296702842,-0.7497754399108022
4622,0.4487042581151244,-0.801197669465031,-0.36199476103466166,1.732146686072102,-0.6665995417742862
4623,0.3644697463328906,-0.7035319593736161,-0.222162010953308,1.6400844115339883,-0.7497465227849417
4624,0.44009689896342247,-1.0568112644096819,-0.5323689306617277,1.391797088086332,-0.8180865824597044
4625,0.2621753358636669,-0.839024465879348,-0.3828633963879947,1.4347293443434868,-0.7788372260892379
4626,0.4502756874243008,-0.8641919453552998,-0.35901463895641506,1.3390681406593385,-0.9166928087070755
4627,0.4938236131260997,-1.0267671016753035,-0.39061516776420907,1.121690663570014,-1.0648058151725877
4628,0.16154673473976314,-1.0023124516095798,-0.2769944696301275,1.206400358406112,-0.9070605374430877
4629,0.2834243536570219,-1.7228685109046626,0.23207656723086562,0.12287116192133252,0.3800258688657701
4630,0.24413820500822447,-1.6089404037402188,0.24512675180799468,0.2056056255341594,0.45929533529078653
4631,0.25745327547060665,-1.7746114999878075,0.2431622870467179,0.03643741425106582,0.3427119033777541
4632,0.2930319628862124,-1.7339041598829494,0.17834099260158245,0.04881347095979562,0.36755434556852945
4633,0.2869243787772576,-1.82575152423969,0.28091925849015353,0.009317924199474048,0.28836445630019564
4634,0.3052635818888634,-1.8102866609569062,0.1669611095558397,0.004861447699084051,0.3209777771998603
4635,0.27403338872142263,-1.7240889172955078,0.18709149085190385,0.09161247796686892,0.39510305694824516
4636,0.2933618416343483,-1.797814289245744,0.2571239917931906,0.024019208225387983,0.3040537379753483
4637,0.2687287444056809,-1.7862044507900288,0.16994767658704316,0.03689191223734035,0.36767084360316415
4638,0.27372815882470614,-1.7917574259478166,0.22613353643428902,0.012075913592291565,0.3272402386771803
4639,0.28121902825697837,-1.802172818796255,0.2754514432428824,0.05137360465068658,0.31436843502642614
4640,0.2656079021994137,-1.740126199096848,-0.03195644585832094,0.050252713232307164,0.4690233751852784
4641,0.5119966584388399,-1.8192121250225666,-0.19794814136984784,-0.1589858603941338,0.2348541754754657
4642,0.6586682318667378,-2.0936533296078617,-0.12590849273752275,-0.05771836726126278,0.187137061651505
4643,0.7339710189595602,-0.036883120064562104,-0.6902157644575672,1.3738442261789272,-0.9658287759992091
4644,0.45047385569739845,-1.84482717585196,0.31993897720040915,-0.047477165871629014,0.12714301506857822
4645,0.3398518972905988,-1.8884091142671935,0.2601324635167993,-0.1364453733639823,0.1545341763998363
4646,0.3810101394829502,-1.8010061585086774,0.31289954931220004,0.08691497767632421,0.26291943918613714
4647,0.29874318182156123,-1.7947742289263733,0.19140318592213407,0.039879291785392616,0.3357541258090191
4648,0.30078657226957767,-1.8025474303066245,0.11169154069719742,-0.09818058101247264,0.28288887520913664
4649,0.3185951120736447,-1.730716833746724,0.15885731897659477,0.03624844296649041,0.3456439214040586
4650,0.49895396663717223,-1.7437775682218335,0.14107077572849477,0.07936576175050919,0.2893392610683455
4651,0.4907146599995427,-1.584780971446748,0.06553062310030004,0.2765650008812792,0.49179895570100923
4652,0.47309541422925955,-1.4915017594528908,0.11889322736434087,0.38434845969150283,0.5383025915317906
4653,0.4633431443323486,-1.6576649515306,0.11757050730081496,0.21083110864155472,0.4322238783626494
4654,0.3503841805078276,-1.6891248216274282,0.11647280736181119,0.101103593999752,0.4019218920882354
4655,0.4636605580937349,-1.734508918089902,0.11149980952147208,0.0466673645629272,0.313151913061194
4656,0.29997435172829195,-1.7348663921836696,0.06644918058209776,0.07463342682751378,0.4371303509812321
4657,0.38014192665935714,-1.7320633346165883,0.07690403142715893,0.045579005832145594,0.37531101424882346
4658,0.40983996772418213,-1.7167882523497124,0.13066202053307396,0.1225026726914703,0.382815492745115
4659,0.4255860700171933,-1.7765293304901453,0.15670000679842597,-0.051150763306919984,0.2589062834546661
4660,0.43246950779511883,-1.5203879127894064,0.03927231940745732,0.3769124378864138,0.5791377235843492
4661,0.44358846199774554,-1.755066115172227,-0.03862974675382879,0.019420874987229275,0.38525502159059416
4662,0.47528395050216,-1.9138642113024327,-0.05871563798015361,-0.01666358706732225,0.3419317101562073
4663,0.4473298876584093,-1.806985463753352,0.1610700016437833,0.0849431708519422,0.3227729078702331
4664,0.45539496777378546,-1.7668079964253909,0.016774039746630432,0.1242519315862456,0.41100205635654197
4665,0.4718814435803197,-1.8066985575897705,0.07734606371582708,0.05801011036980638,0.3392272408646295
4666,0.4313101888867719,-1.7771819872014658,-0.006468503649457172,0.14679528536695272,0.4568881050931773
4667,0.3602521815986078,-1.7721815197630424,0.0782405590578216,0.03385838001729043,0.38496179739324987
4668,0.4293051784907535,-1.794880019117746,0.144488843540757,0.09210928696585355,0.3204350981415935
4669,0.36644115598652677,-1.7349979771356945,0.10459015201507493,0.16565817747333184,0.44631333251485455
4670,0.4056840007954409,-1.7830766481020721,0.14147211113834599,0.12100714227655918,0.3735534626317857
4671,0.4211677875934426,-1.7948643584918302,0.03158382879392113,0.09673315033897575,0.407550388313889
4672,0.44649362987414026,-1.6170962419793737,0.08065277243385834,0.36152304476203884,0.5448693315862022
4673,0.4439729886240019,-1.668013477746308,0.03251043052200517,0.28610540428043535,0.5110025211209807
4674,0.28910958987637225,-1.7874434647516007,0.14373315325188224,0.09909128495001655,0.3989089752025499
4675,0.35584233472285715,-1.8023139348168784,0.14220168737915287,0.10115379751117691,0.37454664757097883
4676,0.31899673490805514,-1.752384880056462,0.04081544360420768,0.11938358543841432,0.4621230328541094
4677,0.35228593132028896,-1.6850130805030168,0.1336535567154412,0.27369559568860136,0.5077766023823062
4678,0.4109251377207261,-1.6901799972451745,0.0019682108271158825,0.28074189246836473,0.5436756733682416
4679,0.4465503389963126,-1.518961868752901,0.009091683355411998,0.420334643414429,0.6307143322246055
4680,0.2586095484723407,-1.6267928290298415,0.25255813592353576,0.36442184880633127,0.5382861278113062
4681,0.27622364742208977,-1.7332497309675572,0.16383129350025336,0.12811834159948882,0.4289174457843365
4682,0.29056111204070917,-1.7407056654119,0.17232188647918895,0.1259634816671963,0.41943325946999893
4683,0.28487732531086213,-1.7135850118868663,0.07619914397996488,0.1298644616344788,0.4742748540162656
4684,0.3722379037981284,-1.5690436103490886,0.15041556130345055,0.29940705403613527,0.5208143832607954
4685,0.42774495312050964,-1.6300459458068435,0.1296926699966696,0.29063512870773156,0.48982736796070764
4686,0.4310012111275441,-1.5553514427780273,0.08503208560530205,0.4339930958339413,0.6017299069488926
4687,0.6697340700409963,-1.4529869955918313,0.046405399473851756,0.7093482461860513,0.6682854443199425
4688,0.3536365081262539,-1.3612551447270749,0.014688813523031143,0.6539953178234088,0.780205962968427
4689,0.27964425574612245,-1.631199399377453,-0.07314339389356625,0.22093332671018706,0.6102463331251049
4690,0.30955549494146334,-1.4938145598085055,-0.006791468217348164,0.49042533864850124,0.7184290877205951
4691,0.22968050181913013,-1.7502396146786685,0.08773767629186631,0.18954405257506046,0.5095984126636377
4692,0.21521639791435399,-1.7284292349899097,0.18306067031001028,0.23470022680301347,0.5076649639994116
4693,0.24966519034068616,-1.837124467438101,0.13115048830431997,0.10135018478809832,0.4169122731479156
4694,0.23301682180851052,-1.8414760296585369,0.18608411859615756,0.11559156189881388,0.4154917840255095
4695,0.24330393199839093,-1.8877958366854959,0.0749344580900958,-0.0009331917080135329,0.3828886569838388
4696,0.23949771958318375,-1.8867211070368064,0.14977569248396977,0.05960539884330235,0.38587649134027163
4697,0.24324159392180342,-1.8816983901778992,0.19201650603467676,0.05113620481305238,0.36002162113666186
4698,0.2418094796944129,-1.875436953899286,0.19593182367482487,0.05261962231944236,0.35739840553584873
4699,0.21585994987478868,-1.8409338357275982,0.09150185983711315,0.04955108280884508,0.42330553814190086
4700,0.24146927347994612,-1.8658215388198893,0.14422415060419688,0.05318134678063409,0.3799528066649422
4701,0.2351420492763956,-1.8422361224440207,0.21341673018123908,0.11397778162945456,0.39112131571590997
4702,0.2540205857911884,-1.8370468039680188,0.2321861849904881,0.12126400390781637,0.37790798917792273
4703,0.2681837630451196,-1.8997548015827959,0.13885476710228453,0.006783302888910907,0.3383140735802298
4704,0.23549917649049523,-1.815879452271484,0.266016519036568,0.1370726437677171,0.3875432069480356
4705,0.25391593087745323,-1.8270140706468403,0.1479278022727926,0.09526456766282333,0.39786900185020607
4706,0.24522675938732,-1.839666055283631,0.1092608322307671,0.06370427315728322,0.409494449129838
4707,0.25942843864438603,-1.8420690875768189,0.17803254083388811,0.1148499279725431,0.4022394752319317
4708,0.26682957707517607,-1.894950578301955,0.2269651936553056,0.07582277170507337,0.348116219055408
4709,0.2793648106495606,-1.8665199194228532,0.10452087630203104,0.06667492797650375,0.3929840295135116
4710,0.2761304773175195,-1.762458213936383,0.20167605543040865,0.22356107424981916,0.4496024516751637
4711,0.27706427745633644,-1.8311884393319073,0.14950780570052882,0.12333555801125172,0.40851189954351214
4712,0.30167616315021956,-1.9027630906340867,0.10445445224530717,0.11374000555782776,0.3840029080540383
4713,0.26637184736087216,-1.8400389331578104,-0.06130844714058215,0.1660946554731356,0.5374583852035157
4714,0.270579938505778,-1.6655989218437939,0.12116631839445136,0.37661719034859215,0.593160028740826
4715,0.33742757394144623,-1.4701291282376738,0.0398699270468914,0.5759610271792865,0.73256537502071
4716,0.29469770696434716,-1.5418388534511664,0.031886017640826006,0.5550405997590642,0.7357663575122017
4717,0.3110398106097022,-1.107507712175092,-0.297634707543764,1.4775307310590744,-0.8193747033133307
4718,0.19742021490239203,-1.049837575490442,-0.3159440288577899,1.450681394191152,-0.7907855338308601
4719,0.36012913297386995,-1.5618696033517565,0.09427371121169145,0.6110084939081037,0.7172274975861586
4720,0.35463284841922105,-1.1583782902428232,-0.3110873371987142,1.4623116975864037,-0.8722476196856626
4721,0.32464094304777724,-1.5078533852890696,0.024494529889265888,0.6222628727144618,0.7699134392670013
4722,0.3053289601627204,-1.5946934556357453,0.016745171202692477,0.5104371321225174,0.7213507776896576
4723,0.31982980123272814,-1.5479991071354027,0.03966967635921935,0.5230333662749305,0.7088949831017343
4724,0.28602827165568473,-0.9912610664429776,-0.37750951032317503,1.611213511348575,-0.6762124802229652
4725,0.19978026791396733,-1.1769620332429092,-0.2475235128868238,1.414721217240272,-0.8462107246368106
4726,0.3291964113161898,-1.9136339732560737,-0.005268053785029639,0.22162753669873195,0.4555067903440641
4727,0.2286346078994798,-1.7849254458035946,0.0007636850473847366,0.38364141393330475,0.6516177200379315
4728,0.496880772360159,-1.552966860079643,-0.2453703606882092,1.0635245778970608,1.081298302630583
4729,0.19384505549948397,-1.7606453951898515,0.016184511909508856,0.5122130172250775,0.7466446665673375
4730,0.2816794117073166,-1.6789868893775324,-0.026743665510074587,0.6387184390130184,0.8187182298334679
4731,0.17010390327743624,-1.0251348720097584,-0.4252852084121325,1.5023449568833236,-0.6797944249517858
4732,0.17828648450243967,-0.9935221862558137,-0.3032572590536483,1.5088453359363438,-0.7433790958267413
4733,0.18710927003166203,-0.9455155326717378,-0.39827914532376096,1.5511499104999347,-0.6798173561488534
4734,0.19410152934912733,-1.1474435294565284,-0.3874987802587082,1.325407217037717,-0.8298316834251492
4735,0.1497678286020441,-0.921693940195426,-0.3276214964608675,1.5824903377647688,-0.6598929270873548
4736,0.1742016754835515,-1.1780928470168697,-0.2691605606825691,1.3312981388302156,-0.8878023284487192
4737,2.2356208094260643,-0.8688109192540325,-0.825193394356345,2.022389066060589,-0.9345212858523286
4738,1.8173362730287872,-1.3620446761614955,-0.42604647161524967,0.94682433554846,0.6373473075637266
4739,0.6213797185914609,-1.0314379889646037,-0.2673810910635174,1.998874060399561,1.9534988146694403
4740,0.5965927540986721,-1.2111111004062718,-0.15807375552339664,1.8028283512824346,1.7359638927665908
4741,0.5766465835453796,-1.1129647412971495,-0.0895070135294342,1.9500481293744647,1.8106123013621382
4742,0.5758013336047945,-1.157137691297977,0.016176526723286688,1.9894066827186707,1.798776194403056
4743,0.4895447070608245,-1.0079796501121496,0.027882728847645925,2.203355341962995,2.0132318042621944
4744,0.546292860892759,-1.2193158190150337,0.031747799693046495,1.9544550044945372,1.755185197880682
4745,0.5398157701855589,-1.0012806421021567,-0.13836149131023354,2.1688920384705797,1.9812162501923152
4746,0.5215930325270899,-1.4039853708832335,-0.07258696748071272,1.6674616152953203,1.5952653432216695
4747,0.7732781030461564,-0.3239854702082453,-0.411744546750783,2.8610399541323215,2.4974458645343303
4748,0.5075524713959292,-1.2501648680517266,-0.06707802095228514,1.785779428854402,1.6835555878159236
4749,0.5937364101783449,-1.3699010013187785,-0.18009885785022983,1.6457134601545822,1.5613775829492251
4750,0.47752915776065974,-1.3911788918774421,-0.1990612938134094,1.6139930560131632,1.6304883045284102
4751,0.5148796822693692,-1.2343217470860557,-0.17651028006869843,1.8033798133922858,1.7093502370269813
4752,0.450435762851569,-1.3151903329725667,-0.14139217080806235,1.7079845522682304,1.652454816669425
4753,0.5361700622047452,-0.9418646218638437,-0.2950454173969596,2.162350464746199,2.0146881305298234
4754,0.4488184756410536,-1.1758411802546034,-0.27479688753385356,1.8255164673412776,1.822316459635486
4755,6.025425633949791,-0.7509586256211614,-1.179591799549116,3.892241797601482,2.6517717068634505
4756,0.3556044947671172,-1.0527902528863198,0.11836710099569722,2.1644299190154315,1.9072479076331774
4757,0.4059690486902469,-1.2828910670313025,-0.0964253857286972,1.8619565943212557,1.7788862176641391
4758,0.36745648823489446,-1.5595505552467903,0.039757723323360375,1.4356825775173856,1.3729120181974097
4759,0.429900073019382,-1.0690554010617201,-0.21834534688744373,1.8894952323820287,1.8474489751200052
4760,0.4706794070022544,-1.158376620074699,-0.16992240908312833,1.7954248800835007,1.6966148438648598
4761,0.35849473876831667,-1.4732297897566515,0.1515633607875148,1.4851327606134348,1.3338798278417774
4762,1.2552215564140223,-0.6516404961209712,-0.6264141560800315,2.529855271169164,2.1328173185552
4763,0.46974757173390147,-0.6531126424639035,-0.8309918693907384,2.823079680998702,0.49289104591301025
4764,6.233705007589179,-0.8004129247153627,-1.9157716791089272,3.4783979242461682,2.828937779659674
4765,1.063458574265906,-1.2178008236510733,-0.8780926743971905,1.2903176169021402,1.5242817939796607
4766,0.7316198361409911,-1.0369642243790933,-0.6116258170000229,1.9208862691002364,2.0723240670231196
4767,0.7857614199790943,-1.115483148647259,-0.6267303435124365,1.7681589611842135,1.9324105077173068
4768,0.8394954368378326,-1.2523834120611186,-0.5080368484566307,1.6393428066113345,1.7488310497199127
4769,0.8417587335370826,-1.1650967653813096,-0.49673928037876025,1.7713351778884237,1.8292412304856829
4770,1.6609689895666278,-0.5356295605072565,-1.327341045562841,0.30607497418247437,0.9204380155023019
4771,3.2794020109162267,-1.413413219301907,-1.030320863856993,1.7868327382034825,1.2917411991300178
4772,1.3393023117144074,-1.273736590140128,-0.1814505368838214,0.6459274142613,0.5437776875613228
4773,0.13735234613885386,-1.1203036267618087,-0.6367402366408463,1.947239441697859,-0.2579364534622503
4774,0.06249154140104902,-1.0452671578398347,-0.5581517466082933,2.048943483474061,-0.20167685489091614
4775,0.12983238258682706,-1.7660247613586375,-0.15128572523134107,0.8947390544995212,1.1463675731150695
4776,0.13440610384349325,-1.7209947925132933,-0.16030075506239858,0.8963216661184499,1.1612410253071015
4777,0.1876901101332339,-1.663770139144358,-0.17783163167316515,0.9088803404077528,1.1622445107158683
4778,0.20275907613861552,-1.6793548887296201,-0.22012111266456388,0.8684965558803381,1.1601519546604875
4779,0.22546222958147807,-1.6141328714534502,-0.1171488303535243,0.9777946426253282,1.175567938255404
4780,0.23855086259878605,-1.5842240102042575,-0.28352011341282823,0.9829457522930665,1.2661486399588018
4781,0.23272084352328984,-1.340105466238165,-0.17739327984554412,1.284209996115102,1.4213654806382456
4782,0.7677684054369676,-1.7049229920812052,-0.487229343671303,0.316056367325959,0.6514292044356003
4783,0.07703285346730744,-1.4305920021343286,0.03250815127634127,1.3041554765306551,1.3812702047124878
4784,0.17211313457297636,-1.622613429018908,-0.022690428087074464,1.0343109925490053,1.1695369389930863
4785,0.1945727238560191,-1.5366635625484477,-0.01705315713141162,1.1003564604424287,1.2069009483175965
4786,0.18638883010410445,-1.4164864656711227,-0.05506853608042176,1.2394669358878756,1.3461451802257483
4787,0.3836430776161458,-1.7252515625472866,-0.2070951928441482,0.8007016668865404,1.0198933612001648
4788,0.26236850330066885,-1.1573755152111582,-0.12635465781699606,1.491060469814586,1.4872173763652463
4789,0.26115676656816367,-1.584486955405226,-0.06144379783769678,1.1094886572335374,1.2230789822739874
4790,0.4926080005955553,-1.7385659081254141,0.019717045627352124,0.8269071717025926,0.8124936873531977
4791,0.06927786125926319,-1.4458845168204857,0.0036227934523236694,1.2722509014408148,1.3726007364156825
4792,0.0992095947700966,-1.6421402011759851,0.08469297149047499,1.0825362987159977,1.1859704949043153
4793,0.10448632329488534,-1.6122935511923249,0.07172712766227839,1.1019212805508871,1.2002420266700624
4794,0.09806831928485608,-1.5868469582381317,0.0932041890869018,1.132811294933288,1.2143428710464907
4795,0.08875861380357468,-1.5311568628649248,0.16155645198288862,1.2289129851962395,1.2513151130154128
4796,0.10195691570187897,-1.5816355777996398,0.10253589990750968,1.1544299398809157,1.2159799136512428
4797,0.090086969552363,-1.6082765873756715,0.055463290397929424,1.101088876742238,1.2156990270149228
4798,0.09553128379910043,-1.5517067620500984,0.17969751011313093,1.217803576435579,1.2252952658306138
4799,0.09639417369411775,-1.5900825186795962,0.09687295450205799,1.1378698688516762,1.2131377875511737
4800,0.08529837253185067,-1.5958842932226855,0.16045462006082734,1.185225117748454,1.2229923753548975
4801,0.08254111605319989,-1.5927808994771069,0.08471781393600306,1.1463754324523305,1.235577747635331
4802,0.06342452755279665,-1.611939225128126,0.050560940112916085,1.1332453935871472,1.257985842729652
4803,0.06763150457139697,-1.6051633266960539,0.1346194712258944,1.217828539285711,1.269045527758904
4804,0.09311502330443637,-1.6179393156520498,0.0943461601245762,1.1359372318159942,1.217812102064465
4805,0.08285072803077365,-1.5812212596526143,0.1546213477977643,1.2029269299614396,1.2402732355838229
4806,0.07327074308167779,-1.5945505012523484,0.047130915602032794,1.1435543431604247,1.2632098453845344
4807,0.08655082420443973,-1.5882651229494265,0.07863668229924516,1.164000680186753,1.245057093559816
4808,0.11002658973738286,-1.6050294376338239,0.20666637976031735,1.1988808897894778,1.1925066057922116
4809,0.10486152160940738,-1.6148955140624779,0.09053713224113763,1.1301858755775782,1.2054695282700316
4810,0.06614914185739491,-1.5721755705690101,0.057562954112082725,1.1551815974568862,1.263873227974397
4811,0.09610724125468494,-1.5804414057099088,0.1751130071925133,1.1874549271566928,1.203232257083375
4812,0.065935387307588,-1.620661550982838,0.08635811240920943,1.1347354568864039,1.2346986374192428
4813,0.09521548175592776,-1.5763665662358328,0.19852638045030685,1.1890678654586047,1.1986430208890917
4814,0.07885394615800632,-1.5794739759543945,0.09259090810773227,1.1429700081012821,1.2276964484630517
4815,0.08962451124793618,-1.6136776767069194,0.08730887266352834,1.1443546839185688,1.2272463925229382
4816,0.09303614089662052,-1.5618096832192307,0.13185211695406449,1.188580224727382,1.2325383900092066
4817,0.07223345450246475,-1.615056269021172,0.09856421590420607,1.1363164380616502,1.2274025495799985
4818,0.09979922878287574,-1.6065108411624751,0.04262533513065699,1.1045216225944812,1.208294078225319
4819,0.1347865040319989,-1.6483660341761428,0.11974163768818046,1.0879184404208997,1.141195533157438
4820,0.1937540673744204,-1.7535927349621054,0.12122774042643546,1.0895560657018364,1.095042289719791
4821,0.2391749613080262,-1.4686009081210012,0.2028420518422275,1.3759135504768734,1.2626672936386
4822,0.2824536087860091,-0.8937905251748665,-0.3245523762938226,2.2759511115758433,-0.22817086209732482
4823,0.07851046294184061,-0.5965362027173136,-0.29737551624536235,2.6465640085457656,0.07943105520508628
4824,0.13833160788495474,-1.6280991533417348,0.13432787723725875,1.1280952383568537,1.1623050226065559
4825,0.12777849465999552,-1.637006249946566,0.07718415811753533,1.0918618785938186,1.1832332642433543
4826,0.16210167512265142,-1.6753924402583775,0.16723773323919908,1.1010839335533462,1.127368968294493
4827,0.25483803113400866,-1.8579435873155434,0.0785746181948272,0.8492299256397464,0.927680497917282
4828,0.30385082967941773,-1.9150303612432473,0.11879756833206366,0.7992779935027734,0.8363719178101635
4829,0.3195923675655785,-1.9959877309459428,0.0500747353331437,0.686368552344737,0.7880534449959272
4830,0.28774391771180935,-1.764561756548174,0.003794321333676723,0.9048731599160702,0.9818316847242199
4831,0.2559141645370492,-1.7726948699018255,-0.012085133081145694,0.8614444181870026,0.9795256644642072
4832,0.3350058559363169,-1.815561334987896,0.08028411862838729,0.9925130495041752,0.9543965634869168
4833,0.17083798575461998,-1.6157602725074292,0.1470341359285071,1.284269052206099,1.2493233910685546
4834,0.14457317074221065,-1.6812364813524927,0.049826192912897464,1.0893750783960616,1.186617848983367
4835,0.17033397335028558,-1.5778241549433716,0.11611311442547988,1.2029940212724435,1.220701247914411
4836,0.2221829626761514,-1.5974480611807202,0.13792741990932902,1.1533043679345938,1.141300897564786
4837,0.19280951732981455,-1.663663543300669,0.059610190492342285,1.0499806122271547,1.1383212621674519
4838,0.1975395401492119,-1.6382587071962242,0.08699012951274387,1.129914325753324,1.1805698939734945
4839,0.1546841858196461,-1.533623865638211,0.10180237296735681,1.206421935167365,1.2497431705757291
4840,0.1506088990313048,-1.4995839800899675,0.14391039460163055,1.262134326028268,1.277509234140334
4841,0.1672054357994132,-1.5883676175998924,0.0964212405194453,1.1642556411136153,1.2227006161916771
4842,0.23736453360185025,-1.6157391946750184,0.16286956853985096,1.1473062343380247,1.1342567759980515
4843,0.24681491023815666,-1.713458852927919,0.040418668800629665,1.0583029241419344,1.1069807071753048
4844,0.1535099780023781,-1.569734133851551,0.0623311725448624,1.1660408681383425,1.2484617555733843
4845,0.21188699482474438,-1.4375452966802933,0.045402000245581595,1.3877851935912178,1.3585459698681448
4846,0.19104635551553137,-1.602816347816552,0.10169234548484729,1.2415471277469625,1.2487785995462926
4847,0.21065842449447233,-1.6365613765194402,0.059959525041172156,1.1047044045593837,1.1596593314166375
4848,0.2223218879203221,-1.6852404384140451,-0.08102981059008638,1.0035592380071874,1.1694594292621225
4849,0.274606787376899,-1.7225682746444209,0.16589554331718195,1.0428181276439734,1.0317742567520771
4850,0.28582218007892896,-1.7035248797915263,0.03632889561370254,1.0323620505183033,1.0816957096969444
4851,0.2014736318264244,-1.6391537981559838,-0.001068933689253266,1.0419370345066565,1.1672663106031764
4852,0.2334086794113966,-1.6471241826964835,0.07051168081105476,1.0708897051917439,1.1214468124112231
4853,0.21905115450511148,-1.5875016011373715,0.03670463953258468,1.17013741193724,1.2262617590207259
4854,0.17985163417853992,-1.5515689757161497,-0.03394067688868063,1.1771106783025393,1.296138472089238
4855,0.23418968183173366,-1.6182364988987712,0.011295352875947995,1.1056732124839652,1.1823881533535279
4856,0.1812893009600697,-1.5312063929689401,-0.019513119311510153,1.1768245322549362,1.2961138808481618
4857,0.2840931390328731,-1.6212196757371578,0.07702736171369629,1.118002516665221,1.1276149112927156
4858,0.26772575988993974,-1.6432743311630984,0.052675986699330386,1.0955491070793975,1.1323081459373807
4859,0.21682005842042448,-1.5623712490336423,0.02839323652978439,1.171275921193283,1.238380274104132
4860,0.646068975616814,-1.7485150046205267,-0.17929030406477223,1.0199820650802474,0.9596225253732646
4861,0.05830944190439756,-0.7547407994358755,-0.15194417062391896,2.3406926105987544,-0.18148111664509886
4862,0.09134525041855746,-0.8874837169581296,-0.17927528458215783,2.1249413711628744,-0.341571853280023
4863,0.09995562311095117,-0.8594599486466499,-0.11220605580903925,2.2993562011230293,-0.2573882738664812
4864,0.07577945484540298,-0.7595804869366658,-0.22864416801083892,2.261338706383944,-0.20975170651381375
4865,0.3765747758650964,-1.269931792319854,-0.2858144967275953,1.6839621470095087,-0.7916860651607303
4866,0.8695485139826499,-1.1470542056297512,-0.3651372009104014,1.4814816719005615,-1.0963700006560717
4867,0.07415587680349033,-1.5186543238257506,-0.015271844321808847,1.204627659625354,1.3263258490157548
4868,0.12675023290703658,-1.4448648516369382,-0.046457094193394666,1.2581312501470108,1.3533429531578114
4869,0.17952188641797953,-0.9909378450862953,-0.393775297025811,2.1388713830626256,-0.2604109255916268
4870,0.0976807531857918,-0.8080418304196016,-0.26547083355472684,2.4474802494718864,-0.06318942648081599
4871,0.1864723807429495,-1.536442305827327,-0.005950282951978337,1.1645239788410988,1.2561898165291874
4872,0.25832532613743087,-1.5186781536981535,-0.11241429968522916,1.1166208836540403,1.240128662239319
4873,0.15416242956883058,-1.3896669966677753,-0.06059907554564568,1.2615128144786527,1.363645999780657
4874,0.22464955825336708,-1.5985536431448757,0.0046818978890974285,1.0484063915280029,1.1483833014363507
4875,0.21678307610987296,-1.571566041304645,0.0649699829605586,1.1803613267780153,1.2255474057958966
4876,0.2301062319102747,-1.478321759756585,0.07303547465259047,1.245495511775348,1.261692914524892
4877,0.33340881133494743,-1.6084848716135298,-0.11713335606326714,0.9984374651893946,1.12973983358718
4878,0.4863448196793939,0.019681559356203936,-0.4241532721569177,0.5996041283679574,1.0304507052833005
4879,0.638221583741479,-0.9259712573434118,-0.27008274150449957,0.2991838178156829,0.6736669304335295
4880,0.16024715084049584,-1.6712577563854052,-0.06705809628578062,0.9387943867072078,1.09417567918809
4881,0.07809257997328631,-1.48725902534205,-0.060496541379278096,1.1672766207875473,1.2968480004705583
4882,0.08036158751716582,-1.6372563993726343,-0.07562387291441208,1.0222429225630758,1.222333854019609
4883,0.09770145843839362,-1.400511626402367,-0.0888933534305649,1.265576815778497,1.3963550790713604
4884,0.1372521898134149,-1.5930774376965668,-0.07049588662652613,1.0366623682274132,1.2025513739534068
4885,0.15249295898927637,-1.5371780030432003,-0.04991996743060149,1.1133048687192788,1.2483957706111914
4886,0.19129795953990655,-1.5994878150154492,0.0029666389442525795,1.0558302899596725,1.162208271276524
4887,0.24276647453978947,-1.5973156298468212,-0.11757931405546929,0.9845970117142994,1.147870165144134
4888,0.19040370263298945,-1.4238292604339091,-0.03935606341667365,1.1525312029335943,1.2479376047817992
4889,0.15514141224085481,-1.4495475010193435,-0.037168318004923054,1.226662276144986,1.3006908374527417
4890,0.1746891715620932,-1.4751728040070191,-0.06838109367291793,1.2052616849310593,1.3036861725821058
4891,0.23633452305391764,-1.6027151883517687,-0.08248858232127232,1.020143142691409,1.1626906279576947
4892,0.17325539137976856,-1.4762442484232814,-0.10844850211301885,1.0644832173476415,1.244647612888875
4893,0.13421291266970134,-1.2655955684825617,0.06843215439250651,1.3175914850753714,1.3443362966038064
4894,0.12006404974584743,-1.5037301285344076,-0.04412522931146738,1.0564048705018938,1.2387393606970725
4895,0.2038722532465774,-1.4889821454204066,0.12765144880163265,1.208182625972397,1.2034509103494722
4896,0.18114432983886009,-1.5008276096654272,-0.08804711879996618,1.0931069051354287,1.257718088574915
4897,0.41942652088099397,-0.6410340644320676,-0.39230455372460166,2.5147004504573305,-0.1530912772268786
4898,0.32418593145701474,-0.9557845404625294,-0.3273721054890827,2.175299968441052,-0.3890957808472163
4899,0.07368584827035415,-1.0582197179646864,-0.3009816237777004,2.0941257584786106,-0.27513943979796723
4900,0.231038566652296,-1.5626689643605423,0.05099596973900655,1.1334739277268133,1.1783269346684035
4901,0.0947673807703259,-1.5695473318089013,0.08761385703006021,1.1104048734700862,1.1976669098291584
4902,0.1027473704041984,-1.5307481523534245,0.08787245492496468,1.1537269281317062,1.2332465742789889
4903,0.19123163495747394,-1.606436454544714,0.12084466098644504,1.0934451700788284,1.1277630167029467
4904,0.213141102403392,-1.5442741740966373,0.05285151648521342,1.129041445001517,1.1655615851879708
4905,0.24774731502458508,-1.571702455084123,0.10195382206350465,1.1105499784907091,1.1287803566765242
4906,0.1895820820318527,-1.3024442581398712,0.06875927976274075,1.3655386469755924,1.3215190787115998
4907,0.26887855609856887,-1.605808908404621,0.06685283101601075,1.0715022122204987,1.0941485882031274
4908,0.13424323314686343,-1.578962289414434,0.08624089080989701,1.023204193876279,1.11417241580817
4909,0.22032009325429414,-1.6916263446814939,0.16327927340309203,0.9777079213682522,1.007852576609373
4910,0.49332397075655643,-1.7268211085361502,0.12093932933384499,0.9233136879955072,0.7969411526799217
4911,0.15657382900810346,-1.552493815881777,0.27202404288267207,1.042204584639358,1.0171849753973063
4912,0.1534172236257148,-1.2858649027079487,0.23088543682826612,1.2745415886187754,1.1956455197358358
4913,0.0013793110097893991,-0.5727481451905507,-0.2062028814667886,2.47970221866429,-0.07886159728834549
4914,0.09252642829909397,-0.8230401389680957,-0.2067491310182781,2.1914075632631618,-0.2853770260633699
4915,3.5965116309970684,-1.074248406776619,-0.34753761077005196,3.367197344512837,-0.38430999057577514
4916,0.6592978509424959,-0.35792327051467265,-0.3006795160139058,3.0039264323306774,0.2794679930774614
4917,0.4289274607036408,-0.6982465917318207,-0.2389224586516756,2.7151651409359725,0.10857315986818122
4918,6.270256585251412,-0.7329005337584816,-0.812950602545886,3.813406942254945,-0.15462652715630162
4919,1.2054199648175508,-0.9927144917038586,-1.3893251396536594,1.2837305155777468,-0.6951493775784484
4920,0.4765914670418244,-1.1921691085667843,-0.2858565797198389,1.1723159780734043,1.4302957054330614
4921,0.5010025136357581,-1.2766249139098256,-0.25433149477734374,1.1236145570886602,1.3544053612734503
4922,0.5160290181717803,-1.2037945684673141,-0.12206039501250388,1.2645790164016601,1.369603902598103
4923,0.5098337744675444,-1.1660685081757283,-0.09680552890749784,1.2256727669077156,1.3493607711226896
4924,0.5573381250053562,-1.265400297423541,-0.1779190075343573,1.0064254744526964,1.2057619964907822
4925,0.6550593087698517,-1.3989838733819882,-0.21108931371097822,0.8622011661257566,1.06881056781148
4926,0.8138596000858491,-1.4605771719110703,-0.08672079067914068,0.6955857176272405,0.7804050610445032
4927,0.6679634180652876,-1.4201805781051338,0.007349445040937242,0.8348750677360313,0.918417112968602
4928,0.648535520956061,-1.3962988849175197,0.06662309330425543,0.8954072477858928,0.9312415849748167
4929,0.6347787015707972,-1.3726854905219554,-0.05254749821208395,0.8928621212839734,1.0008628004481666
4930,0.6434259562516949,-1.4631616891747,0.0914132275014552,0.7573794922088823,0.8265840350291039
4931,0.626116384988401,-1.371570599109881,0.03957443809422085,0.8442278356900754,0.9288093654055971
4932,0.6517730337504859,-1.5003640294629812,-0.02231361528955012,0.7425701182648442,0.8612736964619568
4933,0.5646741250964142,-1.2633331466313689,-0.1464074899567737,0.9605560370690911,1.1372993173882613
4934,0.642112370504231,-1.4619132524935528,-0.06180449413531933,0.7135385832222051,0.8779727287363776
4935,0.7170370097171793,-1.5469414167001445,-0.0018489674865646618,0.7039798732645706,0.7852710058791212
4936,0.6150719755271832,-1.3279172725957185,-0.0421992121482772,1.0176491218896686,1.0826341285955003
4937,7.42384578128517,-0.8513189423286142,-2.4869791767627754,2.684750828942086,2.533377920880378
4938,0.829876387978388,-1.2559789688631657,-0.16212043484618052,1.0473908745995144,1.1289829297339935
4939,0.7864519540574033,-1.2960518987182983,-0.26474262076603766,0.9958723540463326,1.166012474367624
4940,0.7658368267458305,-1.3388338967892186,-0.4721018434604182,0.8148434683240819,1.1663549264521635
4941,0.9489484238085182,-0.8753175935112247,-0.5124236122005469,1.3081742105622407,1.4173728263608634
4942,0.8084930958837183,-1.1679992038184632,-0.2742528985268835,1.0871405232356697,1.2242920960562071
4943,0.8109447913216777,-1.015557428162298,-0.2985274349511152,1.2823236542429435,1.3704545316306547
4944,6.076322040023113,-0.7040846077998432,-2.0336381491143243,3.5901105989370876,2.9799525812351972
4945,0.8024191271293758,-0.6084710405404602,-0.7581819465056614,2.5533598857692414,0.14852251263720048
4946,2.628589445186025,0.09138105994672617,-1.9286395983148192,2.207695130553801,-0.2247900573172637
4947,0.7319709645370492,-0.15431184098199877,-0.7751288407103462,2.931411925551757,0.4150721552589725
4948,1.6310898026062217,0.6432421071921715,-1.3192949707822674,4.493503915453117,1.42092246268771
4949,2.8400519446337205,-0.9681718464285625,-0.5823053283349594,3.300403266852522,-0.12869320417460625
4950,0.7128023192337525,-1.0804611884298876,-1.2109160453607146,0.9883460214728488,-0.8210837565638214
4951,0.17753497741045168,-0.7481357517449051,-0.3553557175935062,1.9443981341498162,-0.3661423560806013
4952,0.11280262742506493,-0.613666904021891,-0.23609290618718684,2.1708417679374628,-0.2241767891452388
4953,0.14862174910923928,-0.6494867905035655,-0.4132940081764486,2.028875951320915,-0.2622974668589486
4954,0.2757102391006392,-0.8243856019213787,-0.32220418297748155,1.9377654416272057,-0.43119268798561566
4955,0.14462445871765517,-0.790311627385569,-0.3001341326763951,1.9341980002518653,-0.37580003180905114
4956,1.388218299274683,-0.8803788343743648,-0.7632948637674252,2.9855307712802204,0.20627892750520818
4957,-0.07569562791019016,-0.5744827045317284,-0.6456152125128243,2.56359449869831,0.341301254961787
4958,-0.017006390697726567,-1.3600762444251662,-0.0787578997578515,1.3851929273117989,1.5733508949582629
4959,0.12740733191895143,-1.4965145562553417,-0.1953603633956104,1.1549277946783234,1.3795733704518074
4960,0.15957759378219183,-0.9403775249481979,-0.26081863201185507,1.7142625953287414,1.7949864900305217
4961,0.10842201034442195,-0.6118433731805575,-0.4360336121411144,2.5948223666750754,0.15052119094526692
4962,0.2544655939263077,-0.7402105022437203,-0.354037621063881,2.485946059318823,-0.047108169078452736
4963,-0.005834833175236525,-0.8726550636230486,-0.475204766225911,2.287053662906136,0.013129057357597675
4964,0.2047557381837764,-1.3001094848096224,0.0789666193051571,1.4712264648747673,1.4322615303275537
4965,1.779690557469097,-1.9572931836176066,-0.4893740092818759,0.09995263835024679,0.13518386550092973
4966,0.17955470879496602,-0.7550489524416837,-0.7305299683965595,1.997777748712229,-0.11438559605986864
4967,0.17155095855120278,-1.395667124770226,-0.16188811079576762,0.9408685141978211,1.2124353508192294
4968,0.154442839936789,-1.4658627587605038,-0.1714305006793515,0.9048702325244098,1.219330300702211
4969,0.1612181460653237,-1.3804690768649786,-0.051031545166539787,1.0312922675792502,1.2366831520445967
4970,0.15940706293232101,-1.4497984991751738,-0.013721147648352212,0.9444131089819572,1.165513697279002
4971,0.16944242537113388,-1.48772526042224,-0.13706022779831983,0.8940396193570264,1.1840261052910985
4972,0.18856841958115625,-1.492959916994146,0.025080622183641786,0.9365344695912918,1.1140671503541042
4973,0.17831956908818894,-1.475341237622989,-0.08706634054825999,0.9122053037123998,1.1671230982613392
4974,0.16846371834373985,-1.385390967857597,0.015306212590550606,1.029837252357722,1.2002935883698898
4975,0.16992468804930083,-1.4349382115756544,-0.014272444043402579,1.0028897272142885,1.2036796825807476
4976,0.21492467205673552,-1.415204821673546,0.06991875281681452,1.0316319198364714,1.1441806386919207
4977,0.15708562301724802,-1.418676317898859,-0.016168771768348484,1.000249994920544,1.2135789705173772
4978,0.2047895855294777,-1.4727130964413666,0.044562527624380094,0.9560582069782068,1.1187566479248667
4979,0.21692314166379578,-1.422114517978418,0.025921247966408458,0.96193992221375,1.1243907937155084
4980,0.27503750147380657,-1.4137516711398748,0.04271056393582191,0.9659909423412297,1.094193057861646
4981,0.4973515768292205,-1.273066049255958,-0.20754490806707168,1.1199395356146775,1.1718336738042892
4982,0.27751472033826946,-1.3722630560013669,-0.08536451236698034,1.1233068726242696,1.2878234022405823
4983,1.2491809875783297,-0.8315754318806321,-0.7029364927944356,-0.05027257533582349,0.47987971822171405
4984,0.10428454462168815,-1.4618240544666994,0.16495652031354197,1.1639940272052889,1.199699703541374
4985,0.09169442137141413,-1.4790911292904023,0.16017711708585775,1.0947222350615036,1.1507290339976333
4986,0.07713010392793157,-1.470387875306824,0.11334322780202429,1.158114371369277,1.231739724295216
4987,0.06141436716108747,-1.4883921204045927,0.1295553484263673,1.1138839300253371,1.1997114138915421
4988,0.04911739371605968,-1.5521663469258362,0.09696082334918427,1.0407166870214468,1.172263602719905
4989,0.1311196012982233,-1.5879691732082404,0.10298278587917403,1.0336816777481925,1.1259260760548513
4990,0.10378956596735282,-1.4817288078125186,0.015743912911279957,1.10229169625533,1.2268422645034605
4991,0.36924421093197035,-1.614382512947925,-0.05501903803520052,0.8092206220542136,0.8929543957987552
4992,0.15108142634826746,-1.74863430728477,0.0843150812194078,0.7660213736982021,0.9044711099569763
4993,1.988903540946586,-1.3461533536377017,-0.6932329388417761,2.303595682638678,1.8614768200398129
4994,0.06645961841040993,-1.6005297386205821,-0.14458975457847875,1.1551985609741762,1.3726236756130574
4995,0.3795656457903799,-1.6769637333044112,-0.1761115272473642,0.8840438938815799,1.006617392932442
4996,0.5297099540510519,-1.8217199358303484,-0.017637566891901404,0.35245125587355025,0.45030882594454913
4997,0.16631000093133466,-1.6543653035428125,0.33465487160260515,0.8686201204615699,0.8247955190129966
4998,0.376307087358616,-1.6639635193641698,0.176856036495855,0.5050432665771502,0.5609329741171849
4999,0.15678001506070952,-1.0422423165587504,-0.07420467489101074,1.6455627440500085,-0.7528816379621617
5000,0.1646649260934697,-0.9893154231831237,-0.19256023411180317,1.8101575518610713,-0.5904476904842869
5001,0.17771363930464537,-1.1408392039006119,-0.23204801862564708,1.629608680076541,-0.7155464591729348
5002,0.7447971787201376,-1.2679062009223314,-0.5080241696173,0.7742587898425122,-1.3898967181518036
5003,0.13951762873974974,-1.0000490980340104,-0.19843840957542117,1.9183263581411623,-0.5044891516328074
5004,0.17152807374152032,-1.100720049359676,-0.33834252670432735,1.586243433654104,-0.6900087452690257
5005,0.45578063957545134,-1.0262165818273121,-0.49903142824628016,1.4639235534412367,-0.8154566914040815
5006,0.2746055051700146,-1.3226274173032984,-0.16785923183977114,1.4143438351591608,-0.9631839775622796
5007,0.2355051616479356,-1.257785986650979,-0.29722807956606206,1.4278077903421982,-0.8537216719691578
5008,0.6317005082227304,-1.1378664510781875,-0.4418308081016257,1.3805418285811035,-1.0314163133189949
5009,0.19217965337696177,-1.1066697549415372,-0.29592259116370023,1.5887188536160581,-0.6961149362577655
5010,0.20152635577073905,-1.1609518688439995,-0.23905085882741073,1.641165617240353,-0.6935065426605744
5011,0.1491921315601563,-1.0494638795934226,-0.3113326292829962,1.6016088074240722,-0.6637939299724375
5012,0.1997807310053292,-1.20108695819926,-0.33583088236019487,1.5555762272675677,-0.720096602363837
5013,0.10126035260601322,-1.0631418937762198,-0.22310851249454372,1.7429759334701935,-0.5743145751668395
5014,0.18702266601528517,-1.2296259058284658,-0.2754807505935443,1.428792839145367,-0.8183157974020661
5015,0.1815064021153527,-1.1681412662196913,-0.3356169132026436,1.5539983656687222,-0.6974873279083801
5016,0.309219120477943,-1.0805548756981143,-0.0015687824646706706,-0.40596557828926766,0.28972295924640984
5017,-0.03313835165335667,-1.1002279168199625,0.2192991191995007,-0.8058183003379933,0.04523540072204432
5018,-0.06016308765428707,-0.954139603969875,0.2103809983175376,-0.8014351760171254,0.08990397109568125
5019,-0.004489552340313202,-0.5220375709032118,0.08025814190002287,-0.5818623474062067,0.2733255417312302
5020,0.2798311731390348,-0.7251796813256711,-0.08927307080526634,0.04346321914273094,0.6342671934947224
5021,-0.008033504546081394,-1.0874077755756753,0.18799486174937352,-0.7509136920215125,0.06072118418555522
5022,0.08622223185629785,-1.0316427828524795,0.1348711347388637,-0.7502462798686406,0.04725179340633763
5023,-0.07220654222029302,-0.9296115543243451,0.19939476638563516,-0.745745901883274,0.11827034581284986
5024,-0.1241540968695353,-0.6093618625835676,0.13819045774594652,-0.5822764044806171,0.24809318683169623
5025,-0.02117805758872781,-1.123436506467403,0.2124342578456863,-0.8022759526193445,0.032023197960171314
5026,0.16806999623648858,-1.2995140592237033,0.11673157501349174,-0.669891789736436,0.046371601582344255
5027,-0.013915816429800098,-1.1805130284044256,0.2071978706495482,-0.7879033249228498,0.0262120778580331
5028,-0.10247337019129324,-0.9238866509325045,0.19517265229281716,-0.6974304425348533,0.1316591321680867
5029,-0.010421565513058149,-1.0946950960316248,0.19402778112222974,-0.7621839083815368,0.06695040824107569
5030,-0.05165784200443483,-1.09818299413487,0.20986243583084976,-0.7608183351231519,0.05846984029694276
5031,-0.04158271577285172,-1.148915543133558,0.2247999907089919,-0.8032825315404306,0.0371134708771674
5032,-0.08984988455138386,-1.0037952488167343,0.22038543256123796,-0.7609480467891669,0.09337357874529824
5033,-0.11038813078968378,-0.5291866456986064,-0.1447373319738089,0.20350695204952968,-1.4053693721431297
5034,-0.12097532457223459,-0.48531824259858286,-0.16039709602672092,0.24200540609163068,-1.3788575068783202
5035,-0.12247459951376884,-0.4418637621288677,-0.15774198973320738,0.24873165504310452,-1.35955618673668
5036,-0.11832924754566321,-0.4577988662286778,-0.16250547363982024,0.2506162708942507,-1.3753997091830736
5037,-0.08859588637363532,-0.46714129084541534,-0.16738282773826332,0.24273780616340368,-1.3793572810676131
5038,-0.10098643351564875,-0.5729690458921903,-0.1493717716550647,0.2352900388627769,-1.404904768682986
5039,-0.0837425112006161,-0.6089376887468083,-0.15630210358768878,0.23432398836011173,-1.4068093947665032
5040,0.4266878574879381,-0.19753187358196897,-0.5931847598461528,1.0137233586809744,-0.9485075412863697
5041,0.10833443910530904,-0.05165148088134346,-0.12063351870354364,-0.30189901565794336,0.46142707126462373
5042,-0.09524470677790066,-0.43920458782703586,0.10273928182936407,-0.5626251590951391,0.2930251281155841
5043,0.43696658544148176,-0.26491248233452985,-0.26981432132019406,0.29576445119236155,0.8629291437249401
5044,-0.17493044266617788,-0.5215252553270654,0.2042590094383113,-0.7959339418066664,0.20317520868770966
5045,0.5921063641526437,0.20537315786654756,-0.49591765390256654,0.3730019371244314,0.8300853130565337
5046,0.13075144412759948,-0.6993419055571557,0.07030243602449074,-0.6962827329642414,0.2238374166196703
5047,-0.11826763432425041,-0.7112009126686687,0.22576709500367886,-0.9002548695123851,0.10991228511531127
5048,-0.10345639803112294,-0.7174040898685337,0.20300771204925105,-0.8080517131018777,0.13503666018728244
5049,-0.14672791940764807,-0.7168096003029651,0.23941705221166926,-0.863215085470098,0.12403084892159678
5050,-0.14319924173359608,-0.7136094544871803,0.23642603679927796,-0.871797057557441,0.12118595313707516
5051,-0.16629946971058243,-0.6668067129888261,0.24265277930577225,-0.8685938459777002,0.13918930777560462
5052,-0.14809149064842828,-0.6847965457888935,0.23061091364302963,-0.85334467168257,0.13822833674924515
5053,-0.1708932387649854,-0.6339999534518026,0.23765222863892518,-0.8442913910927666,0.1579906563319832
5054,-0.18281268980431153,-0.557789168536321,0.22957672896555678,-0.8409291633302156,0.1818132158866291
5055,-0.15333407179343064,-0.5886073443468571,0.23240871737802876,-0.8575337993056993,0.16636991951754448
5056,-0.16330575429931077,-0.5552816266904081,0.23096484559737165,-0.870196791195402,0.17481213698102138
5057,-0.1907079886433636,-0.516778941316561,0.23542560335545343,-0.8381605079997204,0.20102960759380292
5058,-0.19389015365716725,-0.5455097060647424,0.22949456407391686,-0.8303210640903307,0.19433426112904972
5059,-0.171091026487378,-0.5904898110219159,0.2414294040782003,-0.8727941534756969,0.16379662829688746
5060,-0.18940795395460067,-0.4928357476543287,0.22657751829068104,-0.8227563430937787,0.2205847248105775
5061,-0.15660084782434916,-0.5251664419728619,0.22753090677641893,-0.8511965823082182,0.18971974593600074
5062,-0.18233927710101602,-0.4751265924882168,0.22462090245920463,-0.8470435514792504,0.20781027118656947
5063,-0.17486167482338677,-0.47874504703520004,0.222369430595649,-0.8431886834096719,0.2062653576288303
5064,-0.2026303888927523,-0.5721784347924621,0.24761173763368022,-0.8617294679221565,0.18108399978314071
5065,-0.20774602412496881,-0.5798525251057562,0.24678370756021323,-0.8537027585809233,0.18497893734003254
5066,-0.23227115223891795,-0.5687760459564948,0.2638257266527209,-0.8597355275945602,0.18347060149332575
5067,-0.1783126257551344,-0.6318698193070573,0.24544294107072967,-0.850109507405874,0.17355723626236
5068,-0.17496903288080265,-0.6370841127145445,0.24091864675352917,-0.8513974969561987,0.1659067808016287
5069,-0.24949601837733118,-0.4742658000879845,0.2353631910439147,-0.7696431309742306,0.24462144121756588
5070,-0.22312061370613664,-0.5660384630003897,0.2579270380859353,-0.8519070755628884,0.18547391195685195
5071,-0.184418361696093,-0.6061259546686968,0.2399274406425751,-0.8456979820998722,0.17976970891331293
5072,-0.20914991614361045,-0.5938976083238832,0.25549171629244494,-0.865493023961981,0.17559118015307418
5073,-0.17079674026316838,-0.6619859930580478,0.2416545567411181,-0.8692576548201378,0.1522330753971537
5074,-0.21740245757889934,-0.523245532919915,0.246278116004217,-0.8432618873925117,0.20227907940997156
5075,-0.18662412399916628,-0.604427324112594,0.2397160354638783,-0.8453984763249843,0.1777254471719896
5076,-0.2008757863140126,-0.5955560467300759,0.24896673364106547,-0.8379672859947478,0.18583307089691387
5077,-0.20506099428941463,-0.5916572710618303,0.25764641917922004,-0.8436692533170261,0.18240284973134208
5078,-0.17060125402236492,-0.5974449584625154,0.23571521583158894,-0.8562460184413155,0.1709611210554071
5079,-0.18123428435326516,-0.5274554065073187,0.22874580053705593,-0.8357610423742653,0.21198782185138823
5080,-0.18848334127829586,-0.5585955261453135,0.24111851125076275,-0.8622215523971986,0.18471863527265636
5081,-0.170803918566566,-0.5699630454359706,0.2295051913241329,-0.8326410493186148,0.19542372930337373
5082,-0.17488054329371336,-0.6168339381054555,0.2379063141986656,-0.8171408924187592,0.1848425442720309
5083,-0.1715215062664647,-0.6176737539998027,0.22883897540040818,-0.8175828707515688,0.1892452028934579
5084,-0.19106281676506726,-0.6284101287189392,0.24763252053931856,-0.8349313250154503,0.1745214430152231
5085,-0.15475825390565404,-0.6539991554858954,0.2212088938260633,-0.7897118588196037,0.19182368297707023
5086,-0.24172705232772726,-0.5019651002962527,0.24961844845662093,-0.8176000229292546,0.22222747283873434
5087,-0.19576993577230492,-0.677275331461126,0.25453765541075524,-0.8616423850393858,0.1527201894427677
5088,-0.17314155942252316,-0.7182758924819906,0.244228450896041,-0.8336914321741749,0.1523049580309123
5089,-0.19671303108355945,-0.6759275123469244,0.257907635458797,-0.8477309504305978,0.1573653350109153
5090,-0.2501214265343389,-0.48630748188341577,0.24272167300670905,-0.7854943476781234,0.23417627908171837
5091,-0.19602943137621648,-0.47378484376165814,0.2071117565323802,-0.7907892122064893,0.20745608350458172
5092,-0.177291375599118,-0.6923069219791601,0.24945927502219722,-0.880468199365954,0.12564577450444783
5093,-0.1951973833767751,-0.6107500715502038,0.25873075493331255,-0.8851069152888499,0.15546152867890828
5094,-0.18468640207796966,-0.6127868107457167,0.25123151042537034,-0.8922110657689863,0.14827684188737933
5095,-0.17791915691494725,-0.5724455103438238,0.2429221902341648,-0.8756223238489407,0.17177285316314167
5096,-0.17695047396681143,-0.5860595813705843,0.24461856864222384,-0.8830343828011878,0.1616403184656175
5097,-0.208459532743544,-0.47718259197248547,0.23577120805266474,-0.8412291341402592,0.20747601911995814
5098,-0.25963111751246504,-0.4524862077199411,0.2670880628442499,-0.8837689961308977,0.20851363358594113
5099,-0.21501284463159134,0.016948289227117018,-0.129473199212062,0.10487680893081476,-1.3046071274365039
5100,-0.2886328485455629,0.047421074669692746,-0.10090824491226598,0.10369452814956309,-1.277526315119438
5101,-0.20056709896837313,0.01709850674979137,-0.1440035898757714,0.1262605534302961,-1.2898546661166654
5102,-0.31837589134701305,0.1468425458388648,-0.09159056386078929,0.08432121685224131,-1.2473354292523833
5103,-0.29435569378011295,0.27476299711292845,-0.12466757781626396,0.11220698618325727,-1.2244974410738234
5104,-0.3096955361212279,0.17145112232116985,-0.09700367215177529,0.06832614108115329,-1.2539041678631035
5105,-0.2622456968466478,0.15508280853612302,-0.12680787898586562,0.11892351291403715,-1.2480270083726677
5106,-0.2629425660336358,0.14548185811465764,-0.12909257363275972,0.12503025404724175,-1.244151322381436
5107,-0.13275224491845664,-0.02476532209183761,-0.1935825774933921,0.21354455008697548,-1.2624111217801128
5108,-0.361352762299124,0.19961723011498417,-0.08639106249597345,0.13205201569720257,-1.210643242483933
5109,0.18864439199045618,-0.22751101887025235,-0.33559092878292573,0.43457924573000917,-1.1844817955290867
5110,-0.18638467216985274,-0.590383756122509,0.2380369558251905,-0.8725361450020565,0.15900743903288767
5111,-0.20877649412320828,-0.6419313115208825,0.2549949503881907,-0.8764349522238177,0.14993570699359868
5112,-0.2221537418039533,-0.6162618356154447,0.2619753089902993,-0.8772851982297234,0.1630727356637897
5113,-0.21656316174976442,-0.6110968390245552,0.26146416314595067,-0.8740123648776124,0.15903289213384178
5114,0.4725618733335006,-0.748887846192282,-0.16018257878956998,-0.22704715751920412,0.42230277107435027
5115,0.5562510809585528,-0.12304280639943299,-0.4199851898948428,0.42264406359382983,0.9080145546791983
5116,-0.1538207992631268,-0.3639909756207383,-0.1437665636667919,0.19121088790090865,-1.3734465194209273
5117,-0.13766081511356099,-0.39048578373510584,-0.16084301048533936,0.21429850565448777,-1.3719997308582121
5118,-0.14849630515221585,-0.3221259769902264,-0.15446120664717952,0.19531752345182637,-1.363200755569644
5119,-0.1463707197715341,-0.39074421164922146,-0.14546311960638833,0.20215715679108995,-1.376792891026086
5120,-0.14766010650364658,-0.3860472613269044,-0.14868921967664492,0.21106902048334794,-1.3680020130048323
5121,-0.14482986205255982,-0.41786099418677425,-0.14546828861125732,0.2087852350981831,-1.3828628245509345
5122,-0.16451183262609154,-0.3385912707783279,-0.15550184927375557,0.2559270712012753,-1.3310573299086546
5123,-0.12382707100660241,-0.41215756012812904,-0.16154413725974373,0.20903552742523163,-1.3789681237584197
5124,-0.17972491646958869,0.11044925958076772,-0.24808272853404525,0.4512910589562486,-1.1495477654508306
5125,-0.16969722045025312,-0.36132001798345476,-0.13945233403570284,0.20076261868259226,-1.3689427223306923
5126,-0.17360355716327633,-0.31029298682710793,-0.15146758789419373,0.23671586806948922,-1.3409546611711036
5127,-0.1900580684698328,-0.31202088339585277,-0.14119651647665,0.24507043488824004,-1.325815387574593
5128,-0.17137338707116093,-0.29631532339749184,-0.14886211375304548,0.22691607653478102,-1.3363266366974365
5129,-0.14890337572300516,-0.3281978668820631,-0.17174881277006657,0.26735102550934386,-1.3162666839315935
5130,-0.15625010090605385,-0.35342406928389064,-0.1491086656155053,0.21604626308913952,-1.3580993320250498
5131,-0.19716647332072118,-0.26752679746704,-0.1461263490763908,0.2424371864873691,-1.3214349885901164
5132,-0.19185947514415605,-0.2853675213525719,-0.1427966219498745,0.22935925847871888,-1.3250970232552375
5133,-0.20212604044684362,-0.2382769177172162,-0.14595148530021207,0.25476006208194985,-1.3110722214784558
5134,-0.16896302037570995,-0.3677567649422172,-0.13905605423274806,0.20527506039584995,-1.361909446755255
5135,-0.15181231679144977,-0.31094883536576207,-0.165668152265073,0.24812398905505686,-1.3276663163825937
5136,-0.1786656829101463,-0.30442657680258367,-0.15073828295252442,0.25695733439807494,-1.3124951207984676
5137,-0.18119407605620713,-0.3098541451589689,-0.14974189215673642,0.23695833788269782,-1.3352897417520195
5138,-0.18856151603361182,-0.17914509144238597,-0.1752944807106072,0.3165842155169531,-1.2639754203236264
5139,-0.18807720855940022,-0.23641226055897363,-0.15444424042849303,0.28221119135128225,-1.2982936488733252
5140,-0.18155881413071498,-0.28778859525439515,-0.1466069714803201,0.22155132970746877,-1.3231948985172226
5141,-0.18124973393373905,-0.3286309233582751,-0.1383105913293056,0.22608809157869508,-1.3422183865626998
5142,0.5562500815375884,0.02690697874508777,-0.7034176421349463,1.0017040607489414,-0.9839553668323893
5143,-0.2536330392170761,0.30687325976372554,-0.16203237866122158,0.15363485041674485,-1.1847402950920034
5144,-0.2673612797028726,-0.3892227879051317,0.2522407907042205,-0.8429930698538519,0.23255660160825697
5145,-0.14883916984944517,-0.5748451688603194,0.21271305501439186,-0.8102036120320492,0.1822449095333475
5146,-0.16961704363919075,-0.5760042318665473,0.23136030165181876,-0.8513164645731971,0.18600811030997677
5147,-0.006568028905912914,-0.06392465457256395,0.0007466674896579244,-0.4113589287799309,0.5141067668236513
5148,-0.2429276482277581,-0.5195738818120946,0.26080312603354266,-0.8560777395513527,0.1921752974455313
5149,-0.24910835795332129,-0.5212811583912152,0.2710844990731298,-0.8801469821509588,0.18901953334133684
5150,-0.273767632230913,-0.49535976292981265,0.2820300081077025,-0.8910428868141952,0.19900287442884498
5151,-0.2958356564138655,-0.4527257065293052,0.28630381544255096,-0.8590038947563409,0.2264455078108849
5152,-0.2842936265629973,-0.49098949910832485,0.2831164942490787,-0.8775193837998682,0.20374197826660054
5153,-0.3181344190452645,-0.4264882216766119,0.29221621556425437,-0.8719823471389323,0.23445406777228914
5154,-0.2902099949972988,-0.507944092768207,0.2872598281383964,-0.8815118244889345,0.1980852850050775
5155,-0.30000648608766395,-0.4693701144940743,0.2958527765664682,-0.8867719736622319,0.21278335523767272
5156,-0.31023847719232295,-0.4245431802747078,0.28520307910622533,-0.8701243200190315,0.23382558328468936
5157,-0.32434761370024356,-0.41931539499118037,0.2983484297800554,-0.890440413724869,0.22775532111164623
5158,-0.3153552012260981,-0.4057188654558217,0.29013657997585923,-0.8695786793307573,0.23233669492421719
5159,-0.3199743362738314,-0.4165141668845048,0.29248129286428776,-0.8807283259784917,0.2331507958681756
5160,-0.317757475093157,-0.4263413285868934,0.2976749647799541,-0.8948261287796329,0.22289049680204762
5161,-0.3168950065547111,-0.44511137358857433,0.29788615357751097,-0.8933322626563444,0.2217222664121489
5162,-0.31591226914067044,-0.45009624801904224,0.2996632665960141,-0.8953426376521133,0.2133249572583471
5163,-0.3278545673294961,-0.40819592764767065,0.295024316529133,-0.8760786295880046,0.24331302104315564
5164,-0.3135906100732975,-0.43733050392454836,0.29785779146997526,-0.8889928480794139,0.22495954378472985
5165,-0.3222939207587923,-0.41213629311036143,0.30253508194341194,-0.8899509281841976,0.2302027147345137
5166,-0.33244316899435455,-0.40430821262051664,0.30042012447394745,-0.8861300903271478,0.23663949963893316
5167,-0.3290935354348735,-0.31331229158798063,0.27107394419861525,-0.82228305068769,0.2743461617311605
5168,-0.34033626491400837,-0.3122450466226951,0.2776675958127076,-0.8303673402493205,0.2795436617538268
5169,-0.29911463204678407,-0.4490503827001638,0.28463343490758153,-0.8673792159308664,0.22444916883275098
5170,-0.3409113188406563,-0.4107527419914667,0.3056605794573164,-0.8746290880463907,0.2402599089275848
5171,-0.33069432254162184,-0.41682707676743364,0.3018324900096877,-0.9013290360234537,0.23028073599704474
5172,-0.3411182160763715,-0.4102782038499881,0.3059477138772577,-0.8823785838804332,0.24006560922290654
5173,-0.342907472706819,-0.3919086784263003,0.30418837193621473,-0.8778484448852439,0.24459028019946244
5174,-0.3714692554411032,-0.35613244765670704,0.32244496441124165,-0.886612155010934,0.25947360552253745
5175,-0.338529130280837,-0.3920466809754027,0.3007485312522768,-0.890172587305644,0.23809562144429255
5176,-0.33195176979607083,-0.420887614801537,0.308561745403734,-0.9040083518592592,0.2245708439399492
5177,-0.3406699556869665,-0.3910788890168672,0.3056352619016805,-0.9065134796843813,0.227227098237789
5178,-0.3337165548737244,-0.4238173283531774,0.3030434120374479,-0.9017400693551898,0.2244185627272924
5179,-0.34209084581864374,-0.3895725802457614,0.3193473142162795,-0.9417632721595617,0.2141561247893644
5180,-0.33960985769367713,-0.35618011679146844,0.28688685322473295,-0.8896614000557853,0.24280772102609371
5181,-0.34673648222227493,-0.3001477754499569,0.30259368116730806,-0.9279175342822471,0.24659940470322703
5182,-0.31389759973242737,-0.39169300099674353,0.2917767299387679,-0.9229121592657572,0.21419902338981212
5183,-0.3599375191240596,-0.3098495769251414,0.3060968825395493,-0.8982447880561232,0.25467881301170714
5184,-0.3155580477038578,-0.3094687309164621,0.278382979229512,-0.8894581820928902,0.2543548633282822
5185,-0.37518166581648627,-0.21758841817548139,0.2887428678650702,-0.8226559981256847,0.3215038856022004
5186,-0.3610230844487035,-0.2842002356771943,0.2880249281523649,-0.8361630755563353,0.29783585207938046
5187,-0.32293925190799677,-0.40851447476137515,0.304566211053629,-0.904993761794876,0.22794168031260456
5188,-0.34079183514663414,-0.3612597606469892,0.29604400125698216,-0.8602654645352964,0.26103556385728577
5189,-0.3393219464141086,-0.37355469562667737,0.30794614262386977,-0.9032899913867345,0.24225558558870727
5190,-0.3279773261331627,-0.3666029510884991,0.2880672453609023,-0.8777412138205314,0.24876218553303017
5191,-0.33144664961372233,-0.3874759977192456,0.29928015901299126,-0.8888682364036492,0.2371540257060014
5192,-0.3507820096169842,-0.3436239889952753,0.2999564005032127,-0.8845752844449233,0.2568039817008847
5193,-0.35272335126680254,-0.3010863776426207,0.2953976579832547,-0.8831519892839378,0.264536419489341
5194,-0.32904447476334747,-0.4213192835101005,0.30473908032910585,-0.8979345438218864,0.225388306831015
5195,-0.338831592588937,-0.3751420315955555,0.30523607891412735,-0.8911888606429749,0.24140624664007887
5196,-0.34918892931998746,-0.3514262466968871,0.3032542964989431,-0.8899660491992598,0.2528653733647536
5197,-0.2824795488959593,-0.4991874485244966,0.2845998051499206,-0.8967076818256088,0.18922773743617613
5198,-0.2989968627506273,-0.48269788501258293,0.2944953658220297,-0.8870269594347646,0.20323352438385958
5199,-0.35605862218489986,-0.3331533670822517,0.3031128060040004,-0.8692704238813191,0.26626771906715174
5200,-0.3100875592248745,-0.38599859968764155,0.2836753145527993,-0.8886758466441664,0.22793648843279835
5201,-0.3438484331949232,-0.37279673194758417,0.297825832251711,-0.8798535686318665,0.2477642287589724
5202,-0.3290610628611705,-0.42029834890756096,0.3058121521258099,-0.8947164826710181,0.22458230459832665
5203,-0.1541323107672635,-0.5225827792390111,0.2035848759956209,-0.8007970356487532,0.18837685366278284
5204,-0.18627086902359796,-0.400505201177915,0.22095562574773017,-0.845930008044252,0.22847290859327818
5205,-0.27377775285824546,0.15665786592936956,-0.14398005516550508,0.17761572926142777,-1.2278615290938588
5206,-0.2911619314781022,0.041476425996672034,-0.1121389491662185,0.10012192853348359,-1.2857452268900262
5207,-0.13514937674096594,0.25554187709744497,-0.2774862514722823,0.4412397124481276,-1.1314996731631815
5208,-0.16162369679931748,-0.11933681301175571,-0.2165235647934434,0.3504688529045012,-1.263657607890084
5209,-0.15014818225493914,-0.3981167325682629,-0.1554263121719913,0.21544249042596172,-1.364460439942625
5210,-0.1568783636644949,-0.39975052332481437,-0.14171916514390492,0.18220819632358076,-1.3923491309292733
5211,-0.1498456810188698,-0.4647542382580271,-0.125232526684347,0.15783886741859376,-1.4201056360216864
5212,-0.18409795528144404,-0.3312790300534378,-0.13328829431430628,0.2090641767138793,-1.3536809259322076
5213,-0.1904238056456813,-0.29478669119256845,-0.145727339263094,0.22247807973636183,-1.348053041061146
5214,-0.19224194206324974,-0.3161588971872986,-0.13625980240428168,0.20673668943744458,-1.3538840119520026
5215,-0.18806151378104408,-0.3404152632290275,-0.13773815390236036,0.19887494558237953,-1.3588127259792573
5216,-0.17278268579426193,-0.3325908961524008,-0.1439969144480812,0.21094702337106475,-1.3583388137726282
5217,-0.1880855616799143,-0.30296968985585926,-0.14120347333710412,0.22225769261432354,-1.3347191098389704
5218,-0.1602870066967595,-0.3692265818410267,-0.1429309925719059,0.20743047259900152,-1.3590080296818323
5219,-0.17529568448354868,-0.33603491710599465,-0.13585893644633398,0.2171252932240569,-1.3410282992434102
5220,-0.18154140525622728,-0.3137259382521171,-0.13666187479164507,0.1967068801934896,-1.3551894966655007
5221,-0.12101137637151023,-0.38434357198208635,-0.16038040461193492,0.20651659308307904,-1.3743140409099919
5222,-0.1814812552528182,-0.35005405749674867,-0.13046790456919244,0.1846068345881355,-1.364898433917383
5223,-0.19425375358336955,-0.31249536081113144,-0.12366469326525334,0.16867759576072022,-1.3645565428060322
5224,-0.20688965712203575,-0.2954793439740202,-0.12474060514532208,0.19799395713757692,-1.3412840193200843
5225,-0.18980956169267557,-0.3365034757293993,-0.1258488260029265,0.182907013789264,-1.3602806304718449
5226,-0.20177128390995488,-0.34659531300420954,-0.12961890179605423,0.20169344308621778,-1.3532027601559307
5227,-0.21204192151853377,-0.24541057548697454,-0.136246242261834,0.2287521556176173,-1.3187424381951205
5228,-0.22121274598233667,-0.2043627766272655,-0.13355784103177953,0.2300015387530167,-1.2942053554845152
5229,-0.22557296436860744,-0.23852343544968704,-0.12444149798196608,0.2215306530748379,-1.313915555719438
5230,-0.22890973648875718,-0.2431246765578457,-0.1236351276152186,0.20868992256144386,-1.3138988204949646
5231,-0.22011374192574337,-0.3130433058413907,-0.11802911491143886,0.19497264319698945,-1.3377177933571636
5232,-0.19994979509650576,-0.258848266631815,-0.1411808147823357,0.2261121204116635,-1.3224254990957665
5233,0.23967193350153077,-0.6497384299016936,-0.3383094869850722,0.4579987083142654,-1.3230454609296176
5234,0.36363219968951516,0.955593264605224,-0.776717954316144,1.7927083914466857,-0.1418520921708899
5235,-0.16578870046984467,-0.7290074835359974,0.23410085711333267,-0.7885448408749771,0.15774308728256206
5236,-0.19420756800037667,-0.8106205848913788,0.23632325526154194,-0.7525667153598812,0.15061745473988677
5237,-0.16841993903303495,-0.9816200214918277,0.2557974887259837,-0.7751845118083257,0.10549029174449312
5238,-0.16004723267094725,-0.9852418720717288,0.24694923496301008,-0.771264228635494,0.0953323999379081
5239,-0.21813928550014816,-0.8857941868400023,0.26638555284622356,-0.7872858388695415,0.12403974474156262
5240,-0.21420944920042906,-0.9027783702296871,0.27362354931805305,-0.7836986052011057,0.12343853489800187
5241,-0.24012894963925038,-0.45899648345070765,-0.0952332786416301,0.20060710708396604,-1.3800263534184487
5242,-0.2529924484466301,-0.41620655156586744,-0.09798326762293849,0.21337001652225596,-1.358523200162668
5243,-0.24999179456494094,-0.44535469680425593,-0.1003668637749071,0.22482272284835975,-1.3623708742247773
5244,-0.2492813064981403,-0.3940940045927939,-0.1046029607661406,0.26162129588150773,-1.3375120411329537
5245,-0.2686640009338153,-0.3924209429976501,-0.09721096834864558,0.22754694835933084,-1.3392206306219248
5246,-0.2442072736093673,-0.2180316839112942,-0.1539173434259613,0.35738396124961225,-1.256248606211701
5247,-0.11691688561406001,-0.6072647748837623,-0.14597441496063487,0.20815418480958262,-1.4228170637370807
5248,-0.14547090150164366,-0.35000126404470794,-0.1839959510345017,0.33623332478408513,-1.3098358050684584
5249,-0.1539725766250367,-0.6176491471663992,-0.12747074116430557,0.2472666553833664,-1.4077705934026776
5250,-0.19550630075477685,-0.4494846558392512,-0.13263770164503538,0.2669828404029248,-1.3544972746216124
5251,-0.18759874773396396,-0.4629867270202062,-0.12232837533634397,0.2180435460972881,-1.3783799341698084
5252,-0.22197581556082793,-0.4240164189285044,-0.10187183608544591,0.19596943613392243,-1.3755533707911667
5253,-0.22218394647272038,-0.39704816784217506,-0.11137981338306717,0.2161908121455788,-1.3596752280401538
5254,-0.21277437658808943,-0.4150598580956101,-0.12018032078673183,0.23094927346538405,-1.3596022713045948
5255,-0.21875697577362835,-0.39326097617155886,-0.11438009036888126,0.22221989558329522,-1.3516545821893802
5256,-0.2089892318552301,-0.4223409874189545,-0.11348599530359994,0.22748546862690303,-1.3625971061345412
5257,-0.18965912054536915,-0.44519758056415665,-0.12492106379501516,0.19253382541925226,-1.384037790482203
5258,-0.23932242945884513,-0.29358132158833494,-0.11504514277006939,0.22482173357693827,-1.3219918791907488
5259,-0.21818025824550305,-0.36461453626424556,-0.12311585476448325,0.22712376904065334,-1.3444973283855803
5260,-0.23444305564539758,-0.24410138286757796,-0.13019187604065244,0.28001518031952877,-1.294880329528744
5261,-0.23090816753684223,-0.3250217672256975,-0.11422026090778505,0.24509948652704172,-1.326510235753593
5262,-0.2335180138340408,-0.37295123369264466,-0.11444587372186785,0.225091702699284,-1.3480592556867592
5263,-0.233763922680292,-0.32728261156699984,-0.12073077542740543,0.2406567668202981,-1.3219982435675632
5264,-0.22114647372626972,-0.34524524370698284,-0.12179996741028713,0.2232226810778277,-1.3390862590090173
5265,-0.217015782994824,-0.38302513995476895,-0.12909552662383203,0.23213074643182272,-1.3462648292380568
5266,-0.23937332567785083,-0.27317085328978874,-0.122419841802896,0.25159458830230297,-1.315802845989914
5267,-0.21321068343836147,-0.34628121591394023,-0.1306257882661399,0.23808816195646634,-1.3299192250006706
5268,-0.24297065335475482,-0.28248196864666314,-0.1205867423308483,0.24879787663927036,-1.314189010820353
5269,-0.20895575720108275,-0.2480867711231157,-0.15561828814031808,0.30764816884035956,-1.2813058190960493
5270,-0.18741445546033253,-0.4334066805545479,-0.12204744358516639,0.2000226089940491,-1.3830816578104845
5271,0.5177287546868004,-0.12142511477905883,-0.668657524863252,1.0861072279359867,-0.8869053990588354
5272,1.266189047326685,0.2668294276023036,-1.1838263155003126,1.969746673742858,-0.310411749789546
5273,0.036994787902116105,-0.49985943326583393,0.08415467057856944,-0.7798874726636084,0.21054987079298745
5274,-0.008147562939431726,-0.5724254364878693,0.11848875809202124,-0.7535960583642601,0.2043322652358419
5275,-0.09950632616192406,-0.5548764042502209,0.17044803896146857,-0.7758769785583054,0.18889747167293836
5276,-0.19350117878986461,-0.45188536180422284,0.2193243735421303,-0.7758771636709428,0.2348545470634239
5277,-0.17402077360159704,-0.5582895472953332,0.24586697976027586,-0.8246519416727948,0.195712790902705
5278,-0.24950942726232508,-0.5477630276669431,0.2777275654969165,-0.8866931810684643,0.17025153274130675
5279,-0.28720206459249803,-0.46095396172689507,0.2851531521640494,-0.8906171125142733,0.2054727565545143
5280,-0.29347161367793057,-0.4829861501930012,0.29148207292941664,-0.8865045506071311,0.19696202515889846
5281,-0.30557380484769875,-0.4351282449891612,0.28592875860687483,-0.8629929442629383,0.2256357662751504
5282,-0.3006298987002776,-0.4502492718220449,0.2875342885261524,-0.8691613170289443,0.21691463757959878
5283,-0.3009400092198186,-0.4620852783798012,0.2892844807950276,-0.8724791484638432,0.21398043767805972
5284,-0.30252663532366725,-0.45510171411859063,0.2931262801743698,-0.8895387383615001,0.211769813049451
5285,-0.31236317858828916,-0.45302494943068317,0.2935992576409916,-0.8807517045474474,0.21517299603579318
5286,-0.30159712048220294,-0.44582909560369743,0.29140021364824353,-0.883668161262405,0.2124370665539614
5287,-0.31665621274631567,-0.3876451035816988,0.2839987677974903,-0.8572013652720786,0.24378617945955494
5288,-0.30530186975034757,-0.4159749489740474,0.2861425329538126,-0.8509706091049258,0.23435580149410767
5289,-0.30943009071743355,-0.4499810998271905,0.28978521892236675,-0.8921214481153205,0.21581247050295613
5290,-0.3132647333143614,-0.42665032291658267,0.29273281985776206,-0.8667682471346819,0.2279694141098142
5291,-0.27561338330106805,-0.30804066595554586,0.2347091254815428,-0.7874935485461907,0.29220597312848307
5292,-0.28356619892414653,-0.48118609639250476,0.2828206783924258,-0.8542734092661755,0.21007445695412322
5293,-0.3011098923754799,-0.4543695767645564,0.28385362079043186,-0.8706085865839437,0.21987609712856093
5294,-0.29523223768185525,-0.47769355243965456,0.2854178786727878,-0.8657973922275499,0.21132833346252888
5295,-0.2942977310136325,-0.5069744740017311,0.29267312066762396,-0.8758332663217253,0.19767945354036803
5296,-0.29123736238373,-0.5159576176274987,0.29218184911180195,-0.8837424065411618,0.19480408753132863
5297,-0.29960408264213495,-0.4976408527304914,0.28444352095345077,-0.8435283652457873,0.21426181124176766
5298,-0.29722474891130274,-0.4901548577283787,0.28981167829888954,-0.870935245817981,0.21230256362384384
5299,-0.3154496464888204,-0.45203611561971074,0.2926519810323739,-0.8757102002924861,0.2240074972128418
5300,-0.33951246835850396,-0.4039820506280845,0.30382006678397966,-0.870632590265801,0.24470251237583965
5301,-0.3115985862302897,-0.4385989156604983,0.2934467183937157,-0.879926315901201,0.22419883840101423
5302,-0.3210591161332261,-0.43056409264148704,0.2903661625315367,-0.8823136968103312,0.227882160721022
5303,-0.3299516064282853,-0.4001778929153408,0.29853533697479256,-0.8649380686832246,0.24145483102444285
5304,-0.3248140062959522,-0.4319057586163836,0.2931721891584232,-0.8682079192608947,0.22990238614181915
5305,-0.31584455037327847,-0.4577629094959877,0.2911062482193481,-0.8791005223393755,0.22443616264345928
5306,-0.30204184935364886,-0.4657197134596014,0.28997713745577824,-0.8844340932139617,0.21758738640320519
5307,-0.3258365308525549,-0.40743836422763074,0.2902264340163705,-0.8571802644428245,0.2457899039864576
5308,-0.33393954738533754,-0.40093744436908235,0.3081304270006711,-0.8691120518660057,0.24100109133404643
5309,-0.3337369425014893,-0.3968129506376209,0.295571103028413,-0.8794460953941955,0.24540932449196626
5310,-0.32818099348820995,-0.42756009412071067,0.3067838318604815,-0.8888132398658738,0.22520557513456604
5311,-0.32691670248548704,-0.4382896500756972,0.2973347273971176,-0.8882458609201916,0.22450334567967128
5312,-0.3544681585425562,-0.39190372672683094,0.307147887320533,-0.8826502241447866,0.24958016217947138
5313,-0.36649159029850437,-0.3732532817875953,0.32333328754719487,-0.8784036120669712,0.2560442312556931
5314,-0.3310242951461363,-0.44510951195494897,0.3096816874447975,-0.8855824148769426,0.2252138815693333
5315,-0.3549351398695009,-0.3816756915225134,0.300164821985668,-0.8676896955865535,0.2517473403151595
5316,-0.3283355119490547,-0.45229976516162496,0.3049185577122932,-0.8643786007186043,0.22534279681287567
5317,-0.34750922584428035,-0.37542303795240506,0.3031222608967026,-0.8676493583052524,0.25059336328599835
5318,-0.346409245858447,-0.390630379303265,0.3023461190480551,-0.8788325049344361,0.2503522663025093
5319,-0.3672456227417484,-0.3308896446725902,0.3018413948073562,-0.8755469962069977,0.2695393777059136
5320,-0.32624065742073266,-0.406088593201834,0.2936995579447104,-0.8903072366398669,0.22942470165608203
5321,-0.37639076130925014,-0.2829285523614763,0.30205780378963515,-0.8582742713777869,0.28832052115785417
5322,-0.33860253993487877,-0.35956820531636374,0.2948394166935338,-0.8622420738715041,0.2547840263497265
5323,-0.36924296450287136,-0.3191557765117305,0.306829787554217,-0.8634134702373549,0.2771978119694368
5324,-0.3132038687596412,-0.46252092256339056,0.2966079457029396,-0.8922647755561846,0.21613074283693423
5325,-0.36549203592486196,-0.3406523484216025,0.3069746304306261,-0.8832295589152731,0.26517608239080276
5326,-0.3351293271531605,-0.41323451904080055,0.30314501488367046,-0.8929042622948019,0.2335194688423392
5327,-0.24381956275287664,-0.2187208036003022,0.19140748524560897,-0.7303783332476413,0.30336023642267707
5328,-0.297713495327236,-0.4273763400251773,0.2812455070935315,-0.8667160225047404,0.22799002352865752
5329,-0.3010124418556972,-0.48535906124910866,0.2942432454832607,-0.8813760366028442,0.20812645678498165
5330,-0.325082747746868,-0.4480953549374313,0.2878108179833289,-0.8645750844970349,0.23407898792101714
5331,-0.28716820648432356,-0.5175106673132952,0.29293627339237355,-0.8678382453202452,0.19991596856058386
5332,-0.3639972110471528,-0.35879920523756886,0.2996913661106778,-0.847043539470997,0.2730066512381375
5333,-0.3467036174910367,-0.4138506566445293,0.3066709853545348,-0.8631659671151131,0.254962717838852
5334,-0.34089057095720876,-0.349945719778052,0.30743124070043243,-0.8687240630819454,0.271769310148883
5335,-0.3512023468800671,-0.3582209592550676,0.3042294438290085,-0.8733358347384661,0.25598447788458817
5336,-0.27715211257615846,-0.48476870881866546,0.28361494002622584,-0.8867012233571127,0.2004318578454022
5337,-0.26625419906826575,-0.4490400757742409,0.27451293614963057,-0.9009979339565084,0.20651326521899277
5338,-0.20977794246736114,-0.5069601331876842,0.26112949624459547,-0.9222335077325511,0.16864228031378023
5339,-0.30961635641513596,-0.38052791092404825,0.2754148259319127,-0.8549104303047866,0.25386809267052907
5340,-0.32473282129529624,-0.34129693279623313,0.29788964678551405,-0.8521529200825247,0.2760040122002891
5341,-0.3199643259231556,-0.3996216817833854,0.2928595824559464,-0.8826318327426639,0.24217537324985383
5342,-0.24705858410972265,-0.5275749861864696,0.28553045172039176,-0.8837835328573945,0.18421409972826888
5343,-0.2063553572798327,-0.5121363590904549,0.2163333571780728,-0.8975974826560155,0.1974763455309398
5344,-0.23764244271191023,-0.48339030810922395,0.285987917342557,-0.8987536957040727,0.18573309133629445
5345,-0.235592359472022,-0.5644438406515904,0.2744201829759692,-0.8987015742885546,0.1704200589930558
5346,-0.29460306702547406,-0.4415901701796816,0.28521644999097356,-0.8928687281501329,0.22362532598254153
5347,-0.2287252869675123,-0.6043217718706034,0.27270703313230504,-0.897357485714031,0.15854581607262372
5348,-0.23331428820700953,-0.5161158855864932,0.2656245670189099,-0.8805217066426586,0.19566101652092815
5349,-0.2603078378336682,-0.4876867762108171,0.2734641884987111,-0.8695523576147322,0.21111435319037697
5350,-0.07929800758121965,-0.6153002101125611,0.1901485446236827,-0.8082972696396225,0.19015146440886388
5351,-0.2382266251739951,-0.5375320561526601,0.27265665896127395,-0.9085317756072399,0.1749853263786807
5352,-0.3448381203337252,-0.303504970450733,0.29640181139812166,-0.8543851297962926,0.28962874936916483
5353,-0.2885018255209484,-0.4320585879238005,0.2817480484212522,-0.8679656165980238,0.23206983065789763
5354,-0.2984754269998505,-0.45040191574878247,0.28958744669131437,-0.884933069120166,0.21847056021608718
5355,0.10149062497602819,-0.6241927824383304,0.06386993985395274,-0.6018505581030444,0.28267211740814385
5356,-0.28970884527386515,-0.3335771061563384,0.27117321308441034,-0.8816721505177212,0.24928011041750844
5357,-0.2951777459697286,-0.4159291851129458,0.2797121089988867,-0.8624000368988719,0.23911323044054283
5358,-0.30223795184827623,-0.4254939209310451,0.27615599934636886,-0.8426441820619185,0.24632800407151673
5359,-0.29671301821002155,-0.38221211611789857,0.2740413176523731,-0.8327582176657691,0.2661700715953605
5360,-0.16731612126341744,-0.3054944527367197,0.17528843420412613,-0.693870197312442,0.35357140199348247
5361,-0.3392844908916964,0.15362626527529494,-0.10546127283836582,0.17235873735472887,-1.2159917113430068
5362,-0.32717622793928897,0.0852880884249413,-0.08773675605307439,0.12270627906950883,-1.2519428397114258
5363,-0.34139765625094903,0.10992561668901871,-0.08505087776176685,0.12822046122073166,-1.2405574131597459
5364,-0.14203602855907796,0.14489708931180706,-0.23392382123915167,0.35400889849305256,-1.1553199385767075
5365,-0.14930272552590332,-0.04853209237134041,-0.18625714608417696,0.19480737525084668,-1.294428509445103
5366,-0.24358679757289894,0.016533672582355063,-0.12733805773596096,0.14909324417829609,-1.2780219900146579
5367,-0.2520130504813427,0.04622903423912943,-0.12461861063374402,0.12716572601863996,-1.2778796316101562
5368,-0.2748406337234638,0.0708843803620726,-0.1080478086769564,0.09688538643684359,-1.2778647813751216
5369,-0.2864854738270398,0.12063275178755652,-0.11678065557699177,0.11352795369481243,-1.2570312965283
5370,-0.3333872714301115,0.3507053374667917,-0.1372065590872463,0.19880196535343342,-1.157951054312511
5371,-0.3305634132420627,0.16440809378367163,-0.10537533316381809,0.14916931454202478,-1.227264247245517
5372,-0.32230512945977224,0.1221407673329528,-0.1024347156055187,0.13184324277288237,-1.2384299658559548
5373,-0.32295282910169765,0.22533550057461926,-0.13073702178470334,0.20705417068808168,-1.1928114572870487
5374,-0.3185953688253353,0.06707115627260483,-0.10308453725121379,0.1259175779938537,-1.2668806982132588
5375,-0.08412943538470803,3.2237508022104158,-1.0901786521992962,2.271025419132802,0.4046017564357457
5376,-0.16179726408664621,-0.4745491188672538,-0.12921146721249632,0.22091326125960845,-1.3823616468226005
5377,-0.22710486014746523,-0.27644406329191945,-0.1258068362586109,0.2215829627477835,-1.3170006775596141
5378,-0.2105310181648248,-0.33611960394750695,-0.1194260150711062,0.2062574238584951,-1.3427281402488631
5379,-0.2152826620844746,-0.24647373024434824,-0.15240472929422463,0.2596187018575944,-1.300414009541894
5380,-0.2533774828226141,-0.2003033632573362,-0.11932226310797533,0.23291820671636568,-1.2921548479946001
5381,-0.20373008812247997,-0.3006189480866419,-0.12381869915287162,0.19686178775423607,-1.3442516183487518
5382,-0.2186403924511755,-0.2292541330252844,-0.13884949677483382,0.23498115842789788,-1.2952194471217564
5383,-0.20059869247756437,-0.2671307259878988,-0.14776430262599421,0.25454652267497213,-1.3103358887846304
5384,-0.20178499605028505,-0.28429084271064997,-0.13412685429599883,0.22272301722848298,-1.3336206419612437
5385,-0.27053112083713593,-0.1736672030470827,-0.12469525371101788,0.24974184941923339,-1.2741038528069737
5386,-0.1914493940959845,-0.3294262114021673,-0.12148650100928571,0.18453340110815783,-1.3544919927086572
5387,-0.38481952624978827,0.49982763773320665,-0.2279856973851087,0.544753020244981,-1.011632188623259
5388,-0.22880634614354955,-0.23023212564647333,-0.1367402360534647,0.22334370327076913,-1.306321652532062
5389,-0.24903593610923422,-0.24834445811366182,-0.11768137675483505,0.21651373707990537,-1.313846172561689
5390,-0.24086749046816516,-0.17774461219161586,-0.13016470787618914,0.23539579195774352,-1.2951378528013888
5391,-0.2128133366107518,-0.2514627129045044,-0.1276586984635706,0.19745209720177445,-1.3275060741810902
5392,-0.1825309281861722,-0.4045387649822177,-0.12593559310427196,0.18557821367878946,-1.3795672701781354
5393,-0.2596054744888237,-0.11680370578492076,-0.14333540857456223,0.2847579673440003,-1.2633559921232311
5394,-0.26804180967742297,-0.20510145956234657,-0.10132041071099164,0.18835902469527352,-1.301663785904071
5395,-0.254470796346896,-0.24809318852116352,-0.11474137260677245,0.23647895886369413,-1.3007697525533664
5396,-0.19822221673534085,-0.32330236692907044,-0.14225060056528602,0.2463587051479191,-1.3326348223415487
5397,-0.22840812592022705,-0.22029969566743257,-0.1391497836747145,0.23899300019136377,-1.3090775116063444
5398,-0.21830062979113435,-0.17151261019073866,-0.14665778842575583,0.24870203528868906,-1.2915425128048446
5399,-0.23796973331259286,-0.12743447051361295,-0.15183345420589597,0.2570494455312344,-1.277847168850953
5400,-0.22313570825696905,-0.26137785938552993,-0.1297298101540535,0.210786224873951,-1.330338028945571
5401,-0.24243294598349244,-0.22256214149585604,-0.12483776581084485,0.238496580736064,-1.3072535348201801
5402,-0.21253923588856685,-0.29074757989601807,-0.1296075488830391,0.2158943003711206,-1.3297891162153466
5403,-0.2081578073001886,-0.32231554138218427,-0.1286779570625732,0.2173676934602418,-1.331985467394332
5404,-0.2036073450288964,-0.34882984461927763,-0.11622372800093295,0.18049157411414762,-1.3653959079607882
5405,-0.1796306801121296,-0.3509304690599781,-0.13241686823793708,0.19808093088362438,-1.3572112665787002
5406,-0.2208743545472716,-0.3185564022154851,-0.12015867466115447,0.20207097348207884,-1.3451466373862144
5407,-0.19248309401353528,-0.2439328573166613,-0.1539792371272174,0.2449870572809218,-1.31350709138957
5408,-0.18106882009292663,-0.34315210900894955,-0.13757382422868356,0.20256535245144427,-1.356022188356231
5409,-0.2093526903282826,-0.24949509260871805,-0.14593796854326932,0.23466110505635054,-1.3211451610071006
5410,-0.23757000363329597,-0.19600670509523904,-0.12782557072003292,0.22586069189458904,-1.304348946508364
5411,-0.19559426880745864,-0.29274165872558183,-0.13318871777498564,0.21261045100513604,-1.3477815347678488
5412,-0.23371349307580053,-0.18388929446224908,-0.13319575863474278,0.2448782675582195,-1.2947555749547746
5413,-0.21831825276660824,-0.20962860900317085,-0.1547605894609573,0.2668237922019777,-1.3027476476312614
5414,-0.22959827266452568,-0.1949739922854297,-0.14311488191789673,0.2813265819502003,-1.2859057843829516
5415,-0.20512384958551708,-0.17917331827505362,-0.16796850097735924,0.31727675960955043,-1.2569321008850713
5416,-0.2201292963698807,-0.3197549804474422,-0.1328651120469242,0.22572820343076233,-1.3405981796598088
5417,-0.24437498810575337,-0.23223269681985706,-0.13416449793886753,0.2519662071164436,-1.3036745134360745
5418,-0.1965441625637234,-0.0909981931560972,-0.18538236692261476,0.30355000392560705,-1.2462105464031403
5419,-0.2602127221241098,-0.19938829198501995,-0.11602821203465431,0.21549651430840888,-1.3043005833551045
5420,-0.2554150713488052,-0.21829831404316002,-0.11899423093672368,0.23425616656520445,-1.3017246999816177
5421,-0.24003555510378852,-0.22579870424215956,-0.1222160460983673,0.23528357464889454,-1.307468349712865
5422,-0.20077912257203837,-0.3118412586388268,-0.13019912987156035,0.19708312024954291,-1.3510621072171838
5423,1.1360162110853709,1.75333494070505,-1.4750502261143514,2.337722962691303,0.08085087600259008
5424,-0.27214768072880374,0.3316241641948773,-0.16139707681853638,0.13612072830906322,-1.1949935307657515
5425,-0.1350304091037365,0.29718107929053456,-0.26865279764998384,0.36066101806282236,-1.1223700170168929
5426,-0.31076989983337083,0.15966349512230585,-0.11827916359455443,0.1584118337591119,-1.238104214141099
5427,-0.3518468607198956,0.18660288414027215,-0.09221868314148941,0.12529747159685084,-1.2255487149964663
5428,-0.34854049022922773,0.1850533414906346,-0.08533548624742296,0.08241389865498736,-1.2437086638353632
5429,-0.4177511081029164,0.33488128275911444,-0.07735235613338386,0.12834450290954028,-1.1743080053034107
5430,-0.3898438760178664,0.325718185108068,-0.08806877395312637,0.1405032357142402,-1.169010251810537
5431,-0.29035413708176333,0.27307340053404205,-0.1336602519747687,0.17813112093713465,-1.1678037572961326
5432,-0.34351284153039674,0.21440882625848995,-0.10169263059632591,0.13535142460089278,-1.2113935104746236
5433,-0.3591134629025798,0.2531843076492427,-0.1004139849588183,0.1473898461233025,-1.1878036403571057
5434,-0.3689167667575015,-0.2096968247136961,0.28227151937358674,-0.8270678810101153,0.3163995340795028
5435,-0.3476761451489018,-0.26035206688936746,0.2914181435410811,-0.8639950064948974,0.28646737097332353
5436,-0.36151584975542,-0.19832113112615193,0.2866284634156654,-0.856533580296134,0.31318671911658863
5437,-0.37178753733299974,-0.15364333335995112,0.26798481134336394,-0.8347493928551155,0.32881410988978754
5438,-0.18601485749866867,-0.5092836123217175,0.1322142644913811,-0.7922589184537934,0.24548257885982197
5439,-0.061459619242970664,-0.5884477134271481,0.17791339456202307,-0.7166202509945969,0.21516471286085007
5440,-0.23898626827663857,-0.39055361738845107,0.23022192591424018,-0.7616313156147052,0.2781157823040407
5441,-0.33302467188762985,-0.21223104511101498,0.19559126055262063,-0.7955106107985223,0.35052245666292015
5442,-0.30071943667263595,0.24667263357170746,-0.14975643413787168,0.19625013203941766,-1.1638545632865038
5443,-0.34146591047757857,0.32292421868583804,-0.10744422080311697,0.24582064844874754,-1.1311293189830776
5444,-0.40799247341707623,0.30748509087666415,-0.05072392143704786,0.12305641315342915,-1.181708901673958
5445,-0.4209125678050512,0.31907481177400304,-0.062386082999867594,0.12415062830516768,-1.1734267529705598
5446,-0.43539238232158955,0.35268149354524814,-0.05760732523538265,0.12250944968282587,-1.164271578154324
5447,-0.32183208419629084,0.20173407224978285,-0.09277043607099926,0.06375319938903583,-1.25174241231253
5448,-0.4165218329972721,0.3476239115991434,-0.06732871181716339,0.10856282002856031,-1.1752412308666653
5449,-0.4623743512207391,0.41922276349118576,-0.06067524176199309,0.149494798330988,-1.128105051322241
5450,-0.4101818194721902,0.3329611424739915,-0.06340786913253044,0.08739247858887778,-1.1857039122370345
5451,-0.34807217763566817,0.25807818381520825,-0.09325204974756064,0.09003349127905551,-1.2237877738551195
5452,-0.47330924368120275,0.5043973287432006,-0.05866841735484828,0.1572114917224576,-1.0975403740607783
5453,-0.3903915280976778,0.28837354311585395,-0.07281620429505067,0.08096096538706082,-1.2051959281099938
5454,-0.34046822640333924,0.24093017651762902,-0.089971646081353,0.11820068680878386,-1.2064542259401003
5455,-0.4323345329942242,0.39272608270099696,-0.06657337213163263,0.13211455383818896,-1.1500426317633847
5456,-0.4105828206181289,0.31866369808376527,-0.07065285948278045,0.11041398035494274,-1.1852242192756264
5457,-0.32108543154676084,0.18186791621804987,-0.07907978172378607,0.056816446910058,-1.2571989826884686
5458,-0.3233571601159034,0.25368203344755086,-0.09745264064567992,0.06980671632226403,-1.231918316024436
5459,-0.42372718672246895,0.40792942728781584,-0.07994887644591409,0.12106720379579333,-1.1443381014401646
5460,-0.36222812462903503,0.2515174924246724,-0.07517480461118409,0.06447126573247136,-1.2276357089525312
5461,-0.33159496468339955,0.2392832538708987,-0.07667073079724762,0.03971301780607768,-1.2492336352905702
5462,-0.2955168545000737,0.19659907437843754,-0.10130363068173134,0.045215902610149766,-1.264569081724352
5463,-0.37946663796029034,0.32945780822696424,-0.07409099903623576,0.07277994117129252,-1.1941516798814857
5464,-0.3663962284223768,0.27455410269405517,-0.07907605984151998,0.0994120734476751,-1.2036809727806281
5465,-0.407855269540676,0.3944989666737161,-0.08237005762359235,0.1336882303350696,-1.1436994688380981
5466,-0.40528333502873765,0.29953763142077117,-0.06794826328673324,0.1259058771322633,-1.1794386173828562
5467,-0.2532613657738745,0.15850473079453,-0.1328642092523637,0.12586645754158882,-1.2385704021160542
5468,-0.37162348702207676,0.2382438379676761,-0.07907476611159694,0.14026413257385495,-1.1952031472181668
5469,-0.4658977598174063,0.38277717950815415,-0.05832871386456118,0.15681610854689576,-1.1225279771922447
5470,-0.4027451842531988,0.2413262637100832,-0.0726057440415708,0.12825868051373837,-1.1954443966080681
5471,-0.35559611257296797,0.17345050469089712,-0.08204551887026422,0.11633112555829575,-1.2337208540870925
5472,-0.38400525970310634,0.28953748353770137,-0.08345161461310042,0.15061145907162818,-1.1782956661243462
5473,-0.42106622234121394,0.3913364152512453,-0.0928190438662282,0.16002846638857038,-1.1331311239735193
5474,-0.4100748586857815,0.32561941720169835,-0.07746514147088333,0.1470549912184553,-1.1578443912741452
5475,-0.4066991263313625,0.292742253961524,-0.07408704772712633,0.1419537762371128,-1.1765109430010938
5476,-0.4181907637742148,0.3426299481586063,-0.07496893324916586,0.14594631767590446,-1.1563961814750279
5477,-0.36231182796647243,0.24901005464275985,-0.10477429560829454,0.1573569628906105,-1.1838515435246821
5478,-0.39359379052559423,0.3016716614868947,-0.09243363838370589,0.1727545499391816,-1.1639108025662666
5479,0.9505627195838531,0.642119003564779,-1.11346754895648,1.8244694683102245,-0.39185465145841064
5480,-0.08511770713754119,-0.5241465237647956,-0.16067885099262674,0.18133192829589678,-1.4283315138986132
5481,-0.1493475500668056,-0.44736461330235344,-0.15060386576786794,0.2324976112298282,-1.376453153551032
5482,-0.6579973619288938,-1.8916087646253343,0.4021930258795255,1.0635016141450522,1.1889790986159523
5483,-0.6031590510043847,-2.029549121829072,0.40561009304637186,0.8667504085268716,1.009498817962568
5484,-0.5800109234142459,-2.0781861774833534,0.41078968959849593,0.8209575083638176,0.9554033905921888
5485,-0.7362552115972187,-0.9110609891584676,0.27257231241989427,1.171237147043379,1.3588022032950837
5486,-1.6868583916559106,4.404980952824173,-0.03542360238844294,2.2594591826925896,3.48607445225808
5487,-0.6853311364334482,-1.8335700504733285,0.4154373324637485,1.0727836391898085,1.2056890305778127
5488,-0.6182089293496156,-1.9829535713581108,0.41263124033746934,0.9044130336375893,1.0368116667354133
5489,-0.7327158218171246,-1.551426450425838,0.3706340206678511,1.1801824822867553,1.2628877363139084
5490,-0.5918092623716328,-1.9578883399337543,0.3942131671486142,0.811985860819845,0.9581947071814313
5491,-0.61924820134341,-1.926752537644472,0.3979679109777874,0.990098011950412,1.1080880948056826
5492,-0.5881158131776408,-2.0177014168450556,0.40465218387739105,0.7677637019784664,0.9273780845802655
5493,-0.7027843457553925,-1.6748980871978463,0.3997108755855201,1.184148731517228,1.291352834733317
5494,-1.1781114002088615,0.42965583432184135,0.18058481311589403,2.6127039134191308,2.583766694872831
5495,-0.390615486820176,-0.601125512850319,0.024016079861520236,1.9763179718967745,1.8358070817260324
5496,-0.4290532248591992,-1.9361961318062382,0.2900523606914194,1.1687923312850192,1.2578001041386142
5497,-0.6129880518672288,-1.7390961971729373,0.35711546406196026,1.5481875122774076,1.6227476011206299
5498,-0.6456628856661727,-1.7105987658090858,0.3741559428445387,1.6276626023366456,1.7097213011478478
5499,-0.6661275823732552,-1.648238903860853,0.37875811931274295,1.6896994702619064,1.7624639460767924
5500,-0.6817184105625584,-1.6234679200922637,0.38144000561299296,1.7093111126891674,1.7984200804561306
5501,-0.7538238269432863,-0.9484246269702371,-0.004222286502943303,2.819518238524932,0.4291096557613257
5502,-0.6938898962248573,-1.1226726175532744,0.007139521666687897,2.6732033209016794,0.290369988998629
5503,-0.6876805600956393,-1.1012151288425203,3.774989488030749e-05,2.654444755181101,0.2610525091986726
5504,-0.7913908146135543,-0.8265489883243938,0.00017247372993376846,2.928414695173764,0.5412689359960526
5505,-0.7888282679700871,-0.8077013559450726,-0.006811664101946656,2.945344708581832,0.569071849491045
5506,-0.7995555738871459,-0.8144036666865356,0.013571619920411804,2.960950154192809,0.571276721681189
5507,-0.7096234081532109,-0.9791770083484926,-0.009207569300271215,2.725641667409793,0.34960947418642585
5508,-0.8282083877106937,-0.744189821677181,0.008371235613333243,3.001596636923387,0.6155043540118152
5509,-0.7375990992808941,-0.8129237546071832,-0.03491684524623845,2.84141517667214,0.4548077648982764
5510,-0.8647283969282247,-0.6425225823760754,-0.0011451362764879135,3.079519678158822,0.7143156186130076
5511,-0.7700832909950525,-0.8428691472907778,-0.007076520992850097,2.891680621147757,0.5129992904039561
5512,-0.8061013440182832,-0.7656207306327224,-0.00629379295328916,2.9830427827789823,0.6219307337040182
5513,-0.8157958926873587,-0.76555707875542,0.011533338501942226,2.989559795109566,0.6184781410228488
5514,-0.7817121160867948,-0.6817758275454237,-0.03064222884306996,2.965368010396077,0.6074157618913262
5515,-0.7944063149601535,-0.8041445771349917,0.0036742539660701893,2.9636331999332963,0.6111738861502264
5516,-0.7690359519430011,-0.9095910314473378,0.019130293021854143,2.889924468610232,0.528437685457235
5517,-0.8016214823610328,-0.7876619647546216,0.0014220934776035207,2.978135580832596,0.5990463787706569
5518,-0.8519304565923655,-0.6605213528876579,-0.003399544981312842,3.0596606332487046,0.701205368769962
5519,-0.9080450499275368,-0.5015210023945944,-0.002365155831670929,3.2212205372546654,0.8473122761866907
5520,-0.9419757831981366,-0.42013068405539156,0.00848820081934018,3.292191155160942,0.9281618978739453
5521,-0.8879117973684285,-0.5672014516058058,0.0013613263476734703,3.1519995789849693,0.801061477778366
5522,-0.9210158917568837,-0.46278134909789626,-0.004697365889707423,3.2284452044052174,0.8711978683407317
5523,-0.8533273685704112,-0.5577048804994097,-0.018446391637715946,3.105092480858157,0.7642919211183987
5524,-0.8731429325415333,-0.6340164756691151,0.013076905212755991,3.0998458827767674,0.7583939062285253
5525,-0.8910313146904728,-0.5423815046582161,-2.5902150711413053e-05,3.1391898251314108,0.7986262378729396
5526,-0.9175677095178021,-0.47972454156142613,-0.001997024521437199,3.2022635924302847,0.8399561942145966
5527,-0.9398590690092501,-0.4492131126049474,0.0008838772902171074,3.189639326095117,0.829396526544771
5528,-0.8280330572730709,-0.7576674673341479,0.014862683120581206,2.967322813154555,0.622764461895776
5529,-0.8991296640605665,-0.55753869871921,0.005697251885944972,3.125801163444344,0.772047754079944
5530,-0.8583356317630019,-0.557650104986371,-0.022478329064973535,3.09454954217125,0.7200243548372685
5531,-0.9029251937176443,-0.5338158489756564,0.007777463761649768,3.1014947993533095,0.7722163696254648
5532,-0.8860081834693423,-0.5771941440875479,-0.007678905157123598,3.1055602566917244,0.736644826215217
5533,-0.8489735884370203,-0.6438945822133099,-0.005421785478134782,3.035886522575077,0.6757777099818593
5534,-0.874004900521103,-0.5719261936443947,-0.010785051865681978,3.097524814628865,0.737013465192355
5535,-0.899161960131452,-0.5137281382652835,-0.002819931859238636,3.1400323944328212,0.787095347765369
5536,-0.82932057205386,-0.6928721769195616,-0.006076772985310744,2.9682341446798994,0.6080094876070189
5537,-0.8714624621476033,-0.6788662135991248,0.0019219593817943893,2.9918677161957157,0.6391421496065799
5538,-0.8563254002014028,-0.685632048859494,0.004532225634128071,3.002730747956887,0.6740737346069129
5539,-0.8405006081608093,-0.7364650510510606,0.008616164075504163,2.9414357815376273,0.567590995779346
5540,-0.899994539293228,-0.5356391697306109,-0.005010763770370409,3.1074161085112277,0.767259343680429
5541,-0.8462641796278949,-0.7225053110027148,0.011810747173384832,2.960593297169555,0.6160251894631771
5542,-0.855653969963524,-0.6529575490069143,0.0009742428692046821,3.021081720879704,0.6641965413239531
5543,-0.8227387528316712,-0.8154822461556287,-0.01248064068319086,2.7849264527725377,0.3872086569762684
5544,-5.741373420470364,15.297328320980075,0.48412993046509006,6.173876656535645,7.992251363191354
5545,-0.7571643295374665,-0.7441701528576818,-0.058632627549586064,2.8206287457016628,0.4249599698816314
5546,-0.897624152729463,-0.5997957444624991,0.0018166698912082402,3.072316162352498,0.7101485604174295
5547,-0.8872708449449267,-0.5607776835795456,0.0010055714877876046,3.0922646472651936,0.7506285510463716
5548,-0.9389070445748536,-0.47962567680173485,-0.0005385428426754164,3.185572903662952,0.8288807922322099
5549,-0.8291652616032514,-0.8182664143708533,0.01938884210164024,2.865597382054852,0.5136928297207174
5550,-0.9164955859267312,-0.5529655346483958,-0.0022865006818488308,3.051108765680606,0.6901769599980221
5551,-0.8360364871856494,-0.7636747928713498,0.005576666929099999,2.902057543555788,0.5548642175866342
5552,-0.8513753128161584,-0.7112731806497457,0.0009969761953528404,2.9337352235370413,0.5780372047058294
5553,-0.8666584732029463,-0.7621956138083671,0.02547267015573568,2.9184143016214947,0.5731636272899523
5554,-1.7728885216689265,2.915652167621903,-0.04323814223607631,3.087550493201784,1.5614711795919343
5555,-0.8404622399113775,-0.7441050443192752,0.0076569471066659355,2.888164345954029,0.5264721443293593
5556,-0.8036305899617558,-0.6908736969026917,-0.03360271759961046,2.8980666932456014,0.5489370864785181
5557,-0.7449120788087028,-0.862217748120671,-0.030201951738736826,2.749058233033222,0.3813372995798918
5558,-0.8557616799247226,-0.7678703742611,0.01837210605570268,2.9166087316551654,0.553750682500972
5559,-0.7944881541499357,-0.8871919115481763,0.009296348843542409,2.7780268331013898,0.4307441022841211
5560,-0.8253243638994913,-0.8230530467455671,0.013455354266989865,2.826915522717588,0.48061445920681944
5561,-0.8705537553959847,-0.7164573685838443,0.01361017776529084,2.8971617760327484,0.545311957387923
5562,-0.836572425079439,-0.7417049739183598,-0.0019591107714086904,2.8572605254835812,0.5176177705595044
5563,-0.8279514809444573,-0.8116473419622311,0.0027255016067859014,2.768475447012273,0.4063040611186257
5564,-0.8273803828511374,-0.8068404369986314,0.001480365265089404,2.6640958706975755,0.2989076405211541
5565,-0.844270141840393,-0.505147792909307,-0.060651298912897465,2.9500377332754955,0.5595008773543558
5566,-0.8025449620464736,-0.9191619390535655,0.02241488958727434,2.7554659931286953,0.41662278090967697
5567,-0.9018622496142132,-0.4457925975533288,-0.04852322103729276,3.02721675896792,0.6274746276050213
5568,-0.7886836112089826,-0.8531588686742085,-0.011765663979640658,2.71716229178351,0.37369278222044783
5569,-0.8849794841924657,-0.7148773739713996,0.020944596649423185,2.9101275272314147,0.5697617498183761
5570,-0.8467925022297651,-0.514832251347026,-0.049917517157957746,3.056561840432939,0.6700206741011885
5571,-0.8596192622636002,-0.7264134088879309,0.014274766526015375,2.9891068988921474,0.6397495615679862
5572,-0.6468555806921622,-0.3923260283198213,-0.20502889338027477,2.73583475214132,0.3397704872029837
5573,-0.8263909576933189,-0.6849922076249811,-0.014268419942265149,2.984657094700852,0.6169942517216279
5574,-0.8997591579208264,-0.6010179287576015,0.009411007518889748,3.099849159658156,0.7363398212154324
5575,-0.9058620248889436,-0.42584943517762236,-0.022945031974079776,3.1937028774500447,0.8504915774159308
5576,-0.8045713115205197,-0.8010708831468275,0.005519633872730106,2.911755714945454,0.5468326588565805
5577,-0.9848263888538438,-0.19091948860054497,-0.02999695331196541,3.4010685155004174,1.0211833589078374
5578,-0.9209365018029099,-0.4506681427609072,0.001847293489696116,3.2639817535220743,0.9034817109023769
5579,-0.8648454153415139,-0.5400281890936367,-0.005302552412434178,3.182919221062077,0.8310802586789704
5580,-0.7939512147690768,-0.7825952418975701,-0.0036641942702450078,2.9534593696808944,0.5937137204136058
5581,-0.9274435379427123,-0.4259318507501053,0.0029804205111284604,3.2746111920237224,0.9260645712477278
5582,-0.8764232766672166,-0.41356922253583467,-0.032518628110276636,3.2837100131714387,0.9175576574199017
5583,-0.8147814019505104,-0.5548792964369735,-0.03885962361286859,3.143448494546133,0.7664489728131346
5584,-0.8153524128494665,-0.7205334865860552,-0.004297140717685307,3.023614691511015,0.659848855707464
5585,-0.7727651856141228,-0.8427408350757268,-0.00727138001303167,2.8740259362343443,0.5123367426340657
5586,-0.7686807826627157,-0.5631757331238126,-0.062375728645340696,2.9843857169149324,0.6316452412702966
5587,-0.7386583178607387,-0.9912923888813151,-0.003570678467154991,2.5363999764313894,0.16128773608960634
5588,-0.760331085567993,-0.9724777856734037,0.0017678733326968242,2.5288662672676083,0.17404944768784603
5589,-0.8255884159077741,-0.569107046557885,-0.06258802750800305,2.8744923426014477,0.4980478745840394
5590,-1.4902179032121834,1.8586153197420885,-0.24289905558551242,4.595673252458958,2.120701000126632
5591,-0.8299922922120796,-0.7883783839391889,0.0048953550562451185,2.7071414816547414,0.36488201518421015
5592,-0.8883464882677908,-0.42242233916617355,-0.05612864248365202,2.981742308103101,0.5910759147759155
5593,-0.793096154460003,-0.8581844659566482,0.009088813739594742,2.4649502655449256,0.1325226365552364
5594,-0.861934388999324,-0.6660586128952547,0.008879228940549535,2.4632871179961224,0.19519681272054815
5595,-0.7586974555636166,-0.5533068795996738,-0.09668316917871722,2.549445381381896,0.2016784407379023
5596,-0.8507740364146889,-0.6849160624085436,-0.008378959861024361,2.7492084376659145,0.39332964644800394
5597,-1.2498928091908146,0.4231181602009057,-0.04619489725361466,3.4831069928434517,1.0770400447784645
5598,-0.8124442579935098,-0.8599079286290302,0.02021374815357795,2.4413788786256303,0.1478014473262486
5599,-0.8198118853080152,-0.7057813102169335,-0.015213287951394195,2.707214797634946,0.3733014767341416
5600,-0.7273022316466069,-0.9974161687207942,-0.012639750352839735,2.6215124035264026,0.2822380464116243
5601,-0.8862572196650147,-0.7118595200250777,0.02035941793637742,2.9130297506425276,0.5447590516267192
5602,-0.8887231924149386,-0.6140449770911179,-0.013504443679000874,2.8956638702012145,0.5189272269293149
5603,-0.9347981992486943,-0.4892467107896365,-0.011150137719830587,3.054039917929694,0.7104286861444146
5604,-0.9171957156104815,-0.5620607083185679,0.0023003564147750202,3.0223674004553787,0.6597523380966474
5605,-1.0154205756101025,-0.42434164102581895,0.03335651955923838,3.199465312137705,0.8436297531479559
5606,-0.9886638439257845,-0.45275723327052786,0.015084989206333757,3.162642408130868,0.8299835988738455
5607,-1.0136669884866165,-0.3303787212446373,-0.0024649418836239154,3.2031577953779498,0.8268440775184207
5608,-0.9962045435454588,-0.2086541065527831,-0.04979050202855673,3.2993570649911548,0.8941586263632267
5609,-1.1973946621206573,0.16779197223280623,-0.017930678699519354,3.6421248161985798,1.2422557139642356
5610,-0.9840671685027492,-0.46651459832479697,0.013884576765252527,3.1400279649753116,0.8053846868624892
5611,-0.9162152348096122,-0.41087420141940467,-0.041529709628077394,3.058178351511448,0.7073163045542111
5612,-1.0564827741724783,-0.24716141430827238,0.005877642348878922,3.299076263825466,0.9156242158342107
5613,-0.9198030476654933,-0.6568929483786574,0.020837530082702966,2.9826632005987013,0.6266468412780949
5614,-1.0064707021986272,-0.36056121108273576,0.010491934661402637,3.236576035623036,0.8632676450148279
5615,-0.9213318677139473,-0.5721677237747365,0.0005667035606537599,3.009149390630182,0.6514791572495089
5616,-0.9564236854528506,-0.5876718826003076,0.0324828863842772,3.013330684606266,0.6664577753184358
5617,-1.0349494950127816,-0.2923183801302976,-0.006472553323607649,3.272724220351306,0.879546252037208
5618,-0.9973301700081414,-0.4756461152604927,0.034276466703747455,3.112884913966577,0.7568015981786845
5619,-0.9246322668297613,-0.681502988383685,0.030334330698868775,2.989208109406359,0.6351348232238353
5620,-1.0317291436222449,-0.3573261143300938,0.01629841247345023,3.200015742599754,0.8243872467060682
5621,-1.0877073265212522,-0.2038025649002395,0.020695313167887842,3.374171942036878,1.0038448280450865
5622,-0.9834002462858408,-0.39133203048529625,-0.015632898000353043,3.115296530142342,0.7125022606620772
5623,-1.009217018323895,-0.4623349955220389,0.03713845491792157,3.0987703566155735,0.7588214834118048
5624,-0.8098814709658099,-0.7987816652178403,-0.01472116409497576,2.5368668803977736,0.2098459387834299
5625,-0.8426209344034734,-0.8529020438539485,0.02167443707561823,2.5386835164329273,0.2302564746835641
5626,-0.8651075902890292,-0.7254883845679132,0.012105322769732505,2.6022517578014717,0.27317487019332015
5627,-0.8406568550674299,-0.878802858546074,0.030131178268189913,2.648830563484905,0.3175808295766613
5628,-0.980695248145096,-0.5065914205604474,0.014368070137131286,3.053335936834467,0.6769371432002473
5629,-0.965948418338026,-0.4856647412385448,0.009662694203018837,3.0839104533615878,0.6981332130779484
5630,-0.9175452934322709,-0.5516084089579439,0.00679739985558602,3.0435235354488275,0.7112481443655222
5631,-1.0902710212633557,-0.1914541193722768,0.01229069602076015,3.33516173332372,0.9703327730520123
5632,-1.0046086475268223,-0.4849132705500918,0.042684878869985246,3.1444219537277895,0.8069598529714287
5633,-0.9485903799247698,-0.5976892028271308,0.03483375373375325,3.020562888107152,0.6821146145299348
5634,-0.996421946930142,-0.4778876782298621,0.022590112125029146,3.117342738879577,0.7683125191514361
5635,-0.9751765603330184,-0.5250636698187057,0.025436287167479275,3.033541120219136,0.6744814404331142
5636,-0.9264891259710494,-0.6386117519063419,0.02696478136350215,2.980200836869968,0.6469601840879585
5637,-1.091728158223882,-0.17775796345693273,0.025259872976590856,3.368818951097897,1.0209180350146496
5638,-1.0283553281829418,-0.3493744483865738,0.01014291661244959,3.268154334964815,0.8934286167163792
5639,-1.0762563311137092,-0.19997690413112076,0.01493724680451601,3.3396607873869097,0.979308620927867
5640,-0.951551776360422,-0.5767767586376842,0.032412378676232034,3.058084212954942,0.7364985264538789
5641,-0.9988669554535688,-0.49386723192690707,0.03837977298048976,3.1061080445875957,0.7730890947667141
5642,-1.071892505681985,-0.2325230082309995,0.01465118354018447,3.3280747609561048,0.9669989014782775
5643,-0.8959906892462135,-0.7681372575329527,0.033476539279806074,2.8724108843828815,0.5146757003001292
5644,-0.8685667412314775,-0.8056385540128687,0.038413326474416976,2.8100068200083275,0.4494106775761684
5645,-0.8797815098185919,-0.7817088297272572,0.013906694742991,2.7186663060590543,0.3777520605062025
5646,-0.9155058424350342,-0.5697501729646719,-0.0062669978850101405,2.888913180984659,0.5032981232434418
5647,-1.0193391617373957,-0.34658944191237945,0.013336115356293261,3.1678185726943116,0.7901079814617677
5648,-0.9998646488754149,-0.4019295202753677,0.00832017807349097,3.168142062782966,0.8249917888297086
5649,-1.038152499192535,-0.3897955889657818,0.03400374327613786,3.2039490377259643,0.8592384570984497
5650,-0.9931340366908644,-0.4255109456446204,0.018699019786910177,3.1600408947057166,0.8129205614412602
5651,-0.9175147353363096,-0.6834612173315211,0.02817981883988276,2.8843051361437673,0.5345823678108999
5652,-0.9819634075822026,-0.47677068938699446,0.01987198248011142,3.1315464388839485,0.7821879818827018
5653,-1.0796617829251338,-0.17803743215742704,0.009733773224318823,3.328422315653954,0.9657354903642892
5654,-1.0094527275656737,-0.3624789648972413,0.013187271220948017,3.216293233589566,0.8720713891203423
5655,-0.9265998746459571,-0.6407424308738667,0.025541738072901082,2.949609433606549,0.6005808854499092
5656,-1.0231236195407758,-0.3989078382114314,0.02940160448832822,3.201798543068074,0.8550821544818241
5657,-0.9254366312492318,-0.5032536746451508,-0.002226062555315534,3.0064076756211047,0.6243731963035826
5658,-0.9329520890673975,-0.5864204095304171,0.015206169791899697,2.6987659623131033,0.40866482059011694
5659,-0.884106037241146,-0.6804572191550048,0.024100512070611164,2.6051269421478493,0.29911225029046995
5660,-0.9863448146860453,-0.5009558783807707,0.04844099601075138,2.7498352724396256,0.4845265189132032
5661,-0.9378165685333082,-0.627072594652572,0.04130346324327247,2.6859491349208278,0.3946047764053972
5662,-1.0027979497878532,-0.4418507657965429,0.03511843396412889,2.7038909119738794,0.4291044304604582
5663,-0.9402786334119891,-0.5927811380226568,0.03608695086604321,2.6361551637377176,0.36422103267545125
5664,-0.9641821062646265,-0.5375170243214605,0.026003488938089965,2.6846960129806114,0.40592601522934674
5665,-0.971325747560651,-0.5543197454767484,0.04630830606054207,2.6835692302907614,0.42943299902798454
5666,-0.8973056086969764,-0.5821756875528071,-0.006602047327934209,2.874418629119438,0.5370656586644202
5667,-1.1038687036505557,-0.1437035962094946,0.023250324429457563,3.3819296569950916,1.0327598778533071
5668,-0.9704731104622091,-0.581538340299212,0.042932240811693834,3.0446559157640567,0.7261433981452771
5669,-0.9247198967935988,-0.6326721128499451,0.025523645449777685,2.9397306530674565,0.6126609491152037
5670,-0.927472602230803,-0.6564210307318901,0.025001558177806093,2.9707504102021223,0.6063110909752126
5671,-1.0229256317465087,-0.4241286450613896,0.03531776253447831,3.1562982157067045,0.8293079170001039
5672,-0.8058856980186578,-0.7070237922598565,-0.03890797220272923,2.717970704059332,0.36122628886705327
5673,-0.930316878187269,-0.6383629428517001,0.023687442481123568,2.8229991945788075,0.4914442728054659
5674,-0.9708623999449116,-0.5541583146554948,0.03800531155063557,2.843616430051467,0.5481544834452529
5675,-0.9487282224588174,-0.5571000665897788,0.024605764290748885,2.81243294506648,0.500906550866714
5676,-0.9043680683091679,-0.7228628906219109,0.027343144132571332,2.7541051792543465,0.4271777568093964
5677,-0.9758435656528462,-0.5517807635436748,0.03106844001408238,2.8328340765844775,0.5252830997672095
5678,-1.0238155979454495,5.6413243107731885,-0.640111458422052,3.125824432874455,2.5477755843655205
5679,-0.976600378060242,-0.5596052465615199,0.04779923142165149,2.7635683222920235,0.4915289686512497
5680,-0.9334454298508269,-0.6505340160531228,0.03883614539636424,3.005104096967136,0.6710927006604501
5681,-0.9299289543192552,-0.6734230804405321,0.046502567521478785,2.9701060895753186,0.6470925432270733
5682,-0.9397490427214406,-0.6479062971130234,0.038320602071218846,3.0042012007348635,0.6904983702240238
5683,-0.9464413432199186,-0.5955372318757337,0.02986895259012778,3.0146979532673517,0.6753068686218391
5684,-0.9832463478717127,-0.48467028334215634,0.027565464794920558,3.123338088290938,0.7951826032667259
5685,-0.905773037031721,-0.6652482736547445,0.006536971139240894,2.9438847120139453,0.5569763413385203
5686,-0.977702829025468,-0.5673503571266403,0.03794151841166221,3.0589709336581183,0.7109319053175378
5687,-0.8578400202962162,-0.878272727355523,0.039301753860276914,2.7893148798623946,0.44507564832308644
5688,-0.9971467257809575,-0.4924698077523094,0.030329530485456887,3.0556388844621782,0.7207252034042194
5689,-0.9638521926221021,-0.5839758028144515,0.03431784664176911,2.8814606926605495,0.5832091290228929
5690,-1.0576277764827695,-0.3555688135813547,0.04104741699095148,3.044739512651398,0.7442351912942972
5691,-1.0021455306856815,-0.43665424289187976,0.02141707813192499,2.969274171026773,0.6437562582338539
5692,-1.0470789919601593,-0.2700615205797749,0.020835517558190842,3.0853579068432397,0.7938221168647401
5693,-1.017985954894415,-0.4314009752549079,0.03210976317927173,3.022308455555654,0.6986836618179827
5694,-1.131791764301905,-0.05552982109427393,0.010608523398945946,3.356807225200993,0.9932763599897576
5695,-0.9480550981240856,-0.5012353497998541,0.009967910443094473,3.0220434006794665,0.6725817140645624
5696,-0.9606679175136023,-0.5026500181775906,0.008001065411282104,3.085201728322401,0.7302005309105674
5697,-2.632070506765949,6.332967696859073,0.2911527491080412,3.2226390188093252,5.165691995083986
5698,-0.944398174691932,-0.8675570168130606,0.40400314369207974,2.377898870505204,2.525814950101719
5699,-0.9446717191240303,-0.9167161042565117,0.38531452062183075,2.3199265019114153,2.4201068237264964
5700,-0.8644888114696514,-0.9481244439378191,0.3488901713156704,2.321519724777319,2.440657909084721
5701,-0.9856579022391675,-0.718100316773258,0.36003214929947114,2.4709155744736506,2.5856983177432222
5702,-1.0089118963828303,-0.6125760323235669,0.35092277117854576,2.4930358858461945,2.6165512394072468
5703,-1.1066945472904999,-0.40642127501828906,0.37086859608835315,2.7164785087735472,2.849410596735347
5704,-1.0311491295575488,-0.6141080139152421,0.3685313495400142,2.5609792831240865,2.670668703248646
5705,-0.7927495791866078,-0.021958129429119386,-0.17730363159908064,3.3016038464413633,0.9534187703137598
5706,-0.9046898671269341,-0.486661121532006,-0.006391214191858591,3.188686738455215,0.8601944073865664
5707,-1.0354108970981282,-0.07201123798414391,0.0016456234985329327,3.55042459485927,1.2536037744068296
5708,-0.9651415860195751,-0.1625276734144565,-0.031065029450088065,3.4758296215677733,1.141035172891532
5709,-0.938349417269864,-0.23878664696259994,-0.07229959761927907,2.811372241518777,0.44105964593487923
5710,-1.1243763912351803,0.3354692847036601,-0.0811423003118366,2.7883880598688275,0.5060852063952823
5711,-0.8720083927686915,-0.6375285575479465,0.053280040725809746,1.8926281717616948,-0.20840439839031127
5712,-0.8720531013794235,-0.650143975634716,0.09991530398656112,1.4992894688682967,-0.4467277845618038
5713,-0.9174158757280125,-0.3887079719846928,0.06820438962419101,1.663550869557427,-0.31963670227224117
5714,-0.7695725685108996,-0.9182940718659328,0.09066016720282508,1.5010682379171862,-0.5585041890950488
5715,-0.9424820004256013,-0.36235832070521967,0.07912480424155163,1.6567955049704208,-0.28430094089523633
5716,-0.7651229194693103,-0.789207338298461,0.031182254112946617,1.7067986288332255,-0.392331066558511
5717,-1.0855099991400743,-0.08744449732169528,0.08010588989518341,2.0692140037004534,0.05801980815705971
5718,-1.818167906400618,2.6367182514221663,-0.15491937697231556,4.505442258968262,2.2422995619907016
5719,-0.9577685462095848,-0.3578876409003975,0.12127423004196133,1.487153938093417,-0.36867774181056806
5720,-1.2523183181648072,0.7701629576708154,-0.025214922856414794,2.5527445528248136,0.48260458442170256
5721,-1.026899043095358,-0.06883833604766551,0.13678301977074417,1.33441113111261,-0.3658328079444127
5722,-1.0473258914912529,0.004330048225247479,0.1396654645820803,1.3524009666008494,-0.3581131879011158
5723,-1.01772449875988,-0.06876616545290415,0.1388934319678911,1.2975869268791531,-0.3998513871229362
5724,-1.0351439773796893,-0.036023126698035285,0.15548546781793676,1.2410923565085163,-0.4107974153663181
5725,-1.0683028000073023,0.050936014023143704,0.14523153615728118,1.3028153085142238,-0.38620385759381226
5726,-1.1098286049293742,0.2658808918784645,0.13575558412087907,1.4105251738649836,-0.23323873361111383
5727,-1.071956887322194,0.02982372930882533,0.1438619258431092,1.3480513183549556,-0.3577641629684943
5728,-0.9930419608377616,-0.20668849602693945,0.13775699983785394,1.2252197006719763,-0.506234313011703
5729,-0.9063475439439642,-0.27500316902986544,0.05941043737152196,1.5600713210693025,-0.347221281258784
5730,-0.9821797808430197,0.139267591045974,-0.08282546772217166,2.7883211548983735,0.48646205791918823
5731,-1.0944688293920695,0.2520870638066202,0.08680512722307256,1.6739057305850515,-0.10322833385523045
5732,-1.0484782488866018,-0.05303126111194073,0.13266030604091877,1.43797102022391,-0.31555062388842675
5733,-1.127290105618287,0.19770955998782286,0.1414154840951967,1.456646670985304,-0.21768798572526105
5734,-0.9785543147158487,-0.2537105108169027,0.12837737270884875,1.3900678734262897,-0.3981446768644318
5735,-1.1164213118275246,0.10112964564772449,0.16769408418441722,1.319225656636219,-0.31740352657152504
5736,-1.0907879573933055,0.044142453672152124,0.15966786444692,1.3549784289954694,-0.3127115323118643
5737,-1.0715042702416202,0.028583466155386015,0.13552948597896045,1.3885022995517584,-0.3237784563437396
5738,-1.2265804135362477,0.4878236370393417,0.1703890773391844,1.4168756731209387,-0.1536713608559653
5739,-2.7005147618076824,5.080114471164348,0.14812178290096673,3.221402255045555,2.236476846563333
5740,-1.0734573077966238,-0.08026589046640763,0.1436464773633638,1.4987689770457895,-0.27269090121983225
5741,-2.0020119856838106,4.1106198160689,-0.0774031493043661,3.169056494203491,1.9273289312887405
5742,-1.7308831355879888,2.425118630375195,0.011552295161722423,2.6232381682039723,1.0102521809510496
5743,-1.1592122999732557,0.22825165069594325,0.16027632475504136,1.3994941889740524,-0.2508484998159263
5744,-0.9574778209383435,-0.26117936662284685,0.09205531548421861,1.4659127963841205,-0.38498392766322836
5745,-1.1990325624317426,0.3450121182316761,0.16565928675660482,1.4034431658217084,-0.20059951871109316
5746,-1.1499717899802213,0.18485757960227456,0.13961609048888723,1.4864841035396268,-0.22956005927441983
5747,-1.5287747642215856,1.497634699276652,-0.015944142650379283,3.1098119654789325,1.0470497109146046
5748,-1.0517730840784365,-0.03170683043179659,0.12287941729159602,1.5087648337828594,-0.25619216452276633
5749,-1.1452641167184645,0.17807146137190477,0.16039119737274102,1.522885927338127,-0.1619922596041985
5750,-1.0327928466479617,-0.15650191493710333,0.11515554074516007,1.5632516672358137,-0.2763115144167107
5751,-1.1519871384286424,0.12365144849725912,0.16500343987647167,1.47816974428593,-0.2172612999722369
5752,-1.0974156973005373,0.10405005795025357,0.1267934505308227,1.5876914342771982,-0.1856839919596662
5753,-1.0451185946762656,-0.1658626317235026,0.1129136066203818,1.523566391086178,-0.32206693532321506
5754,-1.1104522219720248,0.0935355084011601,0.13962993300645632,1.573276076286087,-0.17434723451423015
5755,-0.9107068483820817,-0.4141909751130204,0.049095519298112546,1.7530118604382925,-0.2870675500012251
5756,-1.1106508594820583,0.06509002332501772,0.16741969710842142,1.4572343326251742,-0.22662056425737961
5757,-1.019446260455728,-0.2860010955492992,0.14809870388915283,1.393139672418355,-0.4081880736506468
5758,-1.1464159889506016,0.18865851172792195,0.12439958363913253,1.5964271387866695,-0.18561357344812845
5759,-1.2043537084960643,0.3257105550143159,0.17159219127884404,1.5132614287820398,-0.13508617071014994
5760,-1.1265996037745576,0.15843864072352662,0.14782885899505133,1.4833926189111624,-0.2134881792948965
5761,-1.21620898555769,0.3369038714575061,0.1806779543611032,1.4569592143919456,-0.1704706969085351
5762,-1.0641719702689911,-0.048709031143753884,0.12818022128733447,1.6063665324174103,-0.18406924865843083
5763,-1.0561272062706692,-0.1521333830226344,0.08977875566655003,1.8943138971589197,-0.07755770109375776
5764,-1.075004899415009,0.0020783970513352807,0.11233547656998456,1.7033820390141459,-0.1489219522553223
5765,-1.1259814674735973,-0.07073448441435243,0.03988186517383863,2.5142900756106115,0.30195200123260213
5766,-1.0492246094909636,-0.31648034271453135,0.07534385252042204,2.1484314708870476,0.03894041036528058
5767,-0.9706425912052683,-0.5077421327079129,0.10079481200320826,1.8131010871310198,-0.21317681361621982
5768,-1.0601350455785843,1.0731471212980157,-0.125811762656704,3.480922728088962,1.3129894649895233
5769,-0.9859304135642327,4.024107520822918,-0.5474760836339104,2.9949260322878413,1.9736472631308084
5770,-1.167064664129849,0.1721886915794739,0.10503937455972924,1.9819893708825638,0.11397784476810587
5771,-1.0333422275300033,-0.19172467670990415,0.12624223067725324,1.6412971819047597,-0.19085402504281565
5772,-0.9802556677484496,-0.3855700145270862,0.0657571445495485,1.9131045544468326,-0.14317965118888698
5773,-1.0860575679985318,0.02947157814708317,0.10149781561060937,1.8441297199321622,-0.03056731148799213
5774,-1.0445964691435432,-0.2918244066024445,0.10080132341777832,1.867212692027883,-0.11442956575664323
5775,-1.5726911902444132,1.2417136659025105,-0.0024839719483996324,3.47039393084593,1.2624489228820763
5776,-1.3329791128879929,0.46467645230731863,0.045433827088561085,2.8951241230100044,0.7026950997599158
5777,-1.0698174945317722,-0.2134110173240472,0.09802996874510185,1.9935155855444648,0.009715413509964094
5778,-1.1981513811632891,0.31810937036969233,0.06652833460153752,2.211279275262443,0.2535130679993276
5779,-1.6071133738792032,1.7958884017468948,-0.01849382355767494,2.8542598046320187,0.9365644755669511
5780,-1.0011548608310823,-0.28310985994928345,0.0809728959270177,1.8700919749579592,-0.10678980918835661
5781,-1.0891762194471508,-0.09116930581991355,0.13335786066637495,1.6730983318284969,-0.15755897794032878
5782,-1.1242889294762806,0.09413257957155663,0.15769529081096512,1.5566311493991418,-0.14010758355882366
5783,-1.0473331693449757,-0.09403100681095408,0.14313742482947017,1.5380314438700855,-0.2237421808960697
5784,-1.1028058509444632,0.03637004821483505,0.13123299234178729,1.5999032563724436,-0.17552269611933466
5785,-1.00949091995797,-0.18006120454154614,0.1278067983602624,1.518717825320081,-0.2645596454956473
5786,-1.0041313584369764,-0.2094676787466774,0.09104436169524759,1.7953598506936954,-0.13213111419011672
5787,-1.0578128024302864,-0.10884425625878107,0.10638367009060028,1.7415217270423238,-0.14870367404667073
5788,-1.1349855444543728,0.14890989724787732,0.16830040483122913,1.4528764810725485,-0.1878001566137949
5789,-1.1421165879651816,0.1360514335736881,0.16377728822760212,1.5027369652727098,-0.20377241755618725
5790,-1.0924905233807645,0.04037516734506602,0.1080869099671031,1.7754310483242202,-0.061563002147522604
5791,-1.0644499082065892,-0.1240474081853675,0.12381437991791917,1.7213951334973088,-0.13322009995974324
5792,-0.9198221959064773,1.193506751032901,-0.31702021314643825,3.264670892610759,1.0574290072932289
5793,-1.1026056163950162,-0.3884114169151118,0.05939055988854814,3.000471747355424,0.6766454528494885
5794,-0.9353737661279194,-0.7128008850977544,0.03747715615948153,2.7243554408168995,0.39128831613759535
5795,-1.0743082509830382,-0.5185807812769202,0.0849588051395041,2.9796279191696917,0.7008596798503988
5796,-0.9636557203874825,-1.1708456779132956,0.43824305025255356,1.8627194082327316,2.030508295217145
5797,-1.0348950250545708,-0.5828244795744638,0.07090392759291891,2.877770835242746,0.5934422519726114
5798,-1.0209654967033033,-0.6648790725337472,0.08290928002813981,2.7845336935349243,0.4981810306353818
5799,-1.0513573450919125,-0.5454698940446141,0.0665485761158164,2.8744097397031614,0.5658190270589311
5800,-1.062850772084479,-0.49665930469379427,0.06596564819496237,2.9218520195744877,0.6244494362639252
5801,-1.0063367911211334,-1.0986774961163686,0.4456258807049198,1.883791335985931,2.069792300996528
5802,-0.9852170349569522,-1.1447308847349968,0.4482445557437956,1.8815676648417576,2.073071039643918
5803,-0.9491828565448396,-1.224136547633473,0.4384247182270425,1.7658335712934574,1.948408038122254
5804,-1.0224857041194866,-1.041442848376593,0.4386331514592232,1.8941868596982716,2.0605793602630698
5805,-1.0168736641674692,-0.5940710488409677,0.06303147495560607,2.6839540381596514,0.3929985693186996
5806,-0.9713535399663531,-0.7345813412724642,0.061302351818248606,2.684707348995717,0.3777065347806808
5807,-1.0223498122419894,-0.6003559841004006,0.06966842446629495,2.818224877501289,0.5335997377999778
5808,-1.0298714530163104,-0.5201434440310975,0.05530849319402123,2.8381175750648464,0.5403605845250065
5809,-1.0474849384615277,-0.5588603883196972,0.0743763099251419,2.829359855635473,0.5454864486349912
5810,-0.9965388158201589,-0.6792049902205801,0.07830290707973486,2.7559765789188893,0.488293301585953
5811,-0.9367100342836209,-0.830367295447015,0.08133499583877885,2.6035830137552125,0.2900066360646522
5812,-1.054804651607776,-0.3744841119993498,0.02340263936806314,3.0433586780848185,0.7304717306909703
5813,-1.0367827523062167,-0.3625436290082525,0.02705537956913905,3.0213740897999375,0.7178173645822015
5814,-1.1082277618624783,-0.3734895617646065,0.058079004501767256,3.0229544871428233,0.7126131620755242
5815,-1.066442201353843,-0.4957209373188738,0.07809211496656998,2.91155881123949,0.6382595506325927
5816,-1.1258829148801834,-0.3410400958862099,0.06655762968132986,3.043233911040658,0.74658595347704
5817,-1.052170225618492,-0.42759217550144313,0.04738435961483537,2.8697156765956615,0.5564925689316578
5818,-0.9257510477480784,-0.6639141284989702,0.033489210463237336,2.5774098759829784,0.2959560612585671
5819,-1.0374926315159985,-0.4551066708127089,0.040491714454658594,2.908427807288024,0.5977470448203271
5820,-0.636248126081441,-1.1229513232024695,-0.024074265146866603,1.9458326169001408,-0.3739737527634174
5821,-0.6969745781037356,-1.1839505542185116,0.005230772745189498,2.1058323693999235,-0.22541490385944982
5822,-1.0121537714251427,-0.6817295354139542,0.07740875997521952,2.827895085537511,0.5189319615247399
5823,-0.9961613767381909,-0.6050277928998629,0.04883151359595469,2.815845905408441,0.49077220811040245
5824,-0.9769442150241937,-0.671635588742199,0.0652049922919077,2.7647641366307236,0.4858437199938276
5825,-0.9351137725817356,-0.7235697125954906,0.04697076321280442,2.6803614689433886,0.3806529194597905
5826,-1.0027186317998809,-0.5676666044626479,0.05477967521902959,2.8768958646190046,0.5876464888835436
5827,-0.9888720572161971,-0.5511818970069188,0.050639811375004735,2.9307094662228446,0.6557931648555244
5828,-0.9430586752925332,-0.6964403880441329,0.05470001674357591,2.75788669061656,0.4787828906882657
5829,-1.060945706337922,-0.3243421182786808,0.03817261172112795,3.1372718594323614,0.8347584417681537
5830,-1.1136061170637077,-0.16940240100759854,0.036458058795490265,3.3267403835344074,1.0451612285549419
5831,-1.0841103460482646,-0.19923968212740467,0.027607721641863356,3.326959109775483,1.0209416002805796
5832,-1.242827079666004,0.16974159950894915,0.050329004344729804,3.6511363007545876,1.3762192957525552
5833,-1.0476083344010079,-0.3299551821292499,0.021168987800160737,3.173078205759415,0.8133062744208855
5834,-1.1248255451637932,-0.10674491793185054,0.01570995496902599,3.280754713272158,0.9462902821112591
5835,-1.0941842595836935,-0.3137862717557758,0.055407968356807336,3.1540477091406705,0.8553346476596253
5836,-1.1302096427167023,-0.18197159606346908,0.04692437729327839,3.2918716668404606,0.9835098839435885
5837,-0.606052376801108,-0.6306379555388012,-0.14987712177363524,2.48867693259214,0.14138085296972816
5838,-1.0014829010960364,-0.4483063996281592,0.025054653072878894,3.100650491704762,0.7684014329330849
5839,-1.1802619683152633,-0.06060462019209111,0.048010854136803616,3.3185098345066035,1.0124200421555114
5840,-1.1134051161073621,-0.2573689355386867,0.04411710571712741,3.1622035171057634,0.8478988375370803
5841,-0.9427632402216853,-0.7544269837239143,0.055950852665849045,2.7468733540584034,0.4377600649556443
5842,-0.9931538522610462,-0.6422592978264674,0.06449394983711576,2.848004535245606,0.5576911304005578
5843,-1.1569881672073818,-0.15197128727674056,0.05496083710958634,3.2516749926055013,0.9512562291122983
5844,-1.1073162421024867,-0.2721234054495763,0.03726092682849867,3.149677353655244,0.8085095849483022
5845,-0.9855030611105935,-0.607594885306568,0.055374531360300676,2.880237518490443,0.5863976774931355
5846,-1.060295275116812,-0.4080979815896954,0.04709311123238948,3.019243271035857,0.7014135754301103
5847,-1.2110249939631117,-0.0031989261246978223,0.06182781320940651,3.3573897841677844,1.0876815206715031
5848,-1.0154364894370695,-0.4400621171672427,0.024444394073861883,2.9928434921700986,0.6558686822217082
5849,-1.0294576845769319,-0.4641625781732502,0.045459705282313995,2.96986078847277,0.6642626268911471
5850,-0.9967872881432039,-0.5774630975106112,0.050881157252180384,2.9111298645273544,0.6038555784545732
5851,-0.9431149714284576,-0.7792902177254445,0.060442135242184475,2.7434534488811377,0.4401990730259208
5852,-0.9654990230567971,-0.7429891653365005,0.07626817277127046,2.753913220884539,0.48096083755750424
5853,-1.0288645391296747,-0.522369230429428,0.06788159072257306,2.897273908901148,0.6339641743331713
5854,-0.893051477439105,0.4564176551038386,-0.22971451344025492,2.9097401662066584,0.5705856943611953
5855,-1.0189585071595006,-0.2969730052825729,0.12594098458460873,1.660872005857524,-0.22315422503778512
5856,-0.9959851389952085,-0.2425325093519574,0.06774132115982773,1.8653331458221991,-0.15154173523227044
5857,-1.0828142153350924,-0.0027134417297541564,0.15374625886543997,1.4413606375962786,-0.26543616283240673
5858,-1.112480425051532,-0.020908880444188142,0.14839301416478,1.6079213391112057,-0.19500452134421264
5859,-1.3232598011394208,1.2725410548659988,-0.1311611482542514,2.9851460236231153,0.8366997576087096
5860,-1.1361943840489952,0.04979482295847285,0.15075466453399738,1.6507672192401879,-0.12475869791977805
5861,-1.1947470797149384,0.018493650933838656,0.08346590957454787,2.637372834499232,0.5253124261185768
5862,-1.1294138494874717,-0.6216036792452907,0.4483222810095419,1.5769124109635098,1.9044440151567708
5863,-1.2535062284026723,-0.3002088663303517,0.4212990599962021,2.0752112273067413,2.3025592230958924
5864,-0.862065847015207,-0.9887173442419112,0.3586476977793231,1.35593653794796,1.5809543487829603
5865,-1.203324168088664,-0.011445527343986567,0.3222633717902105,2.1019973772749894,2.2559664463185425
5866,-0.8683264880457613,-1.292933873676851,0.4000058495916575,1.5315962726639043,1.6550798056481337
5867,-0.822383994597592,-1.1513963381955636,0.3555651518958911,1.4444283096186845,1.6121566729284926
5868,-1.4364851192441177,0.4668066395104134,0.4062245090946962,1.8823957676959857,2.285487038226905
5869,-1.4802806576834613,1.224534662202144,0.06835136572477472,2.3358732479287196,0.53438264689661
5870,-1.1205878742847992,0.0565202776748449,0.1695204906046323,1.4768636121233139,-0.22357479401899244
5871,-1.3847196375668132,0.8112590337600847,0.09335320187149897,2.2928538839468304,0.4190715831785005
5872,-1.149385461215819,0.14777825305179162,0.1587602408803474,1.5933009533503377,-0.0969131035016367
5873,-1.1866078178358523,0.27099936069067204,0.17905939488125125,1.4815529489316175,-0.15913909109705235
5874,-1.2562526248529593,0.44088636492984284,0.15574195619105125,1.6837329788156044,-0.006309663150784086
5875,-1.294667658691835,0.48398848512761833,0.21916567299404685,1.430267577326714,-0.10180026943851565
5876,-1.3748799695756149,0.7153780553902193,0.2074783373436941,1.5842602006061335,0.028646329091333776
5877,-3.195208378175468,7.099394498137555,0.07778653239229552,4.577422963058921,3.853761768272635
5878,-1.0716690802382105,-0.07476783549814554,0.1356115446603814,1.613319159005954,-0.18525093781820223
5879,-1.248667488759461,0.3599350353555915,0.20976088660383058,1.4627861268536422,-0.1165162460583275
5880,-1.7843694574647653,2.717173756848123,-0.17708515063003363,4.628170300476236,2.4538426202050307
5881,-1.169054195516368,-0.05470578480697651,0.06343423044312624,2.547923645461346,0.3971365159183463
5882,-1.1792800178451404,0.12822234357365758,0.13920790569861374,1.815006301578242,-0.012503452313986307
5883,-1.1466367186630724,0.05638986160927254,0.1525461657629496,1.5722378028046395,-0.2145260004739223
5884,-1.123324054088309,0.03751909645626368,0.09807032808268319,2.0182299518812497,0.08476562286248784
5885,-1.1700412037033265,0.16540833228561977,0.14863833048778974,1.6386234659034222,-0.11009989100509464
5886,-1.1983327073064878,0.27577833537009033,0.171348292146878,1.560935455570167,-0.10164925019747538
5887,-1.1489595539295692,0.18513224474800613,0.1367488084217144,1.648882083172005,-0.1091444159276874
5888,-1.0459736090899137,-0.2139326601529403,0.12890182967087124,1.7289329225793457,-0.129232957809937
5889,-1.0691408795971873,-0.21534340643110642,0.053946403733141274,2.487191968817465,0.3350750731297675
5890,-1.1425120943996763,0.043519615930934785,0.12812807028955187,1.8178940965776902,-0.04126323092268531
5891,-1.1185882377931928,0.13750616192928172,0.08239455808844989,1.8910777948362403,-0.013738158011491893
5892,-2.772032271633115,5.506709021301894,0.03835774872690325,4.268324478568955,3.0642462349833375
5893,-1.3053459896914659,0.5365627309768536,0.18356529136910407,1.5107057396669326,-0.1266426478048719
5894,-1.1711852448091418,0.10984436910662504,0.1371491361790384,1.7354295993154119,-0.07698483355558546
5895,-1.2642003493681078,0.6095695525943101,-0.012590688650408667,2.9482093187812843,0.7264344159749311
5896,-0.9985338487589954,-0.450310165215237,0.014092554212902958,2.5208037250189608,0.16676011612476835
5897,-1.0205776974787344,-0.6122943842540405,0.0942513554107822,2.2515164932107368,0.05768482860211806
5898,-1.0513875682347082,-0.36634987721715456,0.02474270582915169,2.5211495530808867,0.1713582331961997
5899,-1.38476699080218,0.4516201586061208,0.01274575333738311,3.351215423200771,0.9533548322671603
5900,-1.0151092458892146,-0.5960084603381639,0.06046642661243096,2.488631035632158,0.22169383502273687
5901,-1.1157566379177397,-0.1961384507970373,0.04955846004590527,2.595645630653654,0.3679472818732576
5902,-1.1126919475014045,-0.3235201945336262,0.048272787365027846,2.7100442245093848,0.4005219467651913
5903,-0.9597258953053424,-0.626652980346637,0.07307214003009758,2.0867602749002767,-0.09676903486121338
5904,-0.9538260666142147,-0.5974503151348597,0.03420017757694138,2.4104297263015053,0.146440953239728
5905,-0.8599774392210826,-0.3132898825392644,-0.04736683012132756,1.9579734222135272,-0.19510160380065503
5906,-1.009166300207293,-0.21221282658790097,0.11287019825023395,1.5556656256961383,-0.29292916607901553
5907,-1.1805759135950202,0.1947147750431568,0.1837261877083688,1.492632385265814,-0.14970306849398696
5908,-1.2529535473066653,0.4650351761927459,0.1839795191385223,1.5479528929629802,-0.06787852407644585
5909,-1.137111707599139,0.1397810967584329,0.157042085439388,1.5303865427009762,-0.16979268557066549
5910,-1.234453862683608,0.3628648098911537,0.14887324177267797,1.7110634277914287,-0.011761974337271962
5911,-1.1781034364352123,0.2219124600537717,0.15262138159199942,1.6630337591900588,-0.0555556948596809
5912,-1.2686915804379129,0.4579735305124259,0.19276129826804958,1.5346019587745008,-0.05933227998507497
5913,-1.1588613031141133,0.2062094076588609,0.12460089421480221,1.7788951095824797,-0.021417635046147476
5914,-1.1499957958568716,0.1959340397822118,0.17017429291368855,1.4693698344457768,-0.1750630312347956
5915,-1.3523286821218659,0.7665819925837211,0.08132872823444835,2.2557647987515836,0.35564764288626555
5916,-1.19370065056006,0.2722605113477678,0.17427933407373614,1.5052328524271472,-0.14051423915765374
5917,-1.168362162585646,0.16141912679555132,0.1618948876302486,1.5740142314353964,-0.13617358486498793
5918,-1.5293545040879093,1.2502973006077953,0.04288509625273289,2.917561901799491,0.9140298807334689
5919,-1.1954933583786995,0.24142986346298387,0.17535171567114582,1.5650156160416515,-0.09351064339294889
5920,-1.608454671395049,1.4809930617682607,0.08227183046348124,2.4428330442771817,0.6346592666027312
5921,-1.1699352927983018,0.18587511600329926,0.18820002107171974,1.4671130875659597,-0.15486804156346862
5922,-1.2506246708448092,0.40596534844861576,0.20518748093247624,1.4482015156143107,-0.1225077699735987
5923,-1.203322083303719,0.30619598773250334,0.1407048021321231,1.6987536363733524,-0.043899902418473025
5924,-1.16038295653287,0.11492869802507047,0.1783094688084938,1.5418819097655385,-0.13067635511801895
5925,-1.1736597936955888,0.1601337037133045,0.12548985981283642,1.9896402029129783,0.14908360027064485
5926,-1.5004472836076284,3.000301511587973,-0.3461408089097037,4.503827672848029,2.338989565594336
5927,-1.0228540162522515,-0.37245210571028703,0.01818505715103549,3.1992732380255884,0.8836718652449301
5928,-1.1208197071380863,-0.22015947837909267,0.05417909489974697,3.347530563328914,1.0585712182555085
5929,-1.2905945177597284,0.4820965857865126,-0.028276396207067594,3.785079459511535,1.4300620611100312
5930,-1.1037391519441722,-0.23551893636481774,0.04302149703306856,3.271889386748272,0.970316018026239
5931,-0.9903683487321281,-0.5784839534451284,0.057805829078479434,3.0190785467328003,0.7154378013126576
5932,-1.1153355734783634,-0.2252205065415228,0.049562847203710965,3.3238602341095542,1.0219380129104167
5933,-1.0218414050806135,-0.47245086821113685,0.06568486006752228,3.105057720415154,0.8436347787785979
5934,-1.1280760477776821,-0.18052802168422255,0.04642838673010269,3.3422088075158674,1.0230470892605579
5935,-1.1092864446366333,-0.20998617548317094,0.052689012431829,3.3157334723623086,1.0283517226004621
5936,-1.1201167713827105,-0.17668304376391325,0.04708849239334963,3.3585201186647997,1.0655386454542877
5937,-1.1201578071101719,-0.1684070126262961,0.0551027438770479,3.3355241034292957,1.0643604136510187
5938,-1.1290672939662225,-0.08612611819383086,0.018207185241898557,3.3894305609327926,1.062822662916469
5939,-1.0858274689543241,-0.27703620520228756,0.05548720737957398,3.2808849981294466,0.9944204744892653
5940,-1.1144400972308095,-0.19371072179836565,0.04957098699400582,3.355656465037214,1.058651519606115
5941,-1.1617858267295602,-0.00321993871751809,0.04391054511954705,3.5327891891770182,1.2430485015910075
5942,-1.1409530647605497,-0.023801663804341695,0.03285393357668327,3.5564042614483142,1.2422822040629062
5943,-1.1108577001605517,-0.07800699115985701,0.03338717855066179,3.5542109360993477,1.262287314989933
5944,-0.9590849021910623,-0.3245676993986773,0.002538824061466257,3.390295378530833,1.0486178711168868
5945,-1.185104643478003,0.24105428601405543,0.021474066138549935,3.8138426108888797,1.5262468303390098
5946,-1.0584367941327275,0.04803633143747333,-0.024351737095148433,3.662366575036191,1.3349901069234646
5947,-1.0931403964080384,0.041388277978306555,-0.018885886469011858,3.6423377000617836,1.2864837373987694
5948,-1.1319632175222702,0.10157591585234811,0.009097071111481742,3.6208967591953813,1.361363509807861
5949,-1.14760336477883,0.014974330006220725,0.0471417336685337,3.5746469438574575,1.3154398024282459
5950,-1.1953610142220583,0.13528495818573605,0.05104877845156361,3.65745431448166,1.4169102110532625
5951,-1.1740583277962793,0.08066680968560197,0.0432348025270431,3.624816988014629,1.372688013756789
5952,-1.2024704749409312,0.1955421977414266,0.03130802638060852,3.744684203916605,1.4619677976530177
5953,-1.0894572727342833,0.11487744249359444,-0.004494265265129298,3.7537415511366103,1.452205617367866
5954,-0.9536178426576355,0.1105240866579704,-0.10924947878842363,3.4767302043408805,1.160447903821893
5955,-1.1270656679242175,0.03405074755712025,0.022661291053591364,3.6290162625725872,1.3513590256223673
5956,-1.1830019312100972,0.21441810588237342,0.009922100319612853,3.7465218085091325,1.4452592414200733
5957,-1.195321655631742,0.23756300724333723,0.019555690330576088,3.793905938699302,1.5152418379110097
5958,-1.1778815552396633,0.2375046672719518,0.004559086767794178,3.7884150257146016,1.4875116624929847
5959,-1.1046791999814694,0.04730525008479592,0.008154230774168589,3.655948092790486,1.3516212302703101
5960,-0.9433648997856205,-0.9791638930060853,0.40435678680526455,2.251244822559497,2.4036968466436726
5961,-1.055004449867663,-0.6298677942729725,0.4020601017568675,2.472543857512479,2.67860654968565
5962,-1.2665180570802892,0.36811392903019796,0.0397329724579937,3.8803256237190173,1.639491459399648
5963,-1.1686339783049136,0.33622176398217213,-0.028381610984508934,3.759620412797219,1.4595573682654008
5964,-0.953411344047667,-0.5896910168745481,0.025962370133666972,2.9206939435035513,0.6132909460000421
5965,-0.9381978739120443,-0.6426670617466408,0.03497197472247689,2.8669094270135806,0.5528362201036675
5966,-0.9775478032621735,-0.45189232441069216,0.02667089365932371,3.0814563099266343,0.7821670300653334
5967,-1.5899267091863296,1.947467045807782,-0.2008243248225869,4.86268522095906,2.4045626143902057
5968,-1.0833118670190145,0.8093377317827919,0.08673970187636901,2.7550644416675953,2.8789664752513424
5969,-1.0757839640708025,-0.9462517013954588,0.46193965492763145,2.0922194585560905,2.2927899244120464
5970,-0.9981409096015714,-0.5555793230764863,0.047230248031286885,2.8599755640549427,0.5728497799929413
5971,-1.073125146481362,-0.40949838721463244,0.06169484678648947,2.9846239915185966,0.7097908288404796
5972,-0.9831531800677262,-0.6407714075757515,0.060916219233133576,2.7743188873099336,0.4879581755200039
5973,-1.093304736904131,-0.39695955648813397,0.07482689634585718,3.0615066634621284,0.8001034049824597
5974,-1.1696110153040824,-0.1512492990213391,0.057956578493639006,3.2255765738063618,0.9439208671703512
5975,-1.0677408769291699,-0.4300500900478107,0.06679295986791162,2.947885795388861,0.6974421787986516
5976,-1.0566884029118622,-0.5113462455446384,0.07593568028169526,2.8444647835707557,0.5720233641245924
5977,-1.0348400311559869,-0.5818477188572144,0.08146117162844883,2.8347289209671644,0.5729601386946315
5978,-1.0916380696312715,-0.380076501093501,0.05516668118747417,3.0441129225962644,0.7382265994448007
5979,-1.0568211050004856,-0.4831642025218898,0.07190920642356856,2.952381946305454,0.6879821783656127
5980,-1.029331503001987,-0.5462487702396512,0.06888843812405396,2.8647548985893625,0.5951142624012048
5981,-0.995363603888818,-0.5727445163240734,0.05198629993406314,2.8389668577104454,0.5174628143712238
5982,-1.0206208388694864,-0.5612280201989864,0.05527120680039615,2.907205158329325,0.5911997072483078
5983,-1.0685189822943633,-0.41825598079717197,0.04539931249605238,2.9972390714991963,0.6707986375154887
5984,-1.0982289148618178,-0.2752313135674877,0.03965574434730158,3.131240292383367,0.8239676561503416
5985,-1.163515664381231,-0.16306239166083053,0.05074498859758232,3.239864883793529,0.9120796124385632
5986,-1.049848989713615,-0.4354921824106792,0.053072108161479684,2.9780333448446457,0.6594238372531117
5987,-0.938109712569728,-0.6607949509746233,0.0321520579946818,2.7340306746680767,0.42104654925879786
5988,-0.9793571197805758,-0.5236909897779654,0.035114707518876326,2.8947609816728908,0.6061141901546223
5989,-1.1132109614151293,-0.30753587837777574,0.054875995024147695,3.113551413597122,0.8017437986552164
5990,-1.035004153696328,-0.5590541364714305,0.07107437152556122,2.8215605212755017,0.528792362861355
5991,-1.0806946174839944,-0.38699295280306817,0.05459167371545058,2.978512542048614,0.6789549825452587
5992,-1.0305284752669814,-0.5295940715048989,0.06281273927809021,2.8424190334812125,0.562053809296988
5993,-1.0967474994896282,-0.39444735174665413,0.0648953512265347,2.978498947727254,0.6860180022967776
5994,-1.222055618190097,0.09285468006884545,0.020880083744622604,3.3490696193740472,1.0046418776991821
5995,-0.9907671415133438,-0.5951117773344861,0.05026741887679716,2.858128378551511,0.5292969768499163
5996,-0.9420373439754012,-0.6816117143923431,0.04562631247347168,2.77910167915235,0.47332930523218386
5997,-1.091447680717235,-0.2946964598800051,0.034488542044966375,3.074172465522843,0.7602926752934698
5998,-1.081009045195799,-0.398147522071008,0.05433831342625489,2.9764380170316067,0.6774290783443467
5999,-1.028981408053477,-0.5328078583032603,0.055805399746119685,2.849374027870929,0.5573465083251704
6000,-1.1579589980189222,-0.24768265566286804,0.062366110731278915,3.088628083510106,0.7884255180800614
6001,-1.0641928355378896,-0.4399977944758148,0.05776470767366778,2.8714505219085678,0.5643209300011544
6002,-1.0217342969968575,-0.541731949758763,0.053300889853932,2.8420399083223677,0.5277528130448618
6003,-1.1810169277603098,-0.12674885236808567,0.05759719361363819,3.2478763436710008,0.9421708520289315
6004,-1.123949017311359,-0.2963611255092342,0.060510890138399394,3.113140174530333,0.8043625940158853
6005,-1.1288201070035015,-0.2930347883425759,0.06673670498674654,3.076461254981684,0.7896291781686783
6006,-1.1080591242796907,-0.394560727059748,0.07408961993942292,3.0335322677921357,0.7442821635832024
6007,-1.0626428435306798,-0.31795662627489674,0.02059465716763253,3.0311303808010637,0.6649288170234334
6008,-1.0879601515096187,-0.25364801191970393,0.02989027975825421,3.1541598722020225,0.8268512439790323
6009,-1.1366293480940868,-0.3195019438965126,0.07277158491955105,3.0462232435947065,0.7553015153817598
6010,-1.1013358166125884,-0.34939675497253103,0.06321094518390208,2.984406038456254,0.7009691849840276
6011,-1.030891894334936,-0.560708481254073,0.06660304608200515,2.816493419273675,0.5386267577323486
6012,-1.0442875789696233,-0.5311814446572626,0.06586327966282111,2.872732340819128,0.5764110122018755
6013,-0.9233192247965016,-0.6412943075714601,0.018733832185398164,2.7184071575132918,0.37173050165913396
6014,-1.0617587343094024,-0.4589071366722065,0.061719095047359424,2.910692203687572,0.6320852404753675
6015,-1.0445413053396415,-0.5583387659310073,0.07040139831089764,2.828657261834571,0.5221375474734335
6016,-0.9808718717961966,-0.7075222489743399,0.06922413063216236,2.7012058882515015,0.4090865147399907
6017,-1.0275495980001108,-0.5809989389224688,0.0731651585407476,2.793510619746331,0.5106752507328249
6018,-1.092645369435197,-0.41521216098426417,0.06586942299868727,2.965265079459388,0.6694102991135437
6019,-0.9985602719227479,-0.5490674623340938,0.05301999306205586,2.778466491236105,0.5080205507595618
6020,-1.1847262807009034,-0.06720635517374335,0.038180979975574784,3.2133027393651012,0.8163676444073026
6021,-0.9484745458190044,-0.5875153838511414,0.015134734876706026,2.5203031978367734,0.24574174432362372
6022,-1.0765035128276366,-0.28073419280096595,0.026434269318689606,2.890812312115176,0.6087072899058947
6023,-1.00732722290624,-0.6448260844288696,0.06610659914564114,2.722734327405529,0.44298127581115215
6024,-1.036637667518934,-0.4866893649624046,0.05060389467066211,2.6673215831691244,0.38252035841605087
6025,-1.2194346495026192,-0.03471461096587122,0.03486848174012964,3.2335863050840006,0.878007158826872
6026,-1.4751947167128443,1.4572679711521592,-0.12083797522975183,3.3658450157736817,1.1308793922966651
6027,-1.0546458019419993,-0.40613993743717874,0.04733496122200362,2.975872834809598,0.6522790441735479
6028,-1.0514774885917721,-0.4298709643040236,0.04947164536005768,2.812954434662109,0.5262125395191589
6029,-0.9814336783690465,-0.5499901234513659,0.01498891688490947,2.7598987363942658,0.43352950603233126
6030,-1.0711616513942213,-0.4725047531751089,0.07247806868715534,2.853712414069683,0.5858342554065463
6031,-1.1466464752657648,-0.2637002053431148,0.06911791166261602,3.0856674858087154,0.8026552814691831
6032,-1.1354593056675326,-0.3098569916306925,0.0730976671093951,3.0360401554374232,0.7575324812255425
6033,-1.2278039226885618,0.002952398026290213,0.055987829856886405,3.301415119173822,1.0170420638732554
6034,-1.4121829873124012,0.5471622116266937,0.02588429875614068,3.7256980180127224,1.3938167786460145
6035,-5.408410521204639,14.576671055216142,0.7104337705676651,4.957848798713756,7.420376101611879
6036,-1.1722225854841932,-0.15866160148209035,0.048111099545169615,3.1930167059859142,0.8339286016024742
6037,-1.0451512482922019,-0.4439900911700051,0.04863578918170317,2.9962918925494955,0.6927180734329274
6038,-1.0991298007736228,-0.28523240284499185,0.04270458884277358,3.117638785657878,0.8003520769760893
6039,-1.1051536897204397,-0.246671181126413,0.034217607605335404,3.152839657314592,0.8250417914311989
6040,-1.080789138051047,-0.27581813637740077,0.035718261586992574,3.101296098690379,0.7957185539706444
6041,-1.0476652080743818,-0.38422872612736275,0.0449505226014009,3.0291891208991593,0.7293910153054584
6042,-1.1273333085687465,-0.2325096317351181,0.056947125945850025,3.2818795441938096,1.0315545776592674
6043,-1.1707973982199473,0.008574023946191882,0.011104387433730354,3.358326746538585,1.0060463825821748
6044,-1.0307399165877555,-0.43724259224900497,0.0351996543432274,2.974705330250179,0.6699597268398542
6045,-1.1446618460319604,-0.2605990221395877,0.06601130332880707,3.1638309109046068,0.8619358616734617
6046,-1.0172189056506584,-0.4843629044080093,0.043176443182255664,2.9993602387428355,0.6965245827553875
6047,-1.0653108131448417,-0.4449517986118304,0.05846533903465378,3.061543934473891,0.7611733570493893
6048,-1.0906860424355151,-0.3246963889284854,0.06734059319776958,3.1810803165350086,0.9158851842565876
6049,-1.084663519824483,-0.35245633703715074,0.06904111092507195,3.1344533634421388,0.8720664087826295
6050,-1.3127261599836684,0.3432346492682478,0.0425125826587106,3.7144079126466236,1.420246579284077
6051,-1.257463846236466,0.13124570917719663,0.05359909161181803,3.5645328412785298,1.2765679248711737
6052,-1.0837073263103731,-0.2742082487620491,0.03235171945426621,3.2065336903789414,0.8852161247516681
6053,-1.1068639451691622,-0.2124234578653669,0.03365384743868894,3.229089269341717,0.9214584972039503
6054,-1.0785822749819545,-0.3332266559259545,0.043000854323044804,3.0121269359668754,0.7075757982598262
6055,-1.183288541703919,0.0396118122315925,0.022945247970270824,3.3866708858198398,1.0749764196391731
6056,-1.1393496287940554,-0.09177216047678445,0.021064532309356586,3.32573535897564,0.9883592266273237
6057,-1.0793394044203464,-0.16994711961851677,0.005450701743740992,3.211885094984725,0.889433949091938
6058,-1.1424020647940714,-0.15857635815420312,0.04751354481694491,3.2062561828505354,0.929209069484831
6059,0.35783263172738167,0.4094810582720928,0.07576725311157713,-1.1012619653524285,0.14344243806076665
6060,0.4280592285171005,0.3668322192848242,0.00023498153952122513,-1.0879103171046691,0.16785091857020423
6061,0.4265621954326095,0.3231654948264302,-0.0985860661814317,-1.1260205787077717,0.15714591995080293
6062,1.9148890276919843,0.42558524925519364,-1.7597294611568812,-1.1793138463084276,0.1318679089023634
6063,0.7351076078555873,0.0636567219911041,-0.43000315065073325,-0.9783703001775501,0.21983084702628305
6064,0.434141871313438,0.14855124232403286,0.06175206033091407,-1.071793234036901,0.09073252072503801
6065,0.3654522436587322,0.22201104938975363,-0.10024179761099242,-1.1241789642165738,0.15021305054808376
6066,0.32009181781580587,0.1878205463047511,0.03460430230515454,-1.14686654473065,0.11026847288195937
6067,0.3185858459677063,0.49904127763330947,-0.113802264156262,-1.057974363271441,0.21387568491451242
6068,0.31445497634114494,0.29067084750777605,0.027343263274031315,-1.1487013774296206,0.13520801895124485
6069,0.36966601292825174,0.25224207743685473,0.14344260506826137,-1.0960477012014134,0.07323219795461858
6070,0.39224524350959744,0.24771155398469874,0.08595681679543338,-1.0873817843002702,0.09090636161595116
6071,2.4615539644068223,-0.08116480624589117,-1.9979373810156236,-1.130647346944803,0.10995900535897841
6072,2.438907393858786,-1.1465710169991659,-1.4374561224222129,-0.8088406613208009,0.026171837572457814
6073,3.2063784295059445,0.3202609656731305,-3.1656551338775674,-2.2041492224335824,0.07313488797061839
6074,0.739883455124005,0.2177514716849602,0.46837281118667395,-0.8663161553389572,-0.12591979560964223
6075,0.5813428493173307,0.25481173697342774,0.363364174003924,-0.9535884613629898,-0.0387568365436791
6076,0.714871747177272,0.08025375297730783,0.03914014697674954,-0.872194924569269,0.08559274268026579
6077,0.5526447018513585,0.08786767047257074,0.01103659220880338,-1.0179310693296135,0.07591037786171087
6078,2.5074025874486447,0.7083024936511588,-1.9281501982640434,-1.3720877840819155,0.014314807156078961
6079,1.78977840917668,-1.1320815768160877,0.3128679192678228,-0.20011886223986655,-0.257013689912043
6080,0.6091458221059007,0.3366208890890407,-0.24183031540757455,-0.7932732535888369,0.23037295304446243
6081,0.60578807592334,0.09148806095886912,0.6872576855166593,-0.8123534044729858,-0.12885666264327925
6082,3.7625861251377692,-0.771827330762957,-2.791584420603011,-0.08326485950757331,0.8106428554057247
6083,2.198369126277032,-0.07881644715146933,-1.424619939330465,-0.7307169843486897,0.12529658451868955
6084,0.7924606397794302,0.754924040178865,-0.2607762908057589,-1.081166928350022,0.1949981538120079
6085,1.2781892232269838,0.25318115188673285,-0.47062200887321726,-0.8164561008769942,0.2155579712879616
6086,0.7065104144670977,0.6056858850644867,-0.17181250959323766,-1.2256526375468384,0.10393912889651177
6087,0.6962637569891896,0.724919942281372,-0.12370699987463031,-1.2552399797555898,0.10280401223252102
6088,0.8032498402002181,0.6330325103242807,-0.4080276346418738,-1.222825679041616,0.1588091974877336
6089,0.7890288187496189,0.6090585323016071,-0.09256079552389285,-1.2019085892510573,0.0587150150893101
6090,0.7603657057073732,0.6195927503688382,-0.14514012516934022,-1.1304447486292983,0.08903821495285502
6091,0.7379668077168355,0.6412847491308575,-0.08892252838303344,-1.2094695164419336,0.06967215386438359
6092,0.7206412535879374,0.6001995845338488,-0.11005422519722985,-1.2319371390806244,0.07759435552009393
6093,3.182826585975422,-0.023719185893935884,-1.4206398441217445,0.6591519971625679,0.7728709996156329
6094,0.6439805496048211,0.7203889327378555,-0.49749530804794756,-1.3702051358731022,0.21949488126586303
6095,0.7795155262508575,0.6715022355533364,-0.1343061651087622,-1.1376340052942273,0.08487516025660159
6096,0.6993627147119248,1.254956158161309,-0.43815246945964403,-0.1377037762666319,-1.387672276459448
6097,0.6597428560176046,1.2739275596893316,-0.6772128640184171,-0.24494009249770943,-1.2754123620718794
6098,0.6931264251910106,1.3369261038044924,-0.7069854716458231,-0.1876600139689518,-1.2443075024623746
6099,0.5815399293088365,1.4279619121762568,-0.5508462751398022,-0.25374186799973963,-1.2993876697833149
6100,0.6216106060997942,1.3441086280755354,-0.656845894028059,-0.18408866826564335,-1.2421812764436861
6101,0.718803972988562,1.2812904010959598,-0.5038418985137346,-0.12768798204414672,-1.3606005552646747
6102,0.6097665854575215,1.4652292907863964,-0.2805784309615846,-0.1267728707003729,-1.357154956174325
6103,0.5317393710823529,1.2867931118869427,-0.7635704898025003,-0.32198640464126,-1.240557809347511
6104,0.7119897340959137,1.428930133286584,-0.5691305498837663,-0.12923909465899908,-1.2769664100428835
6105,0.6019782287318388,1.5013337533334694,-0.6142892318737361,-0.14466574865024112,-1.2381490435657307
6106,0.6096534223782818,1.353690172219589,-0.6808226302629458,-0.2117132641103926,-1.2540513671124387
6107,0.638525934066196,1.454420012251154,-0.4588090623417417,-0.13389859807203291,-1.2899846371207793
6108,0.6087496445619361,1.3179458650603828,-0.5992248972817598,-0.19724239201469407,-1.2793164638120424
6109,0.6828256318545899,1.3106843862745465,-0.6360013070504243,-0.1784946803530986,-1.2799584711530347
6110,0.577283052247116,1.4275676056945965,-0.6340843510974647,-0.20885850509459764,-1.2340409194114628
6111,0.7347219323150971,1.1774407440746253,-0.6499609051168922,-0.10177400866565278,-1.3028110743829677
6112,0.6145962599492982,1.4806146472710826,-0.561321891078723,-0.13905655808440834,-1.2470196175463444
6113,1.1785699568579016,0.7815198362514356,-0.8254122512781029,0.1191822349325541,-1.3545833130371765
6114,3.845665258822718,-0.8583344337668021,-0.8435507403009641,1.1171663545002122,-1.7123321012549826
6115,2.2321998835809067,-0.11981399860000527,-1.0989978306855803,0.5726057151046728,-1.4793289508209442
6116,1.427684351153353,0.41063008208890034,-0.9226687132204954,0.23658046396190757,-1.36320409115366
6117,2.3314014290453544,-0.23662094391337235,-1.5046340411152803,0.5683768868775588,-1.3137193951738715
6118,2.3395240104173154,-0.4195452239861961,-1.4019954087624125,0.5490398566940835,-1.3581487075456562
6119,2.0654981886333483,-0.14875925661791495,-1.2830408276318532,0.5723578935932465,-1.2658548567831085
6120,1.107983064016906,0.6723654247267976,-0.974822551472248,0.05362236783824314,-1.286166488106489
6121,2.752924259294037,-0.4331072626525556,-1.2304505590264596,1.0003111493458292,-1.3151399688092842
6122,0.9668171644797544,0.8813513321796376,-0.7500770797030456,0.06910741633471457,-1.2624325350017442
6123,1.028715015356921,0.7419576957061637,-0.8576153244254635,0.06043232465824429,-1.2800618769037615
6124,2.4813523225992986,0.024774477175688706,-1.358678665424315,0.710474980145678,-1.3819665677738069
6125,6.316731257868385,-0.8016823475247057,-2.7241036558708798,1.5079746303033408,1.5656782596326986
6126,1.13246046519038,0.4195092610603557,-0.4083869750901822,-0.9582887735985942,0.1346263065226878
6127,0.8458099450184199,0.5045581790275172,-0.35804933790683563,-1.142249984467333,0.12037696571002035
6128,0.7554613614435727,0.6420246926078657,-0.3923243512645675,-1.2288422671383077,0.15970711912198468
6129,0.7945778436724323,1.2432136325921206,-0.6986383191766333,-0.1411896906191393,-1.3190258164847537
6130,0.7997404482919925,1.3139047346868555,-0.557755947259089,-0.11602187260435351,-1.380943891968588
6131,0.7305722752083915,1.5653562055374226,-0.5137112084061908,-0.08435897704723913,-1.307217102901606
6132,0.6935890588685891,1.4999006957560508,-0.5748575427923595,-0.12284807822957862,-1.2907694648586414
6133,0.7629488804303995,0.9483443098571156,-0.094652799350834,-1.1422470095369506,0.10160586007435864
6134,0.7308756231219008,0.9401647168383251,-0.13421524762466383,-1.168479418804737,0.12293312274317644
6135,0.7859627143328743,0.818235064867065,-0.1834318762327632,-1.1738868561487978,0.0901513871017777
6136,0.9586644668624219,0.6814133240198824,-0.3750439182036302,-1.0899942803684062,0.17419885586151523
6137,1.0404253544764759,0.6208269510436126,-0.19584783968564898,-1.0042028567780328,0.07871831808832735
6138,0.7286089607990032,0.7958194638521039,-0.3591219705313865,-1.2516828265948312,0.147983942465569
6139,0.7643638370980599,0.7238847888083332,-0.28397753341963683,-1.2342552613856288,0.11138886958331871
6140,0.7909122026686959,0.6743906950659349,-0.21450564193632446,-1.2143001681729022,0.07034152395953193
6141,0.7799386956917593,0.7546088066782847,-0.30766570290293405,-1.1961669930513068,0.12761800812584034
6142,0.7873957703774137,0.6553945819689163,-0.3562982491076441,-1.2341196905843153,0.12244259840834007
6143,0.7634651263144581,0.7706303820727217,-0.19277598727186754,-1.1679533613680566,0.0985298676062803
6144,1.7962023780648673,-0.04062247849912093,-0.07007352590927782,-0.5464030332284747,-0.18950895244416657
6145,2.849192012990537,-0.7796363469107467,-0.0994460005810995,-0.057668184887157144,-0.31544105937445466
6146,2.6726637333702485,-0.5806950501307588,0.45603107262646025,0.047291008799919834,-0.4265939160239577
6147,3.0464350698686284,-1.0674811253453957,0.8615604163381764,0.10340936665793767,-0.7160339909139589
6148,1.7151160227036213,-0.2080201644669289,-0.2357050897300177,-0.6912531141715265,-0.17127925940010985
6149,1.8802118816690792,0.1668084100964851,1.3886448089118604,-0.4323744142556834,-0.7662679554024336
6150,1.899252597205198,-0.2985100693305105,-0.8687664392249314,-0.875695716826654,-0.10633543554444955
6151,2.308507846106893,-0.14825440377571317,-0.4754086175319608,-0.6795184505360781,-0.35608177963762616
6152,1.9304430683878386,0.1680487429894261,-0.25362551406280615,-0.6910981004681612,-0.3524600551046807
6153,2.173532213687643,0.039182094291591044,-1.3673479353205387,-0.9715814973075492,-0.06772915114478115
6154,2.2121187638682382,-0.4538908916098059,-0.7506252724089021,-0.9014838657605322,-0.32581438838866766
6155,1.444344297163954,0.1613927444024348,-1.209865911681303,-1.0806919362560283,0.1253847160472272
6156,2.23488488883381,-0.25670465243965535,-0.29048726521934687,-0.7216445686569565,-0.4643196158102151
6157,2.5477627439494888,-0.15601411271999388,-0.9542906531732687,-0.8180029477076773,-0.3079616723276351
6158,1.2402042306034466,0.13905750616653265,-1.4478664159681864,-1.2953391682585096,0.3314521247297533
6159,1.2639613584550993,0.33395334629376583,-0.8381879007651271,-0.988668691147921,0.1707490113387857
6160,1.4313255406440888,0.08260124808854538,0.2728168160663225,-0.7766209502542979,-0.3178920174049396
6161,1.633231705134621,-0.08272552274449144,-0.4367534491915289,-0.8403238382305886,-0.16799256996718132
6162,1.3797781146254469,-0.0037761892511901174,-0.2268763843947085,-0.9292356346473283,-0.183807440954037
6163,1.2666458641878207,0.43301120103659796,-0.3652845178324318,-0.8681587035763377,-0.028524221627675955
6164,1.3389474634877376,0.06622356914240869,-1.4499809563641743,-1.1847449080747994,0.34153653298099473
6165,1.1259936669192108,0.3736175382815405,-0.48359623097614324,-1.0162471344797528,0.05154304240366218
6166,1.330068613566435,0.06736329149092861,-0.3982162624602584,-0.9196843805790712,-0.03569809569447544
6167,1.3235606794618655,0.18042084395520072,-0.1501776603847743,-0.8535636319790957,-0.11649239838954104
6168,1.440438278913772,-0.11186212595295407,-0.9897054801279385,-1.051604666899447,0.06823195996090527
6169,1.5668424346751602,0.18519160569504872,0.4885253352432982,-0.6017855035992127,-0.35722217723274485
6170,2.1438804823040125,-0.01565087927405439,-0.3363306667710614,-0.6103680463873628,-0.3362595290693505
6171,2.159349915408193,0.016943905108572146,-1.3157354917740143,-1.0529971621158092,-0.15401172059730237
6172,2.778462769724585,-0.4265864261617802,-1.5515929576525247,-0.49595471661751783,0.14184404719565408
6173,2.2500908264163924,-0.4014397089433075,-3.422208963157781,-1.8926391127261102,0.5583753167434522
6174,1.4995385560367018,0.5624080180337094,-0.52683914627631,0.3448920721602451,-1.63476443961258
6175,1.3070591874929605,0.8215269503890772,-0.5733121398927783,0.23691982361750774,-1.5792932877294812
6176,2.2071469776552157,0.38487254803201276,-1.9904307220626907,-0.2108989874529259,-1.54660047768878
6177,1.0866795011773116,0.8855826592574261,-0.6073018278530544,0.09616806660533764,-1.4472428973845304
6178,1.7114471972333474,0.0833445940166422,-1.3826691669094104,-1.0141004702284007,0.12993348172754113
6179,1.1364859796488036,0.6439656216003257,-1.1006163503144764,-1.0670206334312549,0.26405765357171956
6180,1.5342067514787592,0.7377004498537564,-0.88716368990027,-0.769769621388227,0.08190837308295158
6181,0.8696157426838883,0.6337987076986775,-0.9526744757988365,-1.2644318232836966,0.26303926256801136
6182,0.8547172362039744,0.6929250097847742,-0.5266571481021991,-1.1482701322296611,0.1913933457275976
6183,1.9590393885505997,0.15542939732370867,-0.6350816539094969,-0.7452558613248357,-0.20683179982530178
6184,0.9335403125615797,0.539549682261274,-0.571487895154503,-1.1014878640742745,0.17548426354082808
6185,0.6912034589210834,0.5949153575241743,-0.6727397843679417,-1.349863383383836,0.22089637992686417
6186,1.7411113012046502,0.27836860685322196,-0.5383024969286819,-0.625270537096147,-0.08487701585175278
6187,0.7444648913520647,0.628220177100431,-0.4417903476672768,-1.228116107849628,0.1573570547257605
6188,1.0371120230092243,0.6369414772070717,-0.6096639230149884,-1.0093340310370895,0.11929699152739183
6189,1.3251357797661334,0.46180968268348854,-0.784119675703283,-0.892264429949917,0.10148684702924168
6190,1.3373233394382362,0.2846028781389364,-1.0318655840281845,-1.0277212476214592,0.15305722776904637
6191,2.4282774219898817,0.28039684545245597,-0.3740094717563701,-0.5073917535037258,-0.3835634256933276
6192,1.582410363142825,0.3735231197913421,-0.9100248924612496,-0.8849744112579614,0.024371670217139874
6193,1.8009544886672153,0.6613540312821238,-0.9750062090961443,-0.6687509212248657,0.053414240547577485
6194,0.7028419430313082,0.5790771407214033,-0.4234255284293937,-1.2817630464504621,0.13161884612244976
6195,0.8708692086476852,0.5346735445034342,-0.31589510412165633,-1.1407665238177964,0.08042614675999638
6196,1.2611766221462588,0.4458951727960514,-0.49204131699088993,-0.8981808672034591,0.009969653842889158
6197,1.532024281884927,0.24168226369043938,-0.28948771010994806,-0.7519468661179995,-0.13235054797420995
6198,1.9296699612275394,-0.2141643899363652,-0.9757013867824974,-0.9823723497935585,-0.15045011389980936
6199,0.7822312412491901,0.6052531611927733,-0.16775162735379578,-1.0953796279316288,0.0778684045612801
6200,0.7465367741076976,0.6765653278998154,-0.5344540260545274,-1.2085146211717703,0.19060700539296574
6201,0.6389589479843684,0.7273120470162802,-0.23681660791770615,-1.2226462344280942,0.13678066094625727
6202,0.6737626650571681,0.6951778420142715,-0.36215856899759474,-1.250745520988839,0.14933876749406988
6203,0.8136406471503576,0.5612260636009994,-0.4185107215583837,-1.1866382719308297,0.09299136920376001
6204,1.056970521469877,0.800352943283523,-0.5923629906562845,-0.9515365741648654,0.13143265187779832
6205,1.2165189424383929,0.31944382471104577,-0.6582584186481613,-0.9876315997158247,0.044006088567467155
6206,1.359200750517347,0.28316099355346297,-0.12839037124389752,-0.7269742319055866,-0.07436357000933347
6207,1.0109232693042352,0.41558703639311956,-0.25928488350392337,-1.0043596148854146,0.028083751841535245
6208,4.109543354112176,-1.658066381186293,-0.2276928329336254,0.3324043859931794,-0.23723586218217393
6209,0.5375148289495149,-0.18826797595322511,-0.460069270200576,-1.1021672602347081,0.16865247221492138
6210,0.3332712119488443,0.7338196465399508,-0.6442209206562177,-0.062302378653344676,-1.2354537839273179
6211,0.6032571968354271,0.9424223357682625,-0.8025177004489895,0.2319046467418795,-1.2143693343808084
6212,0.8725761467748399,1.1307730127133542,-0.47612501317542416,0.49467798083269215,-1.384000575617192
6213,0.9208046745500855,0.8917124566098498,-0.8230788319885146,0.47777233581772294,-1.224593645668358
6214,0.5580236381518497,1.2059191200433519,-0.5930609424924199,0.37785813411941044,-1.1712593249393035
6215,2.0010480085437843,-0.7130819425258081,-0.5066618583028428,0.110539280276093,0.2708839025178749
6216,0.8204946509635095,-0.2024931973206611,-0.37741638883278245,-0.8823398984891159,0.15914043157381294
6217,1.1354791683899956,-0.539795515665311,0.008914585413356354,-0.5533019900387626,-0.02901972515826849
6218,1.1034167966441395,-0.582159207133391,-0.7256228886948203,-0.8062388563147389,0.213149568848896
6219,0.5239767727978978,0.25095314702714094,-0.2208959652331243,-1.0306334966771538,0.172827668909911
6220,0.3568939078146439,0.2797980565317422,-0.03890626903681818,-1.138488272042884,0.12624674480616255
6221,3.9959758562981764,-0.5648580426591265,-2.7945834554326465,-0.7877876813110564,0.38810027708544437
6222,0.6530052401664994,0.41725774695400786,-0.25827642950280333,-1.0322768215092843,0.14339237325308363
6223,0.6367693714571487,0.2872735262454495,-0.25711165296914534,-1.0994383787066961,0.14851758492408076
6224,0.7959522920496016,0.6474789191751296,-0.5645006713311513,0.022193227690612535,-1.357827366069894
6225,0.8560756471696054,0.19239599517867945,-1.108185945128151,-1.1626229483053123,0.3977306931068931
6226,0.7621479782124099,0.23934807818204745,0.06078126014322016,-1.0364339420325355,0.030526905965171824
6227,0.5338041797506597,0.9463263739658123,-0.5556993834552353,-0.18660390852781358,-1.3240710699692528
6228,0.6287826359262862,0.4251987016175196,-0.22274142070413747,-1.1358122966487423,0.15599056523452962
6229,0.7612054342200915,0.17444495316577135,-0.2389548372031332,-1.042423551492368,0.1022636417094173
6230,1.5287500004914054,-0.5668036523677167,-0.056395450863018774,-0.5198087574296307,-0.13332440863187622
6231,1.4866100493889152,-0.075113442206619,-1.2473909280952362,0.23782797481488113,-1.3517138669993918
6232,1.898035938671783,-0.872943576662844,-0.1479762042331683,-0.32902504709260727,-0.14082565098978853
6233,1.3577893645542696,-0.4250202984827389,-0.5164768153269399,-0.7207807560288749,0.07718095921296753
6234,1.8932705447264957,-0.14305525267290042,0.16562594701360556,0.7406105439974131,-1.8999701218257952
6235,1.6684663578537646,0.05723665510836029,-0.2629966984681586,0.7535923705832922,-1.5519170891535239
6236,0.6395380287920084,0.7035199817204094,0.5569604517513764,0.15564025661027098,-1.7145143634392175
6237,0.3667830977097408,0.9867686881496104,-0.8237444036879741,-0.08726586920060989,-1.1325794180126552
6238,0.31464094900748274,1.1845148524513351,-1.3917809380717443,-0.33253815907683043,-0.8970715927846644
6239,0.481865429066374,0.8365881401992812,-0.8760978032488564,-0.13286355479902873,-1.185525605565056
6240,0.23660610591185485,1.308036619299031,-0.5206209882230569,-0.035817244461587225,-1.1374913754331812
6241,0.6095940836497656,1.0407983244126566,-0.4249814570640852,0.13029293106059137,-1.3192881720613203
6242,1.1156476148825893,0.26970614194604314,-0.2776329693039897,0.45458658089562237,-1.5075610509446564
6243,0.653457216148284,1.1072391210705463,-0.35585431419411456,0.22344990584717667,-1.3194848964293922
6244,0.7881410392144451,0.9294852324234132,-0.53056464317654,0.3065864157909788,-1.2921618313961076
6245,1.83717588622841,0.19625623647868207,-0.055908345093504515,0.7685655487385656,-1.85256908231907
6246,0.5639804531210367,1.0787000715181252,-0.7936463557718275,0.10823467670832938,-1.1705608913555028
6247,0.3429841616301221,1.0526049706903668,-0.9112159907669488,-0.16231362378622416,-1.1128036712430713
6248,0.48180901324960956,1.0763613492270818,-0.6667767514830937,0.01578920682078345,-1.225846977930056
6249,0.35157126823474233,1.0253956316925932,-0.7675672709314821,-0.15557870211717703,-1.1403398094853656
6250,1.0738113501408029,0.2453383455603107,-0.26315246595514447,0.29710177714186514,-1.5670655108654779
6251,1.766015310192525,-0.013430995729991745,0.4945392789975098,0.8068144433782158,-1.9903133728148426
6252,0.39131166042862575,1.3039831511795656,-0.8989849128706338,-0.019480038856142703,-1.0878374310754837
6253,1.2309937150190018,0.5574407447576731,-1.1553611761204423,0.19210283237302192,-1.376027223221411
6254,1.256341681400287,0.47355628402020566,-0.6679459080421885,0.5028317681477784,-1.4309554197199097
6255,0.7898931535555536,0.47979639163540255,-1.3440062352224043,-0.006496085499212019,-1.0868548454313656
6256,0.6607503995591638,0.6732661321296171,-0.5570499112153953,0.0917125846858742,-1.3194000515864983
6257,1.403553259989719,0.5398120362374889,-0.7614217387492361,0.5648729857125787,-1.4012700740167545
6258,2.8231045642326524,0.0543015662451372,0.08730888477032935,0.760883064686096,-2.2415607985077575
6259,0.8945096819467057,1.2641133460244278,-1.2842800456764665,0.24346530756380944,-1.131317073308679
6260,2.361439751717242,0.06083054643713916,-1.400175513369196,0.42417765146401126,-1.5065722974571687
6261,1.9333880349536334,0.23030290346043675,-1.453851334867369,-1.013940177221995,0.0598631156494925
6262,1.7775954079457956,-0.017715958657887724,-1.4819611948522096,-0.9586252517021446,0.2464319651975604
6263,1.7486760353450204,0.31713765169514735,-0.7998218083575793,-0.7672897579090037,-0.017958943553112887
6264,2.195600551105307,0.8700479761337677,-0.877998398367903,0.42648087296153064,-1.7477814387202715
6265,1.9184240395007546,0.7334215116254613,-1.700966974461355,0.014404398966749892,-1.4680741065758853
6266,1.6555222205431477,0.8144390084148008,-0.8267351435419863,0.4178973829789738,-1.445903691380861
6267,1.738503114778181,0.8327565761785285,-0.7836459951052782,0.3012018032143034,-1.6379042765951202
6268,1.5456672637937636,0.6421762690443092,-0.7108081688024298,0.13495942433409033,-1.6594920076394357
6269,1.5850961232552465,0.9792228417383848,-1.1480511305183303,0.16344055290250645,-1.474894984589534
6270,1.499267453583274,0.8065249996680275,-0.9223071387234321,0.22211184066915146,-1.480541898498615
6271,1.773521354822639,0.3386212546696093,-1.4023482773200775,0.05611607372488162,-1.4665114795480032
6272,1.9887507832712439,0.1597013590047589,-1.2093282817085063,0.26846792896308186,-1.5317913992297694
6273,1.189249597798139,1.3295743528124122,-0.49245759811070877,0.23407325580775126,-1.4707026147496363
6274,1.9260655386762653,0.7474655395025899,-1.1171950704982196,0.41477364911501774,-1.5083688438127207
6275,2.0538207467594636,-0.019669904412514757,-0.7819095352887048,-0.6598696391172814,-0.14863967402880537
6276,1.5676601409228867,0.25771877997499826,-1.138336811529153,-0.8831599468708559,0.13552452298416284
6277,2.146747941125988,0.6850052299835644,-1.2533971474864685,0.06316691091461532,-1.7712114076427758
6278,2.5133045637685347,0.4282143922650717,-1.25605442420563,0.08960053336320316,-1.8411000184514459
6279,3.187248644217363,0.4241621404078789,-1.1964641405165677,0.15761536726378214,-2.028930472340342
6280,2.6559738765847203,0.09760921472432806,-1.2544142572518122,0.05771846758925965,-1.8728037322621196
6281,3.554188974455618,0.7573905192829294,-1.157430107681373,0.08578514364067194,-2.1134826511565743
6282,3.8398276897310106,0.626863467200963,-2.0270595584567617,-0.2164902512983392,-1.8429217684070776
6283,1.9031740746905985,-0.0886237688611466,-2.521346160040154,-1.4633068948609496,0.39195344250138764
6284,2.092843536784058,0.2504106019682765,-2.2761491826635805,-0.2308599760631622,-1.3783446745842391
6285,1.503912206068962,-0.22341074271583197,-0.540678133869555,-0.7985027929486131,-0.006766599794311243
6286,0.4936186674613444,0.7826060637307461,-0.8953404542916336,-1.4360528104128554,0.4233907022495474
6287,0.8144087898809104,0.6087974722498731,-0.6162745450357405,-1.1445239189362735,0.26692475877127286
6288,1.4912509911936194,-0.05789880951967682,-0.030127224000734237,-0.6528845160959992,-0.1031302936576492
6289,0.48177808524777893,0.8484963553168755,-0.22376695872441146,-1.2862240955088373,0.21731057258503758
6290,0.9648953975661291,0.5355492345066745,-0.254559741525469,-0.8905876821260552,0.2224988029623106
6291,1.3872310391927944,-0.16589058590439965,-0.8413556326553441,-0.9301976545768791,0.10706357571191752
6292,1.1173132135554498,0.30171811482075417,-0.1471581105943278,-0.8168770606573714,0.05512790200532347
6293,0.683489260566246,0.5837050715054168,-0.4928312909259375,-1.215114006758058,0.19610803964101217
6294,0.7100100557619212,0.5173810855153819,0.09122215297440832,-1.104308390441601,-0.0016255912831751648
6295,0.7229338115596456,1.4511195636449408,-0.9200966733189174,-0.02519942398098165,-1.2170069518737203
6296,0.9701574385064787,1.111234083471041,-0.6012941080713025,0.12223602524892219,-1.452895717947753
6297,0.7005681234991336,1.259711838590365,-0.7942353318990577,-0.10166261165209256,-1.3034283163370894
6298,1.3287579557251856,0.7543636934137938,-0.9280420351616111,0.15556835472959657,-1.5010071570261319
6299,1.1325464729743078,1.0971377764373709,-1.2005019617130788,0.12233777810513698,-1.2527815741329125
6300,1.8814908187428405,0.5793247768570425,-0.6838393784638752,0.29442162138889605,-1.8030196346173788
6301,2.93963101769894,0.04614884280394886,-2.08407749535249,-0.1751713948249373,-1.630993982667482
6302,2.662672983609479,-0.33805665212541675,-1.283758652282169,-0.965862704709686,-0.2230554650389668
6303,2.923173928437918,0.11247824878502728,-1.3089044215310914,0.31639893673034747,0.3977964498900998
6304,0.2897420035145833,0.28171581898539383,-0.3259020514957497,-1.2044254688014642,0.24326786975869777
6305,0.3295680873700428,0.2026170651978127,0.36038236994515993,-1.0957865727460803,0.010210117170118915
6306,0.32798490925668744,0.2783885009007211,0.23915895704247614,-1.064395671577707,0.058505941960652
6307,0.24213532914880795,0.31398606697242204,0.23093919048229664,-1.1215895549731274,0.1056743775870189
6308,0.24089078342842482,0.4161912301102229,-0.02277959773873506,-1.1388062823219542,0.20293671279376957
6309,0.2099154894289174,1.365302691826219,-0.4211799405264829,0.0633878267973446,-1.166476657616312
6310,0.1947900322523064,1.024469750216871,-0.32670853011907175,-0.1311281204839745,-1.2716172815841214
6311,0.18103066491101272,1.1530341160717918,-0.4373508313815826,-0.06506581211751289,-1.175139960853125
6312,0.24060736153291648,1.276634180450707,-0.5384882310014119,0.0045662172205560465,-1.1285584240643114
6313,0.4066002909888437,0.9334184907889117,-0.43071291756504954,0.03980825907166127,-1.2261237930673237
6314,0.28159297182875415,1.0194009950749985,-0.21918213919237214,-0.05355261857834368,-1.2992878145927977
6315,0.23263647896586503,1.0341413688517311,-0.3828979296251038,-0.08113340728263578,-1.2322330635357557
6316,0.4608425023257507,0.9003766346908562,-0.3190601537503721,0.05794555860744292,-1.3310527780732586
6317,0.5198418481123034,0.7040759603478863,-0.3554202676590953,0.11901562673504704,-1.3395597431403405
6318,0.6218176313473122,0.9007809748568427,-0.056547055107541336,0.21609748634720646,-1.4383312513379996
6319,0.3639458894319748,0.7657972820455667,-0.4288233894286609,-0.03766380697566468,-1.2860147548648548
6320,3.600464147151603,-0.5206960111170817,-3.362107021664685,-1.6269262077256836,0.3522494921284727
6321,1.189500176766962,-0.11129617462178985,-0.9853373493829352,-0.9400667034427236,0.2430118071369157
6322,0.6903190764257345,0.4734693292071742,-0.7562866658453674,-1.148588765419443,0.2896389082236151
6323,0.6777903991349145,0.4571276169980917,-0.4617988100558811,-1.1066080678575752,0.23920427557746327
6324,0.5432585081740035,0.5743682349676296,-0.7417436247964264,-1.2514404767169336,0.3799694409818112
6325,0.536078763375185,0.6391093821809619,-0.8532211803859872,-1.2742984296858697,0.4295579999409571
6326,0.494660080036457,0.6984766857055942,-0.4920455892519862,-1.2042568266983753,0.3417621792800018
6327,0.8384042971411154,0.5546966066590102,-0.2874118578054881,-0.8333631788917515,0.25453196073890555
6328,1.4175074754602834,0.1822014032484263,-0.1269265792455918,0.40451387206202044,-1.7379181628603382
6329,0.9697344619852524,0.5517406174043751,-1.072186661922625,0.07440559725229762,-1.216150413436047
6330,1.3559310418213393,0.21970625367529242,-0.5784259845420119,0.3723370867791307,-1.4976775419269814
6331,1.1975855693614077,0.32419629219882845,-0.733609192958211,0.26522740188407656,-1.4027540885560226
6332,1.0689938924842253,0.6546283717813878,0.16327254682022693,0.2664279393137362,-1.7052800215244448
6333,0.9905422612033596,0.7254793109891708,0.2880597847839282,0.24559990754879632,-1.721483315757626
6334,0.7983253988070736,1.0048989220268378,-0.4713632783422364,0.08828275778535201,-1.3796047980287287
6335,0.7234088197022686,0.9814715281718038,-0.36924347463962004,0.06134976564121599,-1.3696750400261655
6336,0.6222787083692354,1.3099108961230215,-0.6939561915573849,1.6563689161822272e-05,-1.2177125395183388
6337,0.46544775953728057,1.1703348230263357,-1.0248755617214638,-0.31838065337640403,-1.12134673409497
6338,0.41781929737275947,1.4487168722796633,-0.5861979343250461,-0.10060731463263518,-1.184247936821536
6339,0.6660524221321187,1.1112817625874,-0.5219125150480245,-0.011024371902661555,-1.2869180128006705
6340,0.47417127396940617,1.271231412621883,-0.64961001605187,-0.15540982762071442,-1.1845310607766746
6341,0.8496721803552032,0.7516770125883685,-0.5691229194412524,0.05521563254731465,-1.3818631262168268
6342,0.7151649477617217,0.8226031450495225,-0.7531953375104468,-0.08451508731254606,-1.2738198630050528
6343,0.78269958634817,1.3753299071204743,-0.7854483609617439,0.21511917527480245,-1.1240490677797892
6344,0.9696472151917173,0.7232055895587594,-0.007077604589348412,0.1789670618956181,-1.5731725530823681
6345,0.6949988343655921,0.9149083545513125,-1.0622374590398755,-0.15474494210894124,-1.1729659634360117
6346,1.0916807630794176,0.6936197646590158,0.3133385794160956,0.26721168501461107,-1.7666567359883472
6347,0.8166934251180994,1.1624127933636734,-0.7541736172131625,0.10025099497474622,-1.2805790347727704
6348,1.369323528515582,0.4479270676928839,0.2929540555352564,-0.582251169646328,-0.256686711690989
6349,0.7944933493409585,1.3267187113560241,-1.219362833993408,-0.04823715700196859,-1.1937110247395328
6350,0.3900656836957324,1.3454099523051464,-0.9070792831769833,-0.2525288853908897,-1.1088462345903098
6351,0.6181504201868747,0.9631740882615866,-0.778337366929423,-0.170153754638485,-1.2389007445214921
6352,1.477766086114089,1.011940730659901,-1.4726381350091444,0.1849460005517451,-1.336860086357133
6353,1.9139672792567233,0.48632462441490965,-2.269705203686728,-0.1428011958544797,-1.2901800437128699
6354,0.597982312911516,1.0732300319171084,-0.7898470362560849,-0.18858407492174015,-1.2111688178066435
6355,0.7993535325818397,0.8954907061920987,-0.2999041575327407,0.017290541571701394,-1.436333108857389
6356,0.8321861957674255,0.4742416677867756,-0.11375015855035628,-0.9717854966779369,0.1240259007151275
6357,0.6121522564005308,0.7504246435811761,0.2044751272854663,-1.11885258738369,0.05926210391540401
6358,0.6289003389646692,0.5014305458472208,-0.23350828684181565,-1.2739288941144904,0.1350979327494767
6359,0.5676839240559146,0.5562725587328045,-0.08824255108604066,-1.2391486476648048,0.11953576243990614
6360,0.6258626254814554,0.5112303784567477,-0.2457257415394261,-1.254839224330803,0.15471447079998854
6361,0.5685975967136779,0.6127735826384404,-0.24774255387447455,-1.2670900703073495,0.1618886202839135
6362,0.576808371652681,0.65122522794922,-0.23513858520690553,-1.3201706513538363,0.14097038643784585
6363,0.5674521982905802,0.6105500329575418,-0.24080335087033608,-1.2951866510721721,0.1295505173219341
6364,0.5630736933408117,0.6210331247613655,-0.12739391992097762,-1.3103261854824328,0.09431001015584925
6365,0.5904190428283852,0.4711574945039915,-0.18286626069166628,-1.3151048589297942,0.08699095175518291
6366,0.646559449912675,0.6090143387159458,0.12157512927881153,-1.1965470003731922,0.014007078569146533
6367,0.6214060022146002,0.5972167984202248,-0.15444230558154917,-1.3064490426539366,0.09766663607142727
6368,0.6160263254075332,0.4783313705853863,-0.10329670931884576,-1.2774514312663154,0.06374570934535582
6369,0.6363652250107409,0.4602483750385031,-0.1796219582433374,-1.316828858365696,0.06068593244718104
6370,0.6983625824095699,0.8997132824579467,-0.24973479226415324,-1.0854940410351497,0.20887180208078798
6371,0.5365011350423031,0.6860290154918844,-0.11840752978071921,-1.2653089944723275,0.14522573582863982
6372,0.5303385598427426,0.7172300277416782,-0.10820210427582715,-1.2897635188248824,0.13304510331680686
6373,0.5457289112899171,0.7074562815338433,-0.24052551209716128,-1.338682199946069,0.15070319386826003
6374,0.5909119441334202,0.6120534777825146,-0.09831394928309244,-1.2413542616784974,0.11288075177642785
6375,0.5753390368334175,0.636545098062453,-0.05179267023816817,-1.2937975546215126,0.0801416677751935
6376,0.6698393299002573,0.5955240594261663,-0.09712629965440599,-1.2617003788459082,0.05473653436253039
6377,0.8114350798061808,0.4894763045164033,-0.3057949409902866,-1.2707613929974253,0.05126009377936342
6378,0.7566571326686575,0.45673820880668825,-0.1887436832685872,-1.224241313960433,0.02427005832135561
6379,0.6348910439253262,0.52259432770481,0.0016425330252531603,-1.2439184789201774,0.030185009602670076
6380,0.7082908536980845,0.5168936512119265,-0.12638049379881255,-1.2837322514540925,0.02302763559398065
6381,0.5910185150936539,0.4915983572407804,-0.28280804205793325,-1.3638474992153866,0.10614544486521513
6382,0.6874442967298571,0.39878210208328957,-0.04530569544368894,-1.2933876621691687,-0.016161759796257717
6383,1.4523134359207865,-0.14421123958784463,-1.524419957486311,-1.3351917168007656,0.1214194353124688
6384,0.8768298989454698,-0.34682222774082255,0.11854503224164023,-0.7670101225472081,-0.047264416468769395
6385,0.2977561394228919,0.8321510408344664,-0.06589394545350435,-0.0671310058341865,-1.4163269609832994
6386,0.31383372606655274,0.9599649408973627,-0.1287400294647046,-0.014184872839611068,-1.3653024265142335
6387,0.33404458310671614,1.3258270831962808,-0.2343317279451713,0.006202222031671222,-1.252977457230506
6388,0.21343071482570908,1.2745937665599572,-0.28475002745794153,-0.023781894104052393,-1.2200052984854104
6389,0.30025041824450743,1.172650834583398,-0.2424776075682449,0.02770659549501721,-1.2515488283663927
6390,0.46043068827387656,1.2351463783448184,-0.23538349373243,0.1755398809999989,-1.284548269380589
6391,0.33752292097264125,0.964526367859042,-0.6152942755874934,0.0008257575253255067,-1.16699239047995
6392,0.7520441725924794,0.9813340038627658,-0.29227364331673467,0.31410182506378875,-1.2429320933373482
6393,0.9415161876508339,0.5003307802579876,-0.8518319225366342,0.298602372215546,-1.2012015101094873
6394,0.36788077665717916,1.1764406679135622,-0.2824987046065196,-0.04219844686723205,-1.2983589975232763
6395,0.2423579379648832,1.201727948194753,-0.38069033699833454,-0.06851400797064712,-1.1996843662098717
6396,0.39068075843970457,1.0699607312186186,-0.45616476546449175,-0.0645718186591923,-1.2614829937452878
6397,0.3045775553323136,1.2411712260245817,-0.54137434841174,-0.05096952223153021,-1.1626705381873714
6398,0.4092467466207106,1.1835396665221891,-0.3847320216098092,0.06658902282835881,-1.2069790139179917
6399,0.37855076740874094,1.1459319137912356,-0.29798489637605746,-0.06435000259916203,-1.3092067840622672
6400,0.19697717508838034,1.4522136362430744,-0.31073829328956437,-0.01640851406759471,-1.1638262312326717
6401,0.22101186594429734,1.4313088578251445,-0.45138242722568955,-0.01258107592620559,-1.1315627247676345
6402,0.24371121500178689,1.2207142717399497,-0.3013749080579895,-0.08380234107911456,-1.2520918028428722
6403,0.32029912787072556,1.3894994045947344,-0.39258225033352545,-0.05466391302420999,-1.203856039595605
6404,0.28324904516243005,1.2105547270335983,-0.5085041864299195,-0.1417766061407195,-1.2002025133906256
6405,0.21689559395600636,1.426576225936632,-0.48252102566779914,-0.017156652983521672,-1.112174160248813
6406,0.24019594960988394,1.3107822551325718,-0.2413937671266199,-0.02345868298286793,-1.2363512352931931
6407,0.3282367781976329,1.281798776716842,-0.3749900247811817,-0.06888115549176343,-1.2375055009606273
6408,0.28956448942411633,1.2922070665991576,-0.473201741071341,-0.03564712143824285,-1.148943187763045
6409,0.229016677509839,1.3232689899834076,-0.4623449440418542,-0.07976125440843809,-1.1600095892954405
6410,0.3403066910460896,1.1836135235659675,-0.4117646508569552,-0.052533364254351254,-1.2498331994123697
6411,0.26703889542415715,1.3389957196313054,-0.4768064189392625,-0.03713177598410414,-1.1596393111390992
6412,0.2628113394665102,1.346628270325899,-0.43880888606542945,-0.12519961553163053,-1.1997386817274343
6413,0.5306536834505556,1.1467271876159812,-0.7545248970994012,0.10878208430176212,-1.1050246706410354
6414,0.4316895545694432,0.9890838794045607,-0.6826971711872107,-0.029083498341071858,-1.1763380204655756
6415,0.5904324406593885,0.8278155514758897,-0.11369339331910978,0.07741126798321771,-1.4645303516805852
6416,0.611002915425139,0.9400691606992877,-0.4057306188854817,0.11756694017709811,-1.3504495008850927
6417,0.4429622264785649,1.086533428438822,-0.7868059734342198,-0.004236287350942696,-1.1123681077198877
6418,0.6126342634490097,0.8671055002293566,-0.6838961069416775,0.07166526895315645,-1.2413474437790462
6419,0.8338425311938102,0.45984823584091733,-0.3262245109260822,0.16431896660924883,-1.4792096048259575
6420,0.2525760688711785,1.2839229602836377,-0.4506232807649207,-0.04495279653423933,-1.1569848287065567
6421,0.7940689559932596,0.7081972621101003,-0.4258016360521038,0.1813180726946926,-1.4015095653733949
6422,0.7438138244701754,0.8204061509460847,-0.5549398888314067,0.20990587932097854,-1.2918462648160076
6423,1.3218143241053573,-0.20823121995289456,-0.1651999874638302,0.43626179168737256,-1.6805050990946502
6424,0.49370221656747965,1.0281074246971382,-0.7758481652703403,0.015991718675711464,-1.161424079841373
6425,0.6552776409546593,0.9269931974824691,-0.4353752482016365,0.09822067931100126,-1.3418528851306393
6426,0.654927837175864,0.6830925639413729,-0.7330566031579052,0.09248322319330067,-1.2404431223563228
6427,0.4618789010517976,1.2145088998314997,-0.7069322395618686,0.08238425809324174,-1.0819278935033154
6428,0.6385441817547329,0.9631284693998746,-0.46772986740472156,0.14480594681006953,-1.3087001849240114
6429,0.32236101788241783,1.1910257454522386,-0.5947634020906751,-0.11605437851072498,-1.1788004984721276
6430,1.0173399020346876,0.2704629337930607,-0.41345219102677405,0.3263038117332648,-1.4765661259131757
6431,0.8430216361780007,0.5383095639411772,-0.44317954818278293,0.16493354658840065,-1.4426681709661853
6432,0.4934693799607611,1.0652231359699316,-0.6173995105518015,0.08752459470640198,-1.1674559798108257
6433,0.49995988189370444,1.213741593137008,-0.7699646022198473,0.01868310339566299,-1.1150191733127957
6434,4.506315327106658,1.649703550351885,-3.8266614181428453,-1.1694824781496616,-1.3430879117256314
6435,1.2332023181799954,0.5372653048551651,-0.905015662641859,0.20289417574016197,-1.3240412420198813
6436,0.6967394932788475,1.0350404851771917,-0.6423495345121588,-0.07369769376295494,-1.317034389557636
6437,0.8591555028140273,0.9154403907486206,-0.38396396035295843,0.09487689960063685,-1.392464469787127
6438,0.7536766329439271,0.9966932708304126,-0.8024305104107843,-0.035791552053753964,-1.1869990458428956
6439,0.5350336409053437,1.2835566405884968,-0.6287889092823371,-0.16437600432275687,-1.2223265113462276
6440,0.4006207847997394,1.3712770953058768,-0.6814930927577687,-0.2878006502205095,-1.1720103138259665
6441,0.6349003121429592,1.131276713662318,-0.5241944667282867,-0.12669677775710214,-1.3103648739790612
6442,0.5745426104393292,1.1576014302856008,-0.5921298786897461,-0.148496904764133,-1.2861064440799332
6443,0.4761271309289169,1.491495027899229,-0.6112090854829585,-0.15345455180413212,-1.1691784410544523
6444,0.8902023435534565,0.8918335192089333,-0.8273941696587618,0.0030738288962264236,-1.2661496520388669
6445,0.5136912585777368,1.3423979867508409,-0.45829957704593316,-0.16338641435068163,-1.2667813943651869
6446,0.8116070159808512,1.031725239736621,-0.24071017157319224,0.06854726914225533,-1.4113600458585451
6447,0.6259843186166151,1.1161413791865897,-0.7093281290665321,-0.14778270867535426,-1.236140785149881
6448,1.0855028889800504,0.6904179184797701,-0.9284752449687895,0.10759910336763472,-1.2636006397139365
6449,1.5349056800437257,0.17539801318226647,-0.2521486541809368,0.44676945284971237,-1.668271645127447
6450,1.5131024384465575,0.3133111956896852,-0.17168147148301438,0.4471532942864252,-1.6554241890905863
6451,0.6681078367020538,1.3115279756909577,-0.5147182041027846,-0.0027369092282149145,-1.2518723752336978
6452,0.5203830239904877,1.5178693992473675,-0.36119636279064804,-0.06880835886311078,-1.2689715721973156
6453,0.7089723387437091,1.1107598976762907,-1.4063219339223647,-0.24777545333513792,-1.042174252322385
6454,0.7361055962765566,1.039724687144828,-0.8410664813656763,-0.11464515469947058,-1.2241562728668003
6455,0.7333325321748454,1.0653311199227853,-0.8348677202435956,-0.10456985202825633,-1.2105420135005303
6456,0.7421164215853058,0.9681855128844762,-1.1352275736899307,-0.19540932680493037,-1.1290706717195256
6457,1.8546703010979955,0.05814443819534522,0.34764756227769006,0.6566766050042244,-1.9290475964600902
6458,0.7973524659335693,1.0113619462851933,-0.5962024619974772,-0.006427024788128319,-1.3136138471758896
6459,0.7313385848402042,0.9122563367351192,-0.7235554519878765,-0.11578094113486628,-1.3104613393016882
6460,0.57904417725471,1.0740080310815068,-0.9692237294341113,-0.30519322434052126,-1.1773681188360303
6461,0.7453303613259636,0.772278366096398,-0.32549038421668913,-1.092230946734705,0.2291441045315437
6462,1.0079582747980669,0.9516082420816228,-1.0778953425548448,0.03069884151861182,-1.202225205762927
6463,0.9103172120034836,0.9715363953869665,-1.0910463250663125,-0.021903638641195402,-1.1524642274950083
6464,1.1490555544224421,0.5729881265016351,-1.0238034189520235,0.030738990025443884,-1.3340588825299864
6465,1.0842611868371679,0.8301647265394899,-0.32398452383835624,0.19244591990042167,-1.4935912211308853
6466,1.0111869339577637,0.36151111786084456,-0.40901870011487307,-0.9415434448572866,0.1627446285286371
6467,1.7760720689810867,-0.11158237125792275,-0.2615061915428743,-0.4827655843691764,-0.046864160268268285
6468,0.6939146765690224,0.6075307344476337,0.15182876803451956,-1.1228177756445976,-0.003673595079307238
6469,0.590139876152802,0.5590530614867851,-0.05629792854730811,-1.268651339022957,0.07920141163197328
6470,0.5295064566956746,0.7072194628781373,-0.48956786351751147,-1.3412446734285262,0.28317535181124565
6471,0.4983218892110592,0.7215408751370168,-0.41794756543549977,-1.3896234661526146,0.23760182338424898
6472,0.52290107821124,0.7841719462882452,-0.32929416805351197,-1.316625006257632,0.22934435966950623
6473,0.5385331181060893,0.5851210852084375,-0.42457681170960176,-1.4203723761936604,0.18795173235509144
6474,0.6639833641854588,0.5171488898304758,-0.15372811781752377,-1.2876339881327663,0.06597294005706009
6475,0.539402442967011,0.6944790466424039,-0.2197257574159698,-1.309385517282219,0.16972438662683
6476,0.6108070196883436,0.5265730845350848,-0.15458055703788592,-1.3123929568218564,0.08540566808092033
6477,0.6038152854067554,0.7418030077273428,-0.06653583618618966,-1.2426176916586493,0.08849600137693496
6478,0.5805765390871761,0.6856061558534843,-0.21500241128777356,-1.2994474263210458,0.14809045591695144
6479,0.5855963884330287,0.58367481610269,-0.19116786124855134,-1.3111376131748962,0.1107773395580499
6480,0.5901677822791932,0.6343891483609014,-0.1933892544803858,-1.2689291724986764,0.1428740194136772
6481,0.7000681838394731,0.4804162963500782,-0.05497177741148688,-1.2634156035767918,0.009957770863660472
6482,0.607202129400734,0.6388300921257158,-0.16403607390221014,-1.272418242937821,0.12016539158767853
6483,1.678360673770831,-0.051639473462447204,-0.8742225056351606,-0.47465694280462595,0.16372236669910673
6484,0.42793035959757153,0.8377965871038672,-0.35784751800661213,-0.01233006261999682,-1.323232272823833
6485,0.3787491476643712,0.8614914522529139,-0.29098921218308393,-0.0390803810078838,-1.3291702015737004
6486,0.20345647895428356,1.1391259601348798,-0.24624148849380045,-0.03480840063744242,-1.2698099681774775
6487,0.3721830987031205,1.2430192434384841,-0.28233772736438684,-0.03447066493315875,-1.297551036323419
6488,0.2807139276091498,1.175278701869939,-0.04488081548795279,-0.0470223293433321,-1.3717916348177444
6489,0.30513301148426847,1.189133442883352,-0.16346434154839817,-0.040060258245294605,-1.3262407565239265
6490,0.23618545019497178,1.2695319343729867,-0.18107128841708395,-0.018309568785714617,-1.2812251950781977
6491,0.2322191889294123,1.1331368025709287,-0.2938404233096898,-0.12124754528741746,-1.2807565879987068
6492,0.472152199793624,1.011584864142247,-0.24464639350579462,0.08385322739991695,-1.3082915003963296
6493,0.26266672905514615,1.1459031374043738,-0.24336202374363852,-0.08062411559917791,-1.3060372736106618
6494,0.16185241548676205,1.274059301433362,-0.2969790575708337,-0.11112369253866669,-1.2206599315198656
6495,0.34106638175978804,1.1639542022083094,-0.2037947694374942,-0.03973658612427534,-1.3212532702630801
6496,0.19193168687846426,1.1238808554418482,-0.2508790693343181,-0.11555113542614093,-1.2915984640355165
6497,0.2991730646173338,1.153416156200003,-0.3841572201301037,-0.08934703068842167,-1.2783319692653776
6498,0.3462488481597234,1.0223194139574805,-0.26902002546789816,-0.05017636744099799,-1.3022030010548438
6499,0.25220159138846476,1.2929569102595382,-0.3093556992114567,-0.03817898492578223,-1.2383938446372633
6500,0.2609340099604763,1.162723104074638,-0.3231875994076179,-0.13376707157761417,-1.3032373934584398
6501,0.21468762746613082,1.117379312586754,-0.33725960205824834,-0.1456177648925,-1.262750024031494
6502,0.11777418049870685,1.1495336584070601,-0.3219749399770844,-0.16768898654774092,-1.236806748148985
6503,0.2542525528859398,1.2625088796718018,-0.3168407678189114,-0.05752358657857879,-1.245547185950512
6504,1.3504865412332023,0.7993696226082401,-0.5699428385785962,-0.20509525048698982,0.3906514415963274
6505,0.9504550320449281,0.660590375972395,-0.6782526645086112,-1.053332206105717,0.2837737546676148
6506,1.018275237058944,0.6575322357189071,-0.1999937889718267,-0.943055077560295,0.0013136902470906125
6507,0.9496528662423641,0.5178943185371654,-0.414641248202173,-1.0952681031163929,0.07114775596121573
6508,2.5841593540680265,0.019851050779398624,-3.0736307885719376,-2.0579350048802367,0.19070978967619406
6509,0.6986885054100854,0.7851567138670893,-0.42898801750850507,-1.2723800519313242,0.20496843144282598
6510,0.5891008485912428,1.065807747401139,-0.09661885463452392,-1.1817926803641912,0.16671053345793713
6511,0.5891991234975879,0.975808723562285,-0.373619652416174,-1.3224896457083026,0.21609256988150652
6512,0.8144846357359011,0.9714602045611738,-0.1869374636995449,-1.0209942696117746,0.23446728063868524
6513,1.1470982237803016,0.5268206590786642,-0.24552692767679177,-0.8601323607665827,0.08327545089683548
6514,0.8430249284812129,0.697867681344558,-0.3034482456034629,-1.163284317812972,0.10228550569753929
6515,0.9613280863921513,0.8612522425597146,-0.14739024813888968,-0.9703063604382213,0.05553896694251719
6516,0.9243551007087232,0.605401712907617,-0.10970755955366392,-1.0633560319114683,0.01959149455466711
6517,1.4571675045247403,0.5062833822788134,-0.1420623333004659,-0.7126386053792001,-0.11923793216120426
6518,1.135773278233883,0.5023895794642843,-0.3551115883896592,-0.9443577600518012,0.044664734106783587
6519,1.707449559457353,0.03210050320627988,-0.35403443267251433,-0.7894736028771066,-0.23454616246634338
6520,2.0584011610077666,-0.0657463702149031,-0.4521207762704495,-0.7509869948690523,-0.3239167086147159
6521,1.2547440190580177,0.6037977970756163,-0.5383304896796014,-0.8582732996951099,0.05833355011113801
6522,0.8956815332092963,0.6371271935436179,-0.6208244922981448,-1.1672881833806217,0.1830268294175662
6523,1.2746022932488585,0.43068507610006473,-0.5061932865245031,-0.9403903884404119,-0.019213967632737215
6524,1.4327241536417927,0.24860356674463446,-0.46526166967989163,-0.8339258815516616,-0.01911920482079952
6525,0.9151932929818852,0.6710455617814074,-0.6713113954693183,-1.1409792569095933,0.19837784842452044
6526,2.0258290200714857,-0.06838044966195218,-0.3640261152205472,-0.7258110385150047,-0.33406381443330563
6527,1.9884916910271928,0.04561501892029254,-0.554703949886462,-0.7165809511891412,-0.24653557907924173
6528,2.725586844117468,-0.5276458389918481,-1.2431184518297764,-1.0118766147318845,-0.28034768156666723
6529,2.057164211079928,-0.19628013311735662,-1.0827082362154317,-0.9760163265724437,-0.171109370012726
6530,1.4170857432421016,0.41941428914681783,-0.30172584134187624,-0.8614894158753469,-0.16687619022140404
6531,2.0890165216485324,0.07489251391934129,-0.7885654646512432,-0.8481925328125716,-0.25553635447207984
6532,2.063736834446974,0.11020002844373047,-0.7592898127175081,-0.9058573418127996,-0.29509127719982414
6533,1.7038000710919246,0.07087197024540276,-0.5973986238730836,-0.9241990099755154,-0.18754015202827046
6534,2.2686676397379806,-0.13868413337409558,-1.2915848379948658,-1.1343240514304458,-0.18820332619396377
6535,2.0132459001800753,0.18987133161367892,-1.2733672908306222,-1.1206733537549982,-0.14041787635469322
6536,1.450453198113528,0.1981938926997502,-1.211623872137609,-1.139769487306539,0.09500521846556459
6537,1.3265245535728316,0.384005891758634,-0.2609213677584179,-0.8352916069334269,-0.0861893932699401
6538,1.5446497617296764,0.36361812049141656,-0.409508685730697,-0.7919916052192673,-0.14102363715843808
6539,1.5255224361550328,0.35992904659738145,0.03528691046726769,-0.6602037860784232,-0.23473826400909142
6540,1.9461716429392666,-0.3855413612856622,-1.403469473989234,-1.2005683982935735,-0.06893089139437847
6541,1.449160943806617,-0.697122295767381,-1.3904887975220794,-0.9266133315886083,0.22944432201102194
6542,0.6132778950232236,0.07288316825142838,0.23482131843133336,-1.0274018429718677,-0.05978613666992586
6543,0.6542869739345732,0.3152133234748823,-0.13885398655064124,-0.9894488789671796,0.11369647393566948
6544,0.47487908241761445,0.7725526809634969,0.17321326053452496,-0.03923724656443374,-1.5882268667014647
6545,0.4031272610486241,0.447403548942942,0.3578811071599599,-1.0744843537247835,0.016476387058491214
6546,0.3457349069964243,0.9148022127304853,-0.29378252479191796,-0.14601491470421765,-1.3748400780114187
6547,0.25858539721619644,1.031361900485518,-0.34925146697253384,-0.2101662366946776,-1.298217519940818
6548,0.26958155027897973,1.0785679659687357,-0.38710558523501704,-0.20615290365319996,-1.2974629376435813
6549,0.22379122239556795,1.083194004763607,-0.3988336182048894,-0.2261239084600472,-1.2747053945121098
6550,0.19199267247794718,1.2540048275998465,-0.4046873846582821,-0.17982976394767425,-1.2274438136920702
6551,0.2425570868005506,1.2620668915015374,-0.41495924448250204,-0.18923726549770895,-1.233946387204419
6552,0.2766928909047639,1.2963658826827047,-0.4922776364678098,-0.07951151749844565,-1.1522748980810091
6553,0.3575832140888177,1.2647182008292652,-0.5078155077544327,-0.07274146125413376,-1.177379235863429
6554,-0.4765786953047521,0.08876727921200527,0.21616102687395716,-0.31484010046098404,0.6572890821696535
6555,-0.5256351664127059,-0.14237909406555085,0.28507878807077836,-0.470891422982006,0.5356898324538875
6556,-0.3301263358728104,-0.303555429537542,0.22775628299984713,-0.5241454411118593,0.45339267037995346
6557,-0.32673825222007863,-0.17223118252548159,0.1492629465049163,-0.2894583770508563,0.5746924130124408
6558,-0.3313637926985168,-0.4946945595059164,0.24241177143008388,-0.5266792490965756,0.3817578700628463
6559,-0.3664630567982722,-0.416921101318328,0.24815187179845155,-0.5176368516232933,0.42482333532320005
6560,-0.32944905419430326,-0.38173110211312244,0.23538790603328139,-0.4873062509017482,0.45805931055511556
6561,-0.7301249511973645,1.0969234681533033,0.08208636215138615,0.1622334511987984,1.0929197702258464
6562,-0.45973584883236723,-0.2155259790520884,0.27623411661767777,-0.4992444487299747,0.5014798769952584
6563,-0.09752575408263234,-0.3735230951824033,0.07522603463719023,-0.28869293870898005,0.5383221977487589
6564,-0.45931433811559264,-0.12977565281037612,0.26163153025120983,-0.5032935378033441,0.5054480859424995
6565,-0.21817154564950153,-0.5923503654925076,0.18713013460110223,-0.4964763719545702,0.359250801398601
6566,-0.4059417271249904,-0.3115814848857602,0.24694128505530982,-0.501164262049447,0.4721630915175356
6567,-0.5061671569895705,-0.07558744024923227,0.26031677995493313,-0.4416742985856795,0.559359673347077
6568,-0.5386538692086412,-0.08571993396711221,0.29000537514794605,-0.47113353495079213,0.5603998488173566
6569,-0.6020534104927773,0.6301733553871779,-0.09530916126963421,0.5548829384020503,-0.845014367427333
6570,-0.6389749411404876,0.7342609420921099,-0.10790780280771216,0.6358470003368464,-0.7828065945046585
6571,-0.735008788963129,0.9965167631584008,-0.0932272277501476,0.68118606906316,-0.6684920830828534
6572,-0.6630325570188991,0.9961749246584671,-0.11712118069056582,0.6437016354608704,-0.6990625604911835
6573,-0.7236501152570735,1.1124024718591168,-0.10661166101425071,0.6857948526878219,-0.6340538839973331
6574,-0.694490775587421,1.0654520719661502,-0.1258124796472236,0.6713870994194967,-0.6548901698947656
6575,-0.6913087931776832,0.9839228550794058,-0.11747786527504457,0.7271285289323803,-0.6505805161021714
6576,-0.7901139655457333,1.2990220773175363,-0.12237614122567632,0.7716516670315636,-0.5502814857812955
6577,-0.7130391088204059,1.0447946947614408,-0.11319173816887515,0.6838317178338821,-0.6543070014891024
6578,-0.7506251313018771,1.1414664822403435,-0.09666174102709857,0.6970159058085398,-0.610836171324804
6579,-0.7568416936641503,1.242697317182466,-0.11818672602923837,0.7259617234871815,-0.5772963865415848
6580,-0.7886322297168928,1.2380713415380535,-0.10286347656288802,0.7618598146145598,-0.5513499142743882
6581,-0.7286425640817176,1.044068526328406,-0.08234274436391523,0.6390185021669279,-0.6619125257480812
6582,-0.6929920148420691,0.9201781491660144,-0.0923755829158703,0.6516725367035675,-0.6825377438144818
6583,-0.7623093064775437,1.204669152246934,-0.10401619296197546,0.7180201801721593,-0.576153061125305
6584,-0.760672628130223,1.129715751868167,-0.07485321660485131,0.6419990595521582,-0.6230436097074016
6585,-0.7300080758454396,1.1821445903234096,-0.11418185065889934,0.7121595852320666,-0.5854311627794526
6586,-0.6917114048630261,1.1156012059168483,-0.11927624976382241,0.679545079380543,-0.6304521968006327
6587,-0.7212673160529233,1.052907897026977,-0.11390680329781062,0.7224438137672965,-0.6263264262463016
6588,-0.7648644760030687,1.274268041205516,-0.11068701410368663,0.7396207858738748,-0.5568335523987592
6589,-0.7605223056752556,1.188372286053918,-0.10094311471993804,0.7263421861312728,-0.5871859555092992
6590,-0.7154789012899498,1.0324892102298924,-0.09945749421130227,0.711079629266309,-0.6320893756078285
6591,-0.7380614630385444,1.1246755376667559,-0.09595962361953808,0.6597211014293564,-0.6269391766644458
6592,-0.8030279922597171,1.37145217746317,-0.12625450921791467,0.8234928371881874,-0.4886187709265883
6593,-0.773347523794593,1.305504856223623,-0.12616905687919958,0.7870934776990394,-0.5180257027092485
6594,-0.611316300709788,0.9052176025516064,-0.1419451713899836,0.6795586139462495,-0.7032836122335924
6595,-0.7036022615285502,1.1214876872218489,-0.13124476663676832,0.7501475731567401,-0.5960671373544041
6596,-0.7228097793497158,1.1446538111979292,-0.13496240898599782,0.7880563200606634,-0.5746937802974442
6597,-0.6632946800482072,1.0179377639630711,-0.11388690813308312,0.6209622294323937,-0.6849392625104717
6598,-0.7318924436326735,1.2008667022894515,-0.11699220144343087,0.7246417832285059,-0.5757229746227099
6599,-0.4278037215928522,1.2049672103438014,-0.3249688288367532,1.091472082181837,-0.36359726714727864
6600,-0.7841345032872091,1.4192663421577834,-0.13127444184410908,0.7772934180070377,-0.5026828088577309
6601,-0.7820787474519565,1.3011852237928725,-0.0979754422026472,0.7041635177754074,-0.5487628480754342
6602,-0.8077030553056461,1.44045913179231,-0.12518918428768838,0.7897145820848749,-0.47704633316921724
6603,-0.7919832949249195,1.377191263736807,-0.11957090831881537,0.7526959184674019,-0.5217407557037014
6604,-0.7954462176248293,1.3795338096362855,-0.12746107792087943,0.8171088879443716,-0.4794097047781614
6605,-0.7623770941191603,1.287564704523857,-0.1076325576690779,0.7019745977796479,-0.5592322876537991
6606,-0.8163037591891563,1.3690479828827782,-0.09194310135168357,0.7125273533369747,-0.5238954673860174
6607,-0.78981751424154,1.3691281107364972,-0.11085319728261031,0.720869377299735,-0.525354821849039
6608,-0.7079485029219473,1.3094816920959862,-0.14747642318596274,0.7646502394150992,-0.535304681284958
6609,-0.7586908491114361,1.253010079934762,-0.12075581714306018,0.7725110251970042,-0.5429741666164947
6610,-0.7612102785897229,1.2067916334289095,-0.1024521028792712,0.7180162045611387,-0.5797509321934167
6611,-0.7685294521153231,1.3739522482388051,-0.11575925205290727,0.7198324080830949,-0.5228721193534001
6612,-0.7828334408674545,1.3312129976278835,-0.12317192223415377,0.7853936146006729,-0.5303201617122317
6613,-0.6986461875937955,1.0935411736069152,-0.11149422598224946,0.651467323039766,-0.6419279673083239
6614,-0.7790961418073443,1.2853556947530194,-0.11672187789877454,0.7688281365526272,-0.5344792021014788
6615,-0.7132102332578476,1.2057966208865556,-0.1135413330290755,0.6283860865035668,-0.6120927742495036
6616,-0.709389848474171,1.1412313047382345,-0.1284530097341748,0.7389584920464838,-0.598471333158168
6617,-0.7983598317365103,1.2960292150898731,-0.10163610815252486,0.7506114458969598,-0.5235239386245888
6618,-0.7629686621049919,1.2768654816110623,-0.10124283572235616,0.6669590484300857,-0.5802968762452362
6619,-0.8289478030140371,1.475560286793647,-0.13188483953247288,0.8640784433761279,-0.4324822244529353
6620,-0.8540628676142176,1.4764869635628222,-0.08197025186262966,0.715325731753323,-0.48061738379956775
6621,-0.7507755438214417,1.0405896198844142,-0.07377053424341619,0.6701814715834554,-0.6323150365603213
6622,-0.8236635259689961,1.120633461333192,-0.04161941722878024,0.6431357679719216,-0.6026380595632198
6623,-0.6996685030158519,0.9079583364782322,-0.07360847410778662,0.633806528734505,-0.6717877206199057
6624,-0.8700963698065519,1.3028688306857856,-0.03734953386485226,0.6811101328580895,-0.5208417994701645
6625,-0.6498523803425433,0.8370718696042786,-0.08218874500777677,0.5909310758097206,-0.7225612405751703
6626,-0.8757040528913116,1.4441810202585958,-0.08297367731891508,0.8277391621042034,-0.4250097807448087
6627,-0.7494384490817266,1.1837180551115434,-0.10401395928469401,0.7710351717412801,-0.5298148403404507
6628,-0.7993602110239925,1.2888940062232155,-0.0835992018060001,0.7525827103519631,-0.4962281153708136
6629,-0.7003251360201864,0.9893979047624428,-0.10333148091957288,0.7373439079525388,-0.6101351238227057
6630,-0.7603601562010499,1.306983020309545,-0.13638474753432558,0.8441269455655582,-0.46932564570920166
6631,-0.8212465268915422,1.3714398845884832,-0.09748817445487006,0.8092408789932326,-0.4659647773472497
6632,-0.8560257336596453,1.4320131334533626,-0.054339244443288005,0.69584025714591,-0.44607570652291834
6633,-0.7147050237323871,1.06706833431741,-0.09304119394263878,0.6956782067934034,-0.594815495894654
6634,-0.9034056233880893,1.3376634363029694,-0.023864849628482027,0.6980236754812169,-0.49094775266683344
6635,-0.6741387957779088,0.91464864685465,-0.10790815674325593,0.7156087788341062,-0.6526658100990893
6636,-0.7664911171217346,1.2398813789306085,-0.12015368791218364,0.8296989303118114,-0.4580881495773311
6637,-0.6885533253822698,1.0154834477466363,-0.07581938260880856,0.6688517545821455,-0.6156568809545115
6638,-0.7822018470468581,1.3130685269482703,-0.13451640932384282,0.868519527086226,-0.4412191467617257
6639,-0.7369620225297565,1.188242600660579,-0.1002537506678749,0.7291965643995363,-0.541525902072439
6640,-0.4707048950795644,0.7166086626757934,-0.2310284666809765,0.8616446268741795,-0.698637996066986
6641,-0.6266784414472097,0.8919009801371421,-0.12724471278717042,0.6683100078530401,-0.7042744921190001
6642,-0.8331398555230131,1.3126615863857527,-0.0656113300524875,0.7136438069319693,-0.5036841161948111
6643,-0.8066337391082516,1.314420420714801,-0.09768054267623438,0.7845655776693509,-0.4918291305546491
6644,-0.7231098044870883,1.1978814710308252,-0.11660988170688108,0.7427922214366912,-0.5606569992703483
6645,-0.7285746868928216,1.0757773196671938,-0.09554211264882903,0.7173580063807102,-0.5951539555846292
6646,-0.8586428612703242,1.245557694785679,-0.04695996395397386,0.7194055416344027,-0.5336636234588888
6647,-0.9065833863252337,1.333463822951874,-0.020702898965234865,0.7002707826327267,-0.4806615721857963
6648,-0.3365740216893307,0.15845364963083444,-0.16837295340540487,0.6101433341765822,-0.9539059433937667
6649,-0.6554813044992601,0.8672706953105127,-0.1048099183610595,0.6854063976224675,-0.6854431570095344
6650,-0.7830548671208359,0.9569625219627259,-0.04150254248316675,0.6679158579565074,-0.62016597396701
6651,-0.5906825580448194,0.7939566706772413,-0.13123079047823752,0.6536152515781687,-0.711241292247253
6652,-0.7420321480497959,1.217227132636085,-0.11560689133284323,0.7858547251213821,-0.526081325147598
6653,-0.8065492766825458,0.9885440267281853,-0.01534630169540458,0.5984816081380258,-0.636439869312013
6654,-0.6518982500653221,0.9290169459807298,-0.14477985606733054,0.7891667933956413,-0.6219857943603795
6655,-0.6467404392238438,1.0114149133482144,-0.15712794948606304,0.8635869308215096,-0.548303495310658
6656,-0.40275987146003517,0.43134289741121395,-0.16686249229812333,0.6055339617116571,-0.8721036782685426
6657,-0.620701795031694,1.0321309577996862,-0.15777619694508355,0.8093504854166483,-0.5924812467909343
6658,-0.699749960682789,1.0392175608738112,-0.08891480408067515,0.634961036534523,-0.6382739915536402
6659,-0.725345031099558,0.6809360452009047,0.28048729687254054,-0.28750031682849,0.9205340975309765
6660,-0.6076242621341653,0.3815273907052912,0.25793842032266984,-0.3222283350247805,0.8012469924652712
6661,-0.6529393573773874,0.9374270444888531,-0.11804227906622627,0.7044664670822453,-0.6518064284147251
6662,-0.6673475634134938,1.0981909784003308,-0.15291562695894512,0.7810001403270235,-0.5839229810021251
6663,-0.617774165757018,0.8841705035470208,-0.12887114794348092,0.7055423871704536,-0.6767673374669662
6664,-0.6052180857641611,0.9049568823353824,-0.13392839980662358,0.6611765800798414,-0.6856765355655176
6665,-0.6396382075016469,0.8842536610087315,-0.12310341326068061,0.7043213621386772,-0.6839086497271764
6666,-0.6086797149422957,0.9349611295604753,-0.14606880866837563,0.7268625780464023,-0.6516175184187071
6667,-0.6274122642258049,0.9996399948008008,-0.1589505821209806,0.7723830324221244,-0.6210807499083143
6668,-0.6202330933383534,0.8844024317837459,-0.13635717722786886,0.7294049501898832,-0.6729348117091026
6669,-0.6471347006720592,0.9316231541737787,-0.11906841591675103,0.6832509430662104,-0.6756274114929178
6670,-0.6239376371740075,1.022666955347553,-0.16356996908387936,0.7586750489046747,-0.6282941958103938
6671,-0.6388216946739856,0.9632263577671782,-0.1386374477525986,0.7376067963893409,-0.6444504516231832
6672,-0.717721590169754,1.1595863626070824,-0.13522276368126168,0.7709770407771734,-0.5666024147526848
6673,-0.5756333513919227,0.812211357655299,-0.1435589633680972,0.6529329703727552,-0.7363973070361335
6674,-0.6171729291589669,0.8300796073646701,-0.11088832454513567,0.6405274166110833,-0.7217654744818324
6675,-0.5886749176618392,0.8888113174476262,-0.14732529288820218,0.7114339085778473,-0.6875695404297099
6676,-0.5708313297208572,0.6679277732584971,-0.11929832977457186,0.6276045766010042,-0.7672375049301966
6677,-0.5691526799519318,0.7572501270990182,-0.14039837658160143,0.68008475196774,-0.7440496849699857
6678,-0.6335387850853521,1.028840802430464,-0.15722687518554843,0.763708662561558,-0.6138038847814085
6679,-0.5446429877145813,0.7314939157919212,-0.16584275977511287,0.7573767958603512,-0.7136412360015814
6680,-0.5985781791251428,0.853794326558442,-0.12741522033210254,0.6325758166953347,-0.7349856558446293
6681,-0.6001141319463007,0.822846339262207,-0.14282116618380447,0.6940748255951747,-0.7154516608636657
6682,-0.5573823832905697,0.6857042216036012,-0.13330850756663706,0.6449853265963689,-0.7825274564896799
6683,-0.6534153937866582,0.9261365927580167,-0.118131669842868,0.7139099438445636,-0.6591216197960349
6684,-0.6699153990249298,0.988276288713906,-0.12111799769761258,0.7007550767088885,-0.6521614211990671
6685,-0.6003763494728174,0.8228741039438832,-0.11786552338848602,0.6389461093746085,-0.7182493646931339
6686,-0.6117103561493812,0.8447980997167569,-0.12022667347168245,0.6697368147738125,-0.7008372844143115
6687,-0.6493464443876693,1.0741693476043745,-0.1661511898587988,0.7679976655749882,-0.6042256035938096
6688,-0.625805724087533,0.8443906421177555,-0.10893735060319176,0.6440004479708288,-0.7165274129059231
6689,-0.6123697309665425,0.9613240940146447,-0.15793295457657927,0.7442198370685861,-0.6432620170352685
6690,-0.6786751223419407,0.9790686930324447,-0.11122565009347306,0.6934062934260898,-0.657158563124157
6691,-0.6030147296774198,0.9043999551815105,-0.14915013761656085,0.6851484862986402,-0.6864446033634385
6692,-0.5587888122228435,0.7563263373100946,-0.12729763747348138,0.6401737231949619,-0.7523313169761381
6693,-0.6073949255387856,0.8279294010102699,-0.10620494224895861,0.6093624432898573,-0.7383678976447491
6694,-0.673394776940781,1.0782511602585072,-0.14820019189827055,0.7816212600747995,-0.5857509257586179
6695,-0.6347559649861654,0.8172096854591068,-0.11309252010921779,0.6885252627196029,-0.7050659864190008
6696,-0.5713778677766104,0.7439135616502706,-0.1466373692097089,0.7257514555974588,-0.7381705316845877
6697,-0.6764318567086434,0.9237488128691783,-0.12060961875953694,0.696651143297062,-0.6690759261519651
6698,-0.5173710204371365,0.5242133864810996,-0.1174418817535126,0.5723612912065322,-0.8475748335271939
6699,-0.6759178720753833,0.9430010650907001,-0.11454978785485682,0.7343974072161817,-0.6613407217774753
6700,-0.659135359137133,0.925698486431316,-0.112899660205217,0.6950807516767227,-0.6747995463292176
6701,-0.6094803187591744,0.886554325930257,-0.13200524336222663,0.669125361145193,-0.6987091809830052
6702,-0.6603106038430441,1.0690292888566624,-0.14837716621866276,0.7635777958824038,-0.6047601304882873
6703,-0.6692039794767861,0.9964510476421338,-0.13342513356917468,0.740760541421036,-0.63105633209929
6704,-0.5906894975511078,0.8275831075075444,-0.15449393312041337,0.7397329555771159,-0.7101297267367008
6705,-0.6496711729811067,0.8700992200925746,-0.10701137852825096,0.6674000153054048,-0.6944881845448688
6706,-0.582053317384971,0.7337601667439044,-0.11197630196931997,0.6441445878057129,-0.7434401834772221
6707,-0.6940721092807517,1.0581426690525768,-0.13601160245049143,0.7578571182697358,-0.610157926704564
6708,-0.587277193956962,0.7632694838905926,-0.1296765903232852,0.684882402592098,-0.74262976212887
6709,-0.6357852723120819,0.787005678857744,-0.11041222472722143,0.6329665380251343,-0.7365517792527108
6710,-0.6388152784747524,0.8976701276457012,-0.12251403005903311,0.6854090107780707,-0.6805466374757185
6711,-0.6760739385826705,0.9068257564578911,-0.10154543160561134,0.6873391812706756,-0.6880559840505694
6712,-0.5647722739199073,0.851225352163782,-0.1817141420768513,0.804666739986057,-0.678316221866178
6713,-0.6856265897744781,0.9182144880990367,-0.11240750778678224,0.6693917280589023,-0.6771104639455661
6714,-0.6697538905462924,1.044017954727872,-0.1670305508791329,0.8617571172854557,-0.5717289623235775
6715,-0.6339915431064843,0.8824758854955204,-0.11520393814275011,0.6319802956714148,-0.706436200899805
6716,-0.6143500484816576,0.7640170389195365,-0.10702845247677792,0.6635419159207787,-0.7308451082847742
6717,-0.6626690780932373,0.8267004585751696,-0.09440366051528495,0.6814807385247813,-0.6938626152052404
6718,-0.4886100463816041,0.5199454111946504,-0.1330118136398759,0.6283253750490414,-0.8520023213794619
6719,-0.5793335469411681,0.7455778048934337,-0.13822222410129117,0.682796199726369,-0.7406052210992997
6720,-0.586114648077223,0.6304875098103448,-0.09329556650062888,0.5677602587056507,-0.8133985726059672
6721,-0.5516016425625978,0.7433622429144637,-0.1410393204966545,0.6400513232637898,-0.7627081539179102
6722,-0.7198621002148541,1.0844359873448965,-0.11777868577655268,0.7164551792652775,-0.6198590218698738
6723,-0.5997249523789315,0.7825907207728927,-0.12210251886157797,0.6549348145503773,-0.7293393904904533
6724,-0.6194902296258826,0.825781805875377,-0.1056123833860647,0.6495594694018934,-0.7247055340979769
6725,-0.7182625967632822,1.0426426769899828,-0.10833811364153802,0.7354340375983905,-0.6131563977287849
6726,-0.6076742645562694,0.8459421500236722,-0.1308994841414779,0.678391850606711,-0.707049884940568
6727,-0.6325037174303069,0.7651438216674122,-0.09270596039604553,0.583207009845904,-0.7550987765962404
6728,-0.5978498689745233,0.7291299669510437,-0.11031627040658655,0.650451273366459,-0.7406741386655886
6729,-0.8057178683718136,1.6585783831084078,-0.21740931136386737,1.0711170250014288,-0.3279499017776579
6730,-0.5584789794517698,0.8093687346953575,-0.15445470349595966,0.6912105457575826,-0.7200903684523855
6731,-0.640176072559078,0.7739220777086371,-0.09452473852703888,0.6092999196553205,-0.7589755304586508
6732,-0.6650924923102401,0.8837164597143503,-0.0886524442514164,0.6333409759961975,-0.7104668954843525
6733,-0.6618792019879254,0.9375923678939547,-0.10741922690465533,0.6424981281158993,-0.7077975833322113
6734,-0.7014324339171789,0.966998929950148,-0.09375216633884009,0.6576302240936904,-0.6714140862691509
6735,-0.6506061422362018,0.906533086387639,-0.11380447289264903,0.6778109585862993,-0.6786724561207468
6736,-0.5465251416969372,0.6944905439887333,-0.15427469300438185,0.6847223901908055,-0.7731296166563225
6737,-0.7426631970929025,1.0705689630883009,-0.08073637421976075,0.6495726597699898,-0.6395516715062782
6738,-0.6229345033369313,0.8872702882227997,-0.11451128695095615,0.6183945915466076,-0.7230232552016306
6739,-0.7703507964183276,1.1591641973708513,-0.08665036701365898,0.7051393563079795,-0.5753678636444227
6740,-0.6949241383480336,0.9989905221837792,-0.12754997106721347,0.7177280320128165,-0.6523551607449182
6741,-0.6903941055885867,0.9746842570183368,-0.10550612643065693,0.6983852780075994,-0.6657327475094621
6742,-0.6495340277299547,0.8775578834824942,-0.09602709732298505,0.6428867862700702,-0.7039522369517717
6743,-0.6461192233590362,0.9140857880865348,-0.12504195441004168,0.6516465856850441,-0.6940775759983604
6744,-0.7116869384387172,1.0068589181317893,-0.09199319491514563,0.6996034380246781,-0.6372449296983042
6745,-0.7809917250861332,0.9282546567121647,-0.04940396658192665,0.6596915113586245,-0.662593714248465
6746,-0.5559380973106486,0.6962728571182796,-0.15239240422199815,0.7700610508295563,-0.702749175798846
6747,-0.733661431414124,1.0521161081160406,-0.09484814408502504,0.7443297612852778,-0.5816782018519856
6748,-0.6837474228763523,0.6343246764362958,-0.025429337716325807,0.5854855092224444,-0.785102570533065
6749,-0.6006318110211107,0.7616840487115786,-0.1387462130803098,0.7834757511539384,-0.6677680149082174
6750,-0.8189379863074897,1.0388477979718924,-0.0439033073665582,0.7111129814698477,-0.5967963845768448
6751,-0.5196306518250609,0.5062531537697826,-0.12896358488831813,0.6631378478927669,-0.7946218306112397
6752,-0.6722855297232093,0.8671892180672406,-0.09535584862559468,0.6893296599207951,-0.6541356092592868
6753,-0.840603417318269,1.1881061446763277,-0.037961949506775415,0.6901658921665554,-0.5520377674016906
6754,-0.7981503336944272,1.0132849834739481,-0.04260059758918567,0.6565986223611219,-0.6117909466356563
6755,-0.4791378711401859,0.34742359235492365,-0.11509561709973158,0.6293226035735648,-0.8690451049806925
6756,-0.6558879465631312,0.9123267888844933,-0.10196883739659067,0.7278607466338842,-0.6097501988324486
6757,-0.6820531610178834,0.9375855018179319,-0.09468344397124079,0.7107222468615987,-0.6285113885335062
6758,-0.6317111116338701,0.8118235795281862,-0.11147575465616195,0.7390861801772524,-0.6509613444626374
6759,-0.6678112472530897,0.9825637254364854,-0.11417661953301238,0.7210316028371601,-0.6077063887703846
6760,-0.776313597270197,1.0021893319840172,-0.05901099372785153,0.691145087100494,-0.5911714819089843
6761,-0.5343905647019925,0.7074168635029686,-0.1626340264704202,0.7667452022400322,-0.7096677157090225
6762,-0.7440118756948955,1.231266963831008,-0.11546749881600056,0.7720955152336086,-0.5299522052093533
6763,-0.6709365828242676,1.0745657981396721,-0.11981366441740453,0.7057375217080726,-0.5919060945000617
6764,-0.8364448938998559,1.1625529283869127,-0.019330248933883756,0.6520825404464554,-0.5619133587499517
6765,-0.3951352914393174,0.31888509453155817,-0.19196068642242123,0.7332965364845572,-0.8516051761354031
6766,-0.4649169143249091,0.42073715101425824,-0.1483237382345209,0.6752074927001136,-0.817529095130724
6767,-0.6989475311425383,1.0850961158924048,-0.1385981472236529,0.8252137735451087,-0.5374561756133105
6768,-0.4632002937005578,0.5569842525866979,-0.1839025183636128,0.7013417939885185,-0.793717717058846
6769,-0.5965682894703037,0.8957752398910627,-0.1417419980068096,0.7359591695734606,-0.658983890166093
6770,-0.7984557865293321,1.007229276694252,-0.02152877142846829,0.6596028224284569,-0.6105261417511245
6771,-0.5855885981691856,0.9268027783661464,-0.18646728398766868,0.7789636960993418,-0.6488643699871016
6772,-0.6859827480355637,1.0529988603367655,-0.12372177611657184,0.7475287948064844,-0.5763085894835278
6773,-0.6664644750167876,1.033566722509347,-0.13759450642482635,0.7739733469801964,-0.6287601579515034
6774,-0.6646474667763466,1.1136274258594019,-0.15235298709471198,0.7754340625560148,-0.5850805812749503
6775,-0.6484297245750729,0.9707211072559253,-0.13283752291732007,0.7284540546779441,-0.6297450173665637
6776,-0.5873438877537027,0.8913876502666501,-0.1382285397706045,0.7045671936298648,-0.680291146101346
6777,-0.480419960186773,0.5599507493529059,-0.15342213814517502,0.6375899893535782,-0.8184107997837914
6778,-0.631487391933103,0.8974638376199088,-0.12964974000416674,0.6554859147509563,-0.7051702330317253
6779,-0.64296203006224,0.928522715242073,-0.13957569207492213,0.7182461273328766,-0.6803682999674725
6780,-0.4242002954347911,0.3589668879965221,-0.15833795350871702,0.6110898552722083,-0.8947117346854493
6781,-0.5795355869574094,0.9220334692280604,-0.1933946943952565,0.7866188744800965,-0.6525309819997566
6782,-0.5654583297693488,0.7983063780269691,-0.14354145192030077,0.6967382487659317,-0.7239660260360775
6783,-0.47934478099023975,0.6759370367911891,-0.1632140170850936,0.6178262222992774,-0.8022266320047466
6784,-0.5742619525664857,0.8008119210002693,-0.13573706891669438,0.66601305218379,-0.7334042226080999
6785,-0.5964651732272407,0.74963621924708,-0.10261548702882411,0.6005562130949781,-0.778238491241837
6786,-0.5299087953396715,0.7709133557247018,-0.1696159285858304,0.6556841256316496,-0.7494690255339997
6787,-0.4685052793122147,0.555797963908758,-0.15691461327039333,0.635389265492792,-0.8344530096840524
6788,-0.556417226550056,0.6587378904636243,-0.14117044453630265,0.6524072098027512,-0.781810751666131
6789,-0.4772952311895412,0.5305844261362398,-0.1682397692133753,0.6667669643861214,-0.8270260739896761
6790,-0.548964469556676,0.6825454600298415,-0.1415477257981405,0.675701098258072,-0.7712889448655879
6791,-0.4643845234642371,0.5181383589933317,-0.16940633347022957,0.6184565803657349,-0.8447233713664752
6792,-0.5527831617789141,0.6819888350916264,-0.14648838140997103,0.6704253403817589,-0.7763818663524787
6793,-0.49087645164542487,0.6175836253815692,-0.1677232658896354,0.6725754642635098,-0.8058550936861701
6794,-0.5341098563077293,0.7011474738658416,-0.14180291079846744,0.671326300612475,-0.7582435855050119
6795,-0.5067586087173895,0.6585750441181221,-0.16709533945004962,0.7126752484593348,-0.7675496582408544
6796,-0.5492295999527312,0.7249545925888381,-0.14984924171727482,0.6501158903684937,-0.7755711635578274
6797,-0.565932811621025,0.7215325332723526,-0.13390309580629067,0.6184644439644755,-0.7840900295502694
6798,-0.5119880674616281,0.577644968046454,-0.13923764192608348,0.6121611962215461,-0.8203127392936945
6799,-0.43648474668202025,0.4521329509808242,-0.1552531133473429,0.6148881646485371,-0.8687374276416961
6800,-0.46841409236211456,0.4955810082747599,-0.16554214631532863,0.6838391958755418,-0.8354204228511615
6801,-0.5225525471517554,0.5006489842804204,-0.13177469755235158,0.6004385762439791,-0.8573496738230646
6802,-0.5439843593174883,0.7284425720270113,-0.16232656441532076,0.6865422414401007,-0.7607332270062142
6803,-0.5730722707958689,0.7911395186367222,-0.15619885477421944,0.6693925043720441,-0.7525633172825278
6804,-0.5521948737292359,0.6967762712980503,-0.15155294196221458,0.6683524304385334,-0.7700311497137456
6805,-0.4903429704563781,0.5737790640025133,-0.13459535403048006,0.6061741817641265,-0.828798910108659
6806,-0.6005409342427946,0.8251059164801411,-0.14557703054484017,0.707944250493886,-0.7161387671200268
6807,-0.46254737547077596,0.5449227182390494,-0.17004221055486646,0.674879775917899,-0.8203726228970711
6808,-0.5385153776867412,0.6086777436728282,-0.15137318470979894,0.6865570393196296,-0.7866849408417235
6809,-0.5835036054858668,0.8200541321194931,-0.1675732039091941,0.7435227158915874,-0.7034891499113214
6810,-0.5080504411793564,0.5416710866915049,-0.1454853335290467,0.644437833738637,-0.8185035594552347
6811,-0.5413141493003009,0.7093868211820423,-0.15702919128414639,0.7000133410039956,-0.7668683160473065
6812,-0.5452182824154413,0.6793080986401113,-0.16121395688795565,0.7052197151582535,-0.7714130940871076
6813,-0.5206015023093287,0.6229488064872359,-0.15388844510627467,0.6885991874572124,-0.7736474146788168
6814,-0.5705413515004901,0.6535434179349815,-0.13292599824525028,0.6645791579886908,-0.7902151307233989
6815,-0.5253559660957211,0.6045364021891804,-0.14815874916397223,0.6609347661380917,-0.8072032964959316
6816,-0.5473971961096286,0.665661873825426,-0.14107563290164252,0.6568436374473189,-0.7873534618903247
6817,-0.5161298510312525,0.6092598365094101,-0.17894089917254682,0.7789372533861819,-0.7613640209651417
6818,-0.48845448729624547,0.48564481094320283,-0.15520950295730176,0.627880543381825,-0.8633416930770339
6819,-0.5329461289186445,0.5947556165184371,-0.1390414808303532,0.6416557819472279,-0.8122503091167437
6820,-0.5089902358268317,0.6806203281965075,-0.17955101390160427,0.7587705743316642,-0.736012443501492
6821,-0.4855800820074195,0.5794081221316144,-0.1754133800480313,0.7131123746402079,-0.7864577885691341
6822,-0.5261834283557782,0.6403701826771627,-0.1495832571038529,0.6601265165454079,-0.8072758730146501
6823,-0.5248776039136661,0.5767345808317866,-0.1557103093655766,0.7103334420698298,-0.809939176467879
6824,-0.5888389418739701,0.7354646047476002,-0.15644932662916314,0.7635842151320031,-0.7157775799989088
6825,-0.5522276257376835,0.5260213461245826,-0.10833218233576543,0.5897268765669319,-0.8426080397296226
6826,-0.587714753016566,0.8129156790199769,-0.1628367015466208,0.7403840963342381,-0.7161305538475158
6827,-0.40990704040134085,0.36503297212387353,-0.1775724077810425,0.6645986236855131,-0.8791620401511919
6828,-0.5387183662326841,0.6597058634980022,-0.15385585518247993,0.7177656186332781,-0.7716408891345098
6829,-0.3701749646126546,0.4068656005668166,-0.208701167763917,0.5968166169694676,-0.9147892957150434
6830,-0.519388478428533,0.5799504632088247,-0.16734844617150982,0.6895044776870153,-0.8169262188821768
6831,-0.5339429198694136,0.6987247416290601,-0.1547379845998578,0.7068844381418642,-0.7656293348701445
6832,-0.5894902603175455,0.7812804314705009,-0.1356184637093997,0.7111823714027414,-0.7225598873792273
6833,-0.6628744999367249,0.914789648978268,-0.12056979741747365,0.7238963915478532,-0.6669635099377896
6834,-0.5632069059350395,0.7822780428000571,-0.15309148648238197,0.6976635484889686,-0.7345331495202384
6835,-0.6486488044362901,0.8388121985693541,-0.11768335072368462,0.7099533791691574,-0.7054773197831942
6836,-0.6116717570507627,0.9770157549099595,-0.17638672938393116,0.7988445816004905,-0.6288603478222288
6837,-0.5600524984603054,0.6948189144557733,-0.15885214375989015,0.7532667070426575,-0.7317485128958142
6838,-0.5908087256213579,0.739841583038179,-0.1333334436629503,0.6753068396747214,-0.7413263206597281
6839,-0.5135536903933903,0.5329899823169766,-0.13389829930127137,0.6245319874607679,-0.8400867280255884
6840,-0.6610097029635453,0.9066856898512865,-0.12948790522312775,0.7222965736996576,-0.6662497525899443
6841,-0.44255713330220986,0.4520912340998312,-0.18893200752582565,0.739666927397645,-0.8238379160193289
6842,-0.5737826971906235,0.7955215895561567,-0.1584459428492109,0.7217741232025012,-0.7243368306874066
6843,-0.5548425268547427,0.6262278796159884,-0.14429613474953015,0.6947757610702778,-0.7730089272872047
6844,-0.6122881086767434,0.6788436250340297,-0.1083504920098412,0.6688070496389882,-0.7635744983384598
6845,-0.5677641630838476,0.7493392676259184,-0.16101326154894283,0.7280782892694977,-0.7236962907076238
6846,-0.5783314597375789,0.5966350974422097,-0.12884251479726444,0.6950733967649095,-0.7745752037380428
6847,-0.6531760698251095,0.8565978067390115,-0.12224220781975424,0.759046831183076,-0.6804285770169467
6848,-0.5891487320518776,0.755290184455689,-0.15437415987668063,0.7478809111704904,-0.710880217602584
6849,-0.6022204208304831,0.7103671106648975,-0.11792934255207281,0.6376526543885433,-0.7604594413904798
6850,-0.6837095371912942,0.9571197803443626,-0.11995998802762327,0.7446643534272688,-0.6426086131117651
6851,-0.566926562604397,0.7055923239179216,-0.1441959530579605,0.7338879681368414,-0.727244930154958
6852,-0.5784057455658745,0.6853335681795295,-0.13487181815808452,0.6931906322944941,-0.7589729789859542
6853,-0.6233062231684378,0.7888497854555935,-0.12956089587217087,0.7013462792512266,-0.7128389175551451
6854,-0.36463229476749687,0.8468820650972444,-0.3292563228616622,1.1418530046487714,-0.4697858056768101
6855,-0.662466319667821,0.8986107559241892,-0.12304072481768923,0.7494481721451962,-0.6570888293889066
6856,-0.5784756336216424,0.6772234224213212,-0.12469181826791187,0.6808498700454589,-0.7422998167832593
6857,-0.4825071763064064,0.4932707502711641,-0.15684232347076632,0.6978416133606699,-0.8083909550661664
6858,-0.6702142854688821,0.8559977638411739,-0.10566130466058112,0.6997413475037945,-0.6852250463867846
6859,-0.546089315088891,0.6550875755157547,-0.1562793015855388,0.7583201580878336,-0.7332955067679503
6860,-0.5958214010417047,0.6862444949973288,-0.1261531375430863,0.7211760703084696,-0.7298996352460928
6861,-0.4364798152958459,0.6600538569681274,-0.22135550129732687,0.8557202397532768,-0.6586296717809651
6862,-0.6044335639171757,0.8753567531910846,-0.16397617209914642,0.8010752200825224,-0.6614901339722041
6863,-0.6222542663519395,0.8036450299598145,-0.1250480881710359,0.7307659593560714,-0.686734422269939
6864,-0.7147415973504995,1.0350961192495005,-0.12938107480088826,0.8402988642393437,-0.5633116861666481
6865,-0.6805170227875442,1.0185056229089822,-0.14553428807830426,0.8309512308719342,-0.5830948364395712
6866,-0.7741163790182636,1.177153331215736,-0.10265974070648468,0.8461897613475488,-0.4961656064898642
6867,-0.6308551730072388,0.604048026655418,-0.058777926131453044,0.5876250633109451,-0.7682943999805422
6868,-0.5328150752783233,0.5775279566398384,-0.14873120704138726,0.7244830707687562,-0.7758556294372951
6869,-0.6043508492312591,0.8626465945636392,-0.14267151675524825,0.7214186805627854,-0.6978696588368931
6870,-0.5126299504967214,0.6043766375676958,-0.13831217549458874,0.6444900619876163,-0.7884286580409755
6871,-0.7537330115446877,1.1208041137628428,-0.08200515057938847,0.7153586095799338,-0.5514929452646826
6872,-0.6184495173877573,0.6538040926372463,-0.09264050906357889,0.6972776690302919,-0.7199675219288818
6873,-0.5612671694232345,0.6702364961542897,-0.11703119117609401,0.6372497365746409,-0.7619712470145769
6874,-0.3781793614850342,0.33147105856253506,-0.19593191442810806,0.6805482722487188,-0.8928395144861974
6875,-0.3038301119290891,0.03892788459929836,-0.16555730944902936,0.5965561258630333,-1.0170744945620438
6876,-0.42279368994721817,0.23204605022450545,-0.13469277543392094,0.5572381142617211,-0.9568875644908861
6877,-0.4811610115246244,0.30157124947396136,-0.11572238676420503,0.44677095937745465,-0.9851985074271854
6878,-0.44780196918685866,0.20215357815184515,-0.11497951267359838,0.42722336839896385,-1.0248261502617158
6879,-0.49094222467817555,0.33611338001578794,-0.116016069516821,0.513770233445786,-0.9546006762556069
6880,-0.4527428856517829,0.22621891207790346,-0.10309014878933424,0.44723269961555084,-1.0174398504289055
6881,-0.4316133822794029,0.22636639935760028,-0.1233380500977341,0.45488978626013027,-1.019103783445413
6882,-0.47320840323257524,0.3413118713595625,-0.11734523448909272,0.4778458561151865,-0.9792189433393156
6883,-0.4231383246802195,0.12549898968571635,-0.1189204803143381,0.4568545137283478,-1.050179049088305
6884,-0.353563142543959,-0.45519861831402797,0.25108106034707156,-0.5795803733829941,0.3761153922318014
6885,-0.379980636678469,-0.3847398628479027,0.254020569218466,-0.5536774751214786,0.4237184511500291
6886,-0.4438939424627484,-0.2158360991211985,0.2656837714517312,-0.5280612933028532,0.4896389790363294
6887,-0.3554088505631112,-0.4286496220433343,0.26964156162887154,-0.6113140341178436,0.39381522943784514
6888,-0.44977690190091313,-0.1757551629455233,0.2599644235410482,-0.513648233591464,0.5012635883936811
6889,-0.3472555897591079,-0.5245156621648032,0.2683776878137186,-0.5703992731453686,0.37486440633980367
6890,-0.396693920088974,-0.32129733530522125,0.26339996278389655,-0.5606800509638978,0.43297954415214285
6891,-0.501279583472444,-0.00502945911465845,0.26317824658126815,-0.4633437528677711,0.5882569772096177
6892,-0.3775099019266703,-0.3173659903126469,0.25272929693446733,-0.5673134156565571,0.43135506562014275
6893,-0.40580485634063906,-0.1656736002870692,0.23095276182624383,-0.46279341513830197,0.5261143074019888
6894,-0.49235899214631657,-0.003364812224354822,0.24253679497837935,-0.4013160764134876,0.6093489049214292
6895,-0.4843152619639005,-0.06424426309347311,0.2618948495095927,-0.4696311677350585,0.5601860346904609
6896,-0.3864199243457807,-0.2965249576265941,0.23659687649533975,-0.5347781582345197,0.45713268300052984
6897,-0.4348425350524364,-0.19239859151491928,0.25278713143469456,-0.4858818724271244,0.5042168418076024
6898,-0.4246272321383851,-0.3112329899081426,0.26452720366961335,-0.5505202813312396,0.45155477753090695
6899,-0.35252937789811006,-0.4987530612427719,0.2703694276253808,-0.5965741219388119,0.36385899024300444
6900,-0.3119213218306131,-0.5310841560121443,0.2470556300803791,-0.587658612113528,0.35370446611541423
6901,-0.28113772788527613,-0.5783091948398342,0.2321914493644789,-0.5701430978585978,0.3445859807070122
6902,-0.3237596972191841,-0.5327984403674713,0.24240647005344185,-0.5248472356107974,0.39121384388720976
6903,-0.4083211051329628,-0.2731449422571521,0.24649114912828488,-0.5045614143330525,0.46642961264103855
6904,-0.37138093045477466,-0.37696745239709295,0.2484654371720001,-0.546620794023309,0.41883368616893213
6905,-0.3413919278999816,-0.48857887315657567,0.25804552899996575,-0.579994060209968,0.37480556349306343
6906,-0.389270332389271,-0.3823064627697188,0.2635210484335633,-0.556358200958865,0.42972984098394856
6907,-0.41289062038529356,-0.2704569564685317,0.26080880084832453,-0.5496323240441896,0.4533939554579267
6908,-0.40210091647748136,-0.3042735121238354,0.26673528827765575,-0.5552768432503477,0.44194191905899605
6909,-0.4366328425038008,-0.20074855483184237,0.2475468870167834,-0.47944438898751074,0.5032860332337328
6910,-0.4021447205823062,-0.43301207600409863,0.2730836956585991,-0.557176037994239,0.4093657379881016
6911,-0.40309224717365916,-0.29042181995019856,0.24897542654841429,-0.5176982176164481,0.4599942328644251
6912,-0.43257180363011905,-0.20241073184914846,0.24147122841790677,-0.4679823454693813,0.50580134654596
6913,-0.4158210209892685,-0.2899403529761179,0.272443154023568,-0.544338095048438,0.45477786476932036
6914,-0.47132045807877276,-0.14355574072476482,0.2522209729247392,-0.44304657642373774,0.5386171938345486
6915,-0.3412697141885327,-0.44457032078322933,0.24446975649985905,-0.5719745702531565,0.39163551958805426
6916,-0.39124156810735033,-0.36279135232197596,0.2652941422396978,-0.5680000750105737,0.4196658842097692
6917,-0.40784920469556085,-0.2617877660671322,0.24421592978740936,-0.50497872680701,0.46930183139918313
6918,-0.4402424442303863,-0.22632252839939504,0.24346665401923043,-0.4249857463655231,0.5215723365745282
6919,-0.48084661531663364,0.047555326656354056,0.22784018350801238,-0.38110726602735917,0.6292407819733515
6920,-0.49401496001361894,-0.04375826277482162,0.25994861527437835,-0.4530930438131956,0.5768012287801967
6921,-0.5436429052211721,0.43657476810141416,-0.1054472532549539,0.5446480508816525,-0.9054752869203311
6922,-0.5378488719670822,0.6462353160384986,-0.14179338373767852,0.6758871960168831,-0.8057556899196763
6923,-0.42886338941116514,0.1421463017516014,-0.11094493388741429,0.4459102460974279,-1.051273373886247
6924,-0.29695751092791167,0.006984292159323636,-0.18007444572436315,0.564321744565828,-1.038489999832112
6925,-0.44859363714400385,-0.2777683055781284,0.24052297307409312,-0.37858848624638314,0.537252069586837
6926,-0.4158978843140698,-0.2791661471180342,0.22614621068124022,-0.3359741333322728,0.5589567676826629
6927,-0.47966660001817013,-0.09378600523298883,0.23428524627036323,-0.3311327112827657,0.6265779342057894
6928,-0.5192495103626851,0.4492426004339725,-0.14756378804975226,0.6895934367777156,-0.8319068433852184
6929,-0.6174811562461615,0.6810845087304017,-0.11457256690674143,0.712845615100351,-0.740222893200307
6930,-0.5721579873216719,0.66294363143083,-0.1536275019621196,0.7633550693748848,-0.7385961782141294
6931,-0.5472723085881434,0.5583019185368849,-0.1451615808624543,0.715305768847688,-0.7958337660376661
6932,-0.6637246231680497,0.7765368439494686,-0.14214011873436538,0.8424699196618692,-0.6761584439909072
6933,-0.5560672340597318,0.2630257127549468,0.1902440117127168,-0.16325731268777297,0.7912746768346223
6934,-0.4921614901530382,0.02745358773383509,0.21019045315888935,-0.2503340143571659,0.6962049359989041
6935,-0.6043043190131285,0.7165328610235664,-0.15708679497683098,0.8051268043993017,-0.7165032408831594
6936,-0.5239246349305092,0.5300763453908656,-0.14327893480456638,0.6925597444240886,-0.8045316782669043
6937,-0.5471066551516601,0.8477813965813419,-0.21808787219314127,0.9023672457566849,-0.6290115697862398
6938,-0.5778957106390079,0.7283699576042271,-0.14961757390451508,0.7589559930290956,-0.7144848808259333
6939,-0.5709523115003723,0.749960480527795,-0.17206769525864535,0.8059667298721677,-0.6879340112930118
6940,-0.4845520152690403,0.5119520727277522,-0.17605297978119763,0.7583428874030593,-0.7824175714452752
6941,-0.6308736558707565,0.7757991247990313,-0.14199670506410653,0.8123405189977596,-0.675158526464698
6942,-0.46050359675975916,0.4341484105894781,-0.18121089469934118,0.748973404877962,-0.8022372229157883
6943,-0.5776519727962748,0.8140762664941685,-0.17756818294094273,0.8170322398864707,-0.6635702023370041
6944,-0.4837645788310268,0.4416047784892679,-0.16389509549713552,0.7524690128697002,-0.8059436968093662
6945,-0.559591326633629,0.6880656773284053,-0.17286841534326508,0.8605518113489594,-0.6954498823697265
6946,-0.5233852094150446,0.6457797725870967,-0.17977337049354766,0.8306399667587276,-0.7153943101582085
6947,-0.5036835622301237,0.5401772940246233,-0.17701272671655982,0.819481479790121,-0.7523284768060571
6948,-0.4692812288173838,0.36808721403332106,-0.15314942426762249,0.7470625849025577,-0.8236086421778341
6949,-0.5049440795683531,0.11134035697763738,0.20631661053061795,-0.1974777155498792,0.7506882038382963
6950,-0.5028909822176925,0.10117497775354144,0.20429677499256377,-0.17083716493385553,0.7606101245357162
6951,-0.4760791685939482,0.005465672430389216,0.20490601510619033,-0.19784523312757105,0.7198353381106541
6952,-0.42075401998665435,-0.11657842199818748,0.1828162146749935,-0.19508536150120911,0.6774560245763243
6953,-0.4346568549638109,-0.1285347330269886,0.19982348047944518,-0.21575850964682705,0.6724377197567525
6954,-0.5005358400119981,0.16595121836222793,0.18915212610171186,-0.16817510157762555,0.7805700948101685
6955,-0.44098573859145374,-0.13213412619396547,0.19887598680595708,-0.20093999851774552,0.6774929867834848
6956,-0.509402045601972,0.23457373254475586,0.15656905924074327,-0.041412373635315664,0.8475375166473249
6957,-0.5348971138946081,0.1945605506573045,0.2053162134629998,-0.19562251870045058,0.7890868845506862
6958,-0.439143904732796,0.06401094353264539,0.19484036352211206,-0.2746315013957004,0.7137686779493658
6959,-0.5049014952216074,0.12183680777950702,0.20035187474549884,-0.15896344717280927,0.7892146384272998
6960,-0.3699979188669601,-0.3408731616522698,0.20051578901959485,-0.27595889117498984,0.5873583785712878
6961,-0.40970638128022685,-0.12167394561961369,0.1673593306800564,-0.16759629597711856,0.683653855211064
6962,-0.3386752304434098,-0.3605479776422776,0.19321097945355423,-0.27157049699451774,0.5771314671021783
6963,-0.33043354146398135,-0.3268686325336714,0.1865016516578847,-0.30171644252450114,0.5717554939231186
6964,-0.3881270597253185,-0.25206719627994445,0.1962774822774696,-0.25684155564125066,0.6146793792296654
6965,-0.3994197451031992,-0.09566090314292958,0.1681238635458192,-0.15418391972266365,0.6992882108180293
6966,-0.3309554917184444,-0.35027275358805304,0.18853287271513458,-0.2700697674477556,0.576752121921576
6967,-0.3693716335846501,0.13485116741580813,-0.1652006069408967,0.677554204447422,-0.9262372246914171
6968,-0.41414565082237426,0.3022209773748575,-0.1787256050969306,0.7514616038308655,-0.8496934990573523
6969,-0.3974974778079542,0.29640521222884,-0.19711606672867113,0.7590111924877266,-0.8504751573270639
6970,-0.38919829358922525,0.25690530109995885,-0.19533787214398415,0.7916422891140367,-0.8428134743090102
6971,-0.19844356045333417,-0.05833912929529102,-0.2719444729813529,0.8279016986159016,-0.9495814587205281
6972,-0.6384741270644372,0.7285181653223268,-0.11459943150876824,0.7252988381262075,-0.731627178373964
6973,-0.4773870398459874,0.45254494043147026,-0.165116416920176,0.6106661655865401,-0.8773841065872735
6974,-0.5632697737467806,0.2433080601741477,0.21947713659559384,-0.278482561165972,0.7607534877322951
6975,-0.4689366997344605,-0.014309341623427636,0.22409774128964857,-0.34132673456345647,0.644784767837477
6976,-0.5432569874889983,0.21079175341559087,0.21982306338908686,-0.29720410135268,0.7265939616676409
6977,-0.5530257769974056,0.1942351853936218,0.24148194744889503,-0.3246321766765853,0.7101741898278263
6978,-0.5472101917156896,0.29474453141186563,0.21492226730445327,-0.2646201394785892,0.774745604193553
6979,-0.5207575398951345,0.15642786743096876,0.2209722008473265,-0.3100054434154362,0.708084975393688
6980,-0.5393751529761646,0.19019771083353906,0.2308157833655527,-0.2914195232318409,0.7295981302324582
6981,-0.45915738459724226,-0.07219680245301743,0.21970610660470344,-0.32580365346236667,0.6297641928896397
6982,-0.5511455713246785,0.28353551170940255,0.20355627671011509,-0.24711738890648363,0.7604701253640184
6983,-0.5345275148971316,0.5358064487027229,-0.12815909621575364,0.6300347572906734,-0.8362443102303596
6984,-0.5980736510398282,0.7096338805664324,-0.13249190219466703,0.6907858398441304,-0.7386730827925864
6985,-0.7286666493372207,0.7782005414627396,-0.06216981578350847,0.661115932498066,-0.7196883152109906
6986,-0.6486601624982803,0.8732721700524991,-0.12295610396095914,0.7028643451054453,-0.6990881584984869
6987,-0.7796625599992522,0.9962553832267665,-0.07222403428321156,0.7138633209978841,-0.6320757478619538
6988,-0.6602491533009219,0.5963628761723554,-0.08347533989296829,0.6485931951686621,-0.7988656197556872
6989,-0.5558517533509058,0.6202547878209979,-0.1318775950376131,0.6898450327511223,-0.7695052738882157
6990,-0.7070848367095736,0.9370288625370135,-0.1078097984984219,0.7701885886640683,-0.6281053216280895
6991,-0.9904561543293837,1.46552654508999,-0.01827986732371236,0.7853779293223624,-0.40848909607863015
6992,-0.8673413493494733,1.2332587987381907,-0.035602674602236206,0.7128560173828995,-0.5316096779021191
6993,-0.5338066373271808,0.5438114956202351,-0.12293054121099291,0.6778866121698073,-0.786826675184127
6994,-0.6765254105896927,0.9202307241870443,-0.12333853476052702,0.7824875710225526,-0.6045879239727441
6995,-0.6925021201586126,1.0152733798302755,-0.1209843416517597,0.7492993823877103,-0.6095967974259808
6996,-0.7994691713025667,1.2225702590020155,-0.09644887174241215,0.8190787623679695,-0.4831107866555602
6997,-0.5036593405727275,0.6507138133123866,-0.17289595243348932,0.7340810913485589,-0.7701041404941442
6998,-0.597077678210046,0.7395826452706971,-0.11320898649896691,0.6352217748203085,-0.7457859155463807
6999,-0.7480407033387858,1.2799993202761857,-0.11685333729590582,0.7278720944136882,-0.5214541376589784
7000,-0.7068008892891702,1.04882612604944,-0.09181153689518445,0.635594152640505,-0.6377816584759187
7001,-0.7325759687435356,1.1532775727422593,-0.11534031033440267,0.7229439052672721,-0.5757703621739535
7002,-0.7129289501136594,0.9903180757712886,-0.09085908162761762,0.6687260254901466,-0.648861941182066
7003,-0.6837685353387344,0.3583448119594771,0.3066395146744522,-0.3814826423061984,0.7751535592824867
7004,-0.46720767667303165,0.04787862030531056,0.23903132715195438,-0.36781705916266655,0.6629851293424555
7005,-0.46849819380231017,-0.03491454177017717,0.24787410889495237,-0.4519109365736221,0.5903585310036052
7006,-0.6610119024433629,0.9447978976491883,-0.12182670637105678,0.6730971050258049,-0.6968386053877953
7007,-0.6939023668808851,1.0410329905120872,-0.1220557914239875,0.7082333654077495,-0.6381887986740326
7008,-0.5331689247401626,0.6549977815533913,-0.1213578194412802,0.5148391942191181,-0.8526391397861055
7009,-0.43947462186301395,0.32792122032733406,-0.1290579252500166,0.5404259991483241,-0.936773349996254
7010,-0.48114312385466074,0.4846043179744129,-0.15086354868978907,0.6157180938840288,-0.8601333597392784
7011,-0.4753157572984624,0.5276174895542277,-0.1526530912834807,0.5753697480229588,-0.8714795456397482
7012,-0.5106911025128743,0.5497620390437685,-0.14027877377645662,0.599266489695083,-0.8491166398755849
7013,-0.4837160059039276,0.6403703312564047,-0.1747296774039495,0.6407238346611529,-0.8240246227180807
7014,-0.35176575775406244,0.19604653703817712,-0.16649577774263338,0.502377210610321,-1.020418780043223
7015,-0.41490940973690055,0.29233917655158714,-0.14920461672607205,0.5452886101061304,-0.9723835697985744
7016,-0.3811549672661472,0.20403380308964214,-0.14613762247538317,0.48131925006850534,-1.0251848960928691
7017,-0.2830467567569389,0.012644129694201992,-0.17268416862473757,0.468145216129161,-1.0932513356530196
7018,-0.43181835152316006,0.28208009596632366,-0.1524412162064502,0.6145590355687712,-0.927246965516281
7019,-0.44922699768504687,0.42402397026511796,-0.16016429627538867,0.5998092546231025,-0.9080052246359933
7020,-0.18079768003199986,-0.06297309990343827,-0.23162267909764195,0.5637889145028341,-1.077791167122543
7021,-0.5964082129927771,0.7845634649590617,-0.11757536189309152,0.5410955798044856,-0.8083549923283629
7022,-0.6758642825285673,0.9391452992333228,-0.10002309030367279,0.5871094987180532,-0.7400543677437931
7023,-0.6063350512081762,0.6967599324218253,-0.08219632359014603,0.48650723225002523,-0.8571462169302145
7024,-0.6707303581912992,0.9082425230248865,-0.08772798687473504,0.5416840973084533,-0.7673112234691029
7025,-0.6060532277695042,0.7995191668053645,-0.09248455059176178,0.46934622114236957,-0.8321227501542238
7026,-0.6644871208251487,0.45575498901193173,0.29872902986609623,-0.48074594294919754,0.7269565851540294
7027,-0.6198844161597862,0.4613214241943069,0.26618542162333564,-0.4437888349689189,0.7400238504908376
7028,-0.634612868567154,0.4226034569931442,0.2874026640450632,-0.47929375360223675,0.7220106280335452
7029,-0.7340883578233159,0.6665344818765461,0.3142866877348062,-0.446272374088823,0.8162252551940661
7030,-0.7013418210775066,0.5739989924907601,0.28987772826329156,-0.41914741485414597,0.790275933826685
7031,-0.6371296387275257,0.45941336675716216,0.28572317622944793,-0.484561354289183,0.7327701987255252
7032,-0.6457146556345879,0.4926905298149341,0.2681651793676636,-0.4253107758352255,0.7596130278370368
7033,-0.6163403998734879,0.38763284354609673,0.2710166337328093,-0.4331842542797412,0.7203640573048264
7034,-0.683144476709963,0.5304190896965242,0.27904392234506425,-0.3785012460649053,0.7882287598471671
7035,-0.5958578020769102,0.22139228911628436,0.2918509244712454,-0.5004530231763414,0.6453836386301586
7036,-0.5694738730860275,0.1719065542029554,0.28169301162974575,-0.4848295400995064,0.6307591456340871
7037,-0.5750709520391999,0.2386637531771219,0.2802982581786142,-0.5064919605285606,0.6406994892229408
7038,-0.5268818434329292,0.13374647274335347,0.267810412161869,-0.48963751766047825,0.6146312402270727
7039,-0.5084241822530515,0.10217775373832311,0.2690281731672206,-0.5344965534118411,0.5821197324705369
7040,-0.517406872892915,0.11316553083014085,0.27345771043629574,-0.5267779049182433,0.5884061728622423
7041,-0.5996400059204932,0.27272635376968524,0.28675661294815125,-0.4840089811357782,0.6656838399118249
7042,-0.5825577124545228,0.26451040036988005,0.27563420892655444,-0.49110354344232215,0.6652842434616146
7043,-0.5054070021814197,0.06871285146562947,0.26081482495199554,-0.5230799012107448,0.5877841163367886
7044,-0.5209715930329443,0.1381638717297814,0.27529714945414835,-0.48029729633235596,0.6081552015980402
7045,-0.5230736499058455,0.12791377424080164,0.25857045429725894,-0.49943478781366485,0.6059553519007186
7046,-0.5449014354818179,0.21492438904086703,0.2752877052434821,-0.4820459908883894,0.6372943732767935
7047,-0.5649820108511333,0.2648023916290307,0.26674218862200566,-0.4685161563686195,0.6563282425761207
7048,-0.4742931225111695,0.08553707743087495,0.2252153585508875,-0.4378067396765026,0.6134404698497857
7049,-0.45789564114331704,-0.02474298451214285,0.23052679643638146,-0.3866479651595983,0.6015672859992848
7050,-0.6202343872780298,0.21707446875891845,0.2892169025190555,-0.4082171465073488,0.6962460374475887
7051,-0.66398388275111,0.42245169207164773,0.29602733307506235,-0.39872336333073166,0.7720017168647738
7052,-0.8145699106391072,0.6594777550254095,0.3148913887028283,-0.28463409927108735,0.9023456402751706
7053,-0.7325574269464242,0.514899809759591,0.29330840612279324,-0.30567267849917723,0.8471573538426519
7054,-0.7193274364395796,0.4443592598193075,0.32466777920697737,-0.42574624911082104,0.77570961716962
7055,-0.7561857734298121,0.5990307063557518,0.30425749649589806,-0.3053692527174447,0.8803643502056298
7056,-0.8222606108918992,0.7223392191204764,0.3173316806747855,-0.2507098916423472,0.9532502518455948
7057,-0.7441980757496738,0.5147985937725725,0.29345252830567786,-0.2857275671373708,0.8423305026339163
7058,-0.7908868096567591,0.6090886043505789,0.3244664057003069,-0.33717256036840704,0.8782365328968005
7059,-0.5977171976485588,0.33123987591123866,0.25221396251988804,-0.3236170954067128,0.7695613584561745
7060,-0.23607700758790756,-0.6958814013607665,0.2333875626861123,-0.5396169533967493,0.33188868402752886
7061,-0.28512764439490884,-0.4354952862721583,0.2112786532835713,-0.5241678983441442,0.40369071114230753
7062,-0.41339080980118226,-0.1444668166793279,0.23590492977173524,-0.41257667635122236,0.5902186472007324
7063,-0.08681831161796777,0.9637189230603559,-0.08485199788422759,-0.8978343423863971,0.49153531023847924
7064,3.4829163814530686,1.722987018554612,-2.8263015758459273,-1.8275421605379771,-0.032482326282013634
7065,0.3270967908065815,1.4347084633421854,0.2853907927154604,-0.954075550839006,0.3078426899292436
7066,0.13587267191530203,1.703397753815619,-0.038730767901954004,-0.9491972149416135,0.5183018283969811
7067,6.9694952236549454,0.6198937715753193,-4.370729510321122,2.4279217064914507,2.892557744942287
7068,2.1866337499923576,1.0689897461037012,-0.964698662416018,1.7804647904312716,1.7641810706584287
7069,0.6804452829364604,0.9449797024761286,0.6512818924501015,-0.4678675593018235,0.06648943065925142
7070,0.3892737945732915,0.9177451441242577,0.267576620206996,-0.7712559202898097,0.21280727745310984
7071,0.05551352940061967,0.9449522690748268,0.3599240039358691,-1.0243914151097988,0.22464038587620774
7072,0.27939411638858774,0.8269322439750146,0.35650550100225825,-0.862061852787444,0.19666701033175976
7073,0.5349941830914849,0.6570778228355921,-0.348936270342986,-0.7135892439367681,0.4507042692693806
7074,-0.06710634484443502,1.1651403531230917,0.12771820702282524,-1.039599698923234,0.40070855724403204
7075,-0.04428798154853813,1.1004270502285372,0.40352270165437526,-0.9940238575195623,0.30467875930269106
7076,-0.1473205759875015,1.2330346117783575,0.12307632731714335,-1.1151727885715739,0.40864156588969297
7077,3.873881692202712,2.012898126765471,-3.907397394904171,-2.814991266059093,0.15879652274165343
7078,2.619005865620307,-1.2230431951794567,0.001296008283003532,0.3860949953252836,-0.04648191680126585
7079,2.563396829022602,1.838508308532049,-1.57328319435368,-1.1284590356216706,-0.02907369944325802
7080,0.0851796374741382,1.6755311937736792,0.1291790616686163,-1.0215812802796016,0.4731735148886173
7081,0.13239394505565513,1.727013033933082,-0.16822296412022775,-1.0284715209666446,0.5683277617272199
7082,0.1573109587623339,1.7594173376912983,0.336215596612504,-0.8590079504929926,0.4232363450308497
7083,0.15126918691905886,1.639412442417218,0.051579108337813026,-1.0303418471097685,0.44888180181606774
7084,0.7890808545411859,0.7951911312580452,-0.9387648852244005,-1.0460634135087865,0.35391271141355224
7085,2.3163755466516105,1.0897197663675644,-1.0842197325939842,-0.9815642183382711,-0.1865410775718426
7086,0.12849264322369222,1.5329424355373658,0.03503808227958516,-1.0729244568629421,0.4558311121072155
7087,0.20696114301450164,1.4243004697275061,0.022501460534384926,-1.0596178586219132,0.4032594237358078
7088,0.363994011842697,1.2051604112953476,0.09561727039257324,-0.9765453002033914,0.3069329640443896
7089,0.10309621183573056,1.5891935803155852,0.04103083626540085,-1.080765094959421,0.44561683778134087
7090,0.18895766075287906,1.782186457365127,-0.18162470303241868,-0.9939413872098538,0.5139247596730192
7091,0.3745471656428481,1.5818663784728233,-0.196949933539087,-0.9332063789004982,0.42459559843265576
7092,0.3869562414903093,1.6147863149394617,-0.033650436013065575,-0.8248883413567281,0.39382054279383
7093,1.111740561357514,1.3328855752490893,-0.7681448946065594,-0.6060820109981517,0.35317330719346135
7094,0.2819011051250888,2.3434218187755143,-0.4643243994155489,0.22899586958503373,-0.9840886454095049
7095,0.460551343128315,2.0509675165817662,-0.6825069802063639,0.1760962773557723,-1.0526628765682509
7096,0.5914401596204121,2.036985978656503,-0.9653702772249906,0.16632553645405723,-0.999765858401814
7097,0.47860537168165357,2.261236543680897,-0.5477001455517183,0.314688460445028,-1.0035974143672464
7098,0.5083819243567863,2.0586075496073164,-0.3513846084177656,0.2376968974520651,-1.1434907843067508
7099,0.7742878103940591,1.5212464895327409,-0.9181942159461469,0.15884341814730135,-1.1455436333821811
7100,0.4901113916792074,2.2722183801922413,-0.3020023407987558,0.37511519854820535,-1.085450243729479
7101,0.5727251479191089,2.6104907511161457,-0.6811522075462562,0.5064635971474333,-0.9092520888579815
7102,0.533173995490031,2.176758179911261,-0.8957090176038078,0.18947560917442138,-0.9799389055960426
7103,0.5630323985898625,1.914850524024712,-0.6522453538148122,0.25198477175503026,-1.0793531698496366
7104,0.5130785081511038,2.060023357036618,-0.8156841596338786,0.18531783038532312,-1.0028681232426073
7105,0.4914464621521956,2.2652585204947733,-0.7567432950732782,0.2713867722517101,-0.9748099781317248
7106,0.12361412485402386,2.9247189905077486,-0.5765654418534292,0.23003721047821288,-0.7528949823624284
7107,0.10099080880337508,2.711803323495108,-0.5939189085172433,0.02993331108486916,-0.8143924568565439
7108,0.28389161403564583,2.3728957248760625,-0.8425279483800431,0.060188005850910296,-0.867233364626974
7109,0.4691002298773816,2.0578002571236564,-0.5637472599828229,0.13666466346286135,-1.0180784778949028
7110,0.0322848393552526,3.119738560397452,-0.7349973790708381,0.1449709287862524,-0.6568946690033228
7111,0.7155419728889951,2.3842150887560303,-0.650519011869987,0.37810661310109667,-1.025491037975936
7112,0.5855385981795156,2.4205260359536167,-0.9893082466315747,0.06890156431783266,-0.9037651511088017
7113,0.5001577962560146,2.1542334148381745,-0.7229200031963664,0.08979620842745786,-0.9941247664455342
7114,0.20899137005934829,2.326117537780419,-0.33158590531278975,0.06919860841025183,-0.9656831873267956
7115,1.2202773024110127,1.3756395746349634,-1.0671148841122355,0.038265455149209315,-1.3619743419516137
7116,9.508625066167658,1.302231060003407,-3.836398409321703,-2.671325363786443,0.6275148290332978
7117,0.6348955918569383,0.7516238253459994,-0.721596224673784,-0.7841865659074385,0.39134209995454783
7118,0.4149575352027401,0.8831036484294889,0.607445251050157,-0.8093817445225696,0.15624927844852013
7119,0.7331729759742258,1.6097510698899011,-0.6225380669816152,0.1404249950197791,-1.2469283624866423
7120,0.41983245679578307,2.224317161875767,-0.6492455929955554,0.37746501235521457,-0.9650494759897621
7121,0.05184099496768427,1.7681435543590613,-0.2661248095985922,-0.0461042467128764,-1.062034561102387
7122,0.5350697516767496,1.9608399517394255,-0.33439729165314147,0.3663181253002366,-1.1450587141498092
7123,0.43235345970347594,2.0315499654967057,-0.2736363308800208,0.3297196656172909,-1.12417998840915
7124,0.053426255903162766,1.591614100496325,-0.48658916968708993,-0.23698760877205854,-1.0750041230787886
7125,0.7447538169773619,1.6260800793285535,-0.5809752195398391,0.27604252565360926,-1.2540401207132394
7126,0.18652650595200956,2.0975654156165895,-0.4147907229803021,0.18878663546655425,-0.9922969387937687
7127,0.5341951959242736,1.7528346022796097,-0.41907389073104273,0.18451348569904627,-1.1932583360864286
7128,0.05230472423548747,2.303724598427161,-0.3808810153838982,0.16826709403823695,-0.9403592450110211
7129,0.19337922342269506,2.161616072235496,-0.4619066460679374,0.22455775475938256,-0.9713687796762689
7130,0.10554073196436078,1.9457967697279637,-0.2543116673117863,0.1424311220534927,-1.0592053783449136
7131,0.2707383114840379,1.985277395008467,-0.36470846323271844,0.2794881009431244,-1.0531936504990704
7132,0.10122506717718792,2.14861143441837,-0.4452870203331868,0.14255296061502568,-0.9598765795981378
7133,0.4824955399523582,2.549963099526945,-1.2285834698796179,0.2981327394643484,-0.7084133138804811
7134,0.15368844375616386,2.2624957047929586,-0.8017693296442572,-0.03479918190868048,-0.8735917661316995
7135,0.24052201333384882,1.3566438879536125,-0.36967414573864477,-1.0289348136309608,0.5709095113764363
7136,0.24605817152113732,1.8737104943612095,-0.13693304582386095,-0.8678888461755955,0.551597239827237
7137,0.04371140945571454,1.3346957739999303,0.0705526044211002,-1.137341260683475,0.42750148796938253
7138,0.1785750805070258,1.5567940319990554,0.021093843509494573,-0.970515103390159,0.4427407931285072
7139,0.3006343671158186,1.6073212270264645,-0.38859856502305784,-0.8936347090093923,0.5818663986053263
7140,5.3311850868486355,1.2621744777586685,-5.065045998061686,-0.9108539228965042,1.0196339113925352
7141,4.408974330713106,-0.017749630443347833,-0.8080684768647673,-0.46187695797881473,-0.5431771659786866
7142,0.47732018374676205,1.99653546609486,-0.2264047440422336,-0.04303103537144205,-1.2973453567701358
7143,1.0918966969904353,1.1614913170477479,-0.27577362527978533,0.29278355940856843,-1.4725964050181488
7144,0.5583747000029222,1.8836540876878376,-0.15005843769970512,0.08066099098049226,-1.3628607810879527
7145,0.5411169686499506,2.0638504967539957,-0.3797582196371104,0.007268166416046239,-1.2928353042061227
7146,0.46764457449011765,2.03989161321362,-0.304034171483176,-0.036422854119200494,-1.2688237608687276
7147,0.4978719697542318,2.0138321868980347,-0.3891010802826044,-0.07225699324169642,-1.2648334826830885
7148,0.4420637974696962,1.9016166787664213,-0.48933367938790034,-0.11130012964828531,-1.2277617580176612
7149,0.46865285009089924,1.9841765183498292,-0.5297792955863744,-0.05192225395545262,-1.1912223674130618
7150,0.3320920137917085,2.240979156525361,-0.8602431592249394,-0.11607282758344058,-1.0179177386419194
7151,0.4126360832125811,2.1467870148752426,-0.4905164617187853,-0.04444337223200265,-1.1628326361004255
7152,0.5562599236489666,1.966223852719189,-0.5004986344138543,-0.06621081760403558,-1.2578918763940639
7153,0.4790655705645981,2.083387518499075,-0.5087400779198485,-0.08881751113889658,-1.2067020615759205
7154,0.44377127238168296,1.8189318377622206,-0.4229324885639228,-0.09506688699125346,-1.2568412213590643
7155,0.4407926106977626,2.145672304122876,-0.5191510736476425,0.0011527263494970426,-1.1552453559108389
7156,0.3947037840961931,2.0922578077777376,-0.6058124193054052,-0.08272065650143862,-1.1369682790519877
7157,0.3535149373914702,2.087235920690027,-0.6798722117913377,-0.11537080234042209,-1.1033047263898867
7158,0.4782491988007349,1.9886525347619026,-0.5909789106147015,-0.03178523191657758,-1.1559597565476998
7159,0.5412217274460771,1.8478766523578345,-0.7410526468089822,-0.06133238922861962,-1.140073622599491
7160,0.46248320253353054,2.462522340349991,-0.672015084922281,0.07656227836194765,-1.0723553778810833
7161,0.4406011448721213,1.8673429041176488,-0.473264382036322,-0.16434416565557103,-1.2526462326871215
7162,0.48361398606497163,1.9736602773373308,-0.359414696334877,0.00688010995613132,-1.240192091066255
7163,0.42809536577663226,1.9150527599750733,-0.5202677845818515,-0.07931729382105025,-1.1896549086692307
7164,0.3908338572269233,1.9444441460413022,-0.6996635440167178,-0.16777748681285026,-1.1484000662127336
7165,4.104001563060248,-0.46844440635620543,-1.8010845778701166,1.9554433911345859,-0.7522992714885784
7166,0.3167935870286674,1.9598056950131275,-0.9280992490173672,-0.180103833279907,-1.022343020433234
7167,0.418673237090158,1.9128889404589842,-0.5215888875592861,-0.09948021175689296,-1.1855145878293987
7168,0.38732175921915796,1.8576857760781293,-0.246048417750659,-0.10679767287254308,-1.2848802043852094
7169,0.3518849963532081,1.950406494297996,-0.5036939756289658,-0.04279431265518559,-1.140040126010264
7170,1.3266766955051255,0.6211933239436722,-1.8563621842963116,-0.11076344640222231,-1.159196610098914
7171,0.7738880527803002,1.3328641539248212,-0.0023961792085461825,0.08264793169628142,-1.5726469731450339
7172,0.397873668275223,1.8883924717877294,-0.4686540949608093,-0.031432271066630366,-1.197110486037919
7173,0.4324813149266708,1.9240043545355854,-0.5883534167104938,-0.04854555888262564,-1.171254926882857
7174,5.432753375589997,1.7214300305907182,-4.631241578484794,-1.2416824064049667,-1.2027501827166078
7175,0.38773381616712793,1.9629270715923663,-0.10541351678612211,0.2025181041416627,-1.1554040865506516
7176,0.3188924087990424,1.1868677620811416,0.3754539867039118,-0.9739430641508559,0.2646017805648044
7177,0.2931796130610569,1.2604088718530893,0.27643051687296427,-0.9787045590867073,0.31337805141745456
7178,0.22394138665988472,1.2620769937947456,0.08171343660539278,-1.0781798446866637,0.3804114325140385
7179,0.25622051250094713,1.1811666555933722,0.2556383236580141,-1.0553381941566626,0.2951854997794843
7180,0.19150080204629066,1.2329846033085432,0.1254831474598979,-1.0717707130282674,0.35610280081944423
7181,0.15002057695504248,1.3055597122204234,0.06329968637588737,-1.095635429132294,0.41570053715970184
7182,0.20678663818378065,1.28769608837445,-0.03975646713607298,-1.0748877716894292,0.4335463225004303
7183,0.16212200275827043,1.2746978135930709,0.08984785001723188,-1.0918996833760897,0.38965538256505355
7184,0.15967459431927214,1.1967295031592895,0.06833389775010411,-1.11928315753957,0.37512269118488933
7185,0.3370173467223899,0.9819420688936401,0.007563975980980856,-0.8088741064932149,0.3538924561094581
7186,-0.09217671603664587,1.827999151907277,-0.15119842046828383,-0.89354626167156,0.7269813843341955
7187,0.10197516647473864,1.3541686902944434,0.1702193957972205,-0.9447632232573147,0.40882904758010213
7188,0.07721913625899499,1.9466301546892473,-0.452872860738523,0.08232024717650613,-0.9221742729248567
7189,-0.0971040607804387,2.2433989136966286,-0.521187825604342,0.04033622044494745,-0.8150729793719841
7190,-0.06410774464268994,2.074699530539829,-0.26150363697241863,0.05250461909526625,-0.9365119848700977
7191,3.2345441325684994,1.3679585341950622,-2.2008099474467056,-0.15695351585338504,-1.6317248858418751
7192,0.2844198103510292,2.0983378532695975,-0.37708403689775005,0.17597168266647217,-1.00528556112478
7193,-0.08845919259639225,2.291574283438391,-0.42597001718329885,0.14722439620982766,-0.7821969808602162
7194,0.06818513338365462,2.0114171605787505,-0.44364943722516176,0.18703773702413634,-0.8880967513985929
7195,7.981824597390846,1.898142750507796,-4.368519713805493,-1.6909670487869093,-1.002974704481645
7196,0.32552119031707843,2.2864818748848843,-0.6051115743198864,0.14256646549651097,-0.9048340847491851
7197,2.446516971212147,1.4562407460942313,-1.5631127114655705,0.5823520710077514,-1.4643428622603114
7198,0.3190785158527778,1.7984136273399633,0.6441925762331341,0.23538550289318513,-1.4519863396486714
7199,0.04946042027268316,2.214028127716381,0.07867770052222996,0.22591069068737069,-1.0722800825033874
7200,1.7941903910169859,0.49838132670578983,-2.284904231731981,-0.04417301137006136,-1.2464292357718936
7201,-0.05220194714912833,1.3902133865763802,-0.09390282330362719,0.05485940480967218,-1.1828754987996548
7202,-0.0035849341735345506,1.2524933991593836,-0.09408888553390388,0.1778572086191158,-1.1834759472569043
7203,0.23493524410641534,0.8815695209056247,-0.06346860735360747,0.2041381377459779,-1.3586134968580508
7204,0.10672198539885018,1.1518237382280685,-0.13080253867452343,0.08139494912386462,-1.2608431959885062
7205,0.18530635971808723,1.1595542786646738,-0.09109047577876973,0.1902463701164747,-1.2873654189381012
7206,0.05786764651276456,1.255571217115165,-0.2623209536594299,0.1174813344092428,-1.161490021986589
7207,0.1453847245577019,0.8972035071525903,-0.27333845637570636,0.09361383529187269,-1.2586102569905329
7208,0.12793648133243518,1.0617060616123488,-0.3067792030729922,0.09572926366511092,-1.2340289877516784
7209,-0.05403215671777186,1.3808152401998652,-0.017934083668251034,0.11234097952649345,-1.209636657675134
7210,0.05491354723485512,1.6623414537361285,-0.17486575646341865,0.3111694344010786,-1.0924665763067725
7211,0.030306332973831212,1.2592629212201374,-0.2847503979141579,0.016992617647463477,-1.1804098208764453
7212,0.008656620816651257,1.3381106118383213,-0.19501162201910496,0.09954030846874382,-1.1691469952648361
7213,0.027597384488402727,1.12852172008259,-0.20343237312445886,0.052648239944954746,-1.2196833951758423
7214,-0.05630817472607095,1.4336986602767121,-0.21013743628885526,0.06688561790044469,-1.132599827579814
7215,-0.011277207196420063,1.3445148821598645,-0.3910589445540585,0.010500421262562334,-1.118599536057944
7216,5.963900546335597,2.0816173730718095,-5.834774714516424,-3.24280175731704,-0.9183413219909587
7217,2.6793136408998,-0.8141600405534154,1.3067031301138685,1.2604215784896955,-2.4011383779434836
7218,0.12598703156778596,1.9163379711340154,0.2753414942970738,0.09257241432564774,-1.2306704806334525
7219,0.08844653829054021,2.074693089702312,-0.10018067448449058,0.08211820503248753,-1.0495061619643116
7220,-0.033814063198472404,2.068640388863854,-0.08010564300865833,-0.012986416383893461,-1.0539356522298235
7221,0.15090215052890837,2.1255729797016705,0.03206369792346504,0.20205218105657644,-1.062176094019905
7222,-0.010099888700491973,2.0104669139993088,0.0073821742205787905,0.024232290868659804,-1.0781447758263458
7223,0.08442753248852347,2.0643550430566755,-0.12819643148030452,0.051005231366109294,-1.0572173483203084
7224,-0.11344612165154808,2.2227266621756003,-0.13191899829812467,-0.03333412858486301,-0.9767980946221775
7225,0.11018364103453043,2.2563515641519287,-0.5095471030443702,0.09114742994426712,-0.8640891008238476
7226,0.050395902357794994,2.2200507919644528,-0.2111431052976963,0.09549984175426009,-0.9941872131107193
7227,0.2704951251307046,1.8659620164251594,-0.375077118170678,0.13054562609800305,-1.0481237635464455
7228,-0.04860155924208407,1.990212850261243,-0.3195289665754398,0.12018993866864454,-0.9299942961040206
7229,0.03782321351292332,1.9144781008757377,-0.2778857676774549,0.19103673659992615,-0.9792956241465229
7230,6.964521712213488,1.7875854351089566,-4.375122989170016,-1.0626839476048455,-1.0660296137490075
7231,0.2982948668044185,1.5491952004540608,-1.1880469330956567,-0.0333168052942641,-0.8560781405231402
7232,0.04636521453308827,2.242925975709861,-0.5005062552832696,0.09651404107785742,-0.8671101167630688
7233,-0.020025229208929206,2.1100012596150033,-0.23010265426346696,-0.002408242262805069,-0.9540703934054263
7234,0.053574079739184446,1.3626897551485346,0.046583035832829855,-1.102565459925822,0.4708167313946566
7235,0.08979198890767578,1.3911927131785717,0.2900172466683144,-1.0450917067074095,0.3851175441510314
7236,0.13051911504563168,1.426926603417495,0.05396189839215418,-1.027830435957697,0.46255651483383986
7237,0.13554463358150898,1.504300208527789,-0.02651365290743205,-0.9332678512171565,0.5270032173690214
7238,0.17751514010007102,2.18522809485696,-0.6054678198138935,0.1650895658548346,-0.8304928283304563
7239,0.1758326546861407,2.303584246187393,-0.45780366130807043,0.1553197338582483,-0.8806242997499734
7240,0.2641527956786172,2.236031103909972,-0.3410335600476475,0.20161596099795218,-0.9390613495053369
7241,0.22645246026758722,2.218933892989557,-0.35521967062118714,0.17582507363921104,-0.9339140477932185
7242,0.37925277061957813,1.9252563680552108,-0.5098730495958993,0.2724181993712504,-0.9879414984007884
7243,0.2530847564370674,2.215201242768173,-0.2485195398089917,0.13566982482331702,-1.010627770986772
7244,0.16257369607041827,2.409025742642566,-0.3563727255367023,0.1748167056572675,-0.8693864326568334
7245,0.09401604093262707,2.369331526181429,-0.4017002617228184,0.07275192068744181,-0.8768916435589645
7246,0.1980130707928106,2.418400098516696,-0.46294261629158867,0.11807019468861728,-0.9105829748066832
7247,1.4296513779720448,1.278772544396521,-1.8334956499022186,-0.21885818045411196,-1.3383656720729378
7248,3.472728847165188,0.5576119686327405,-2.7147958832264325,-0.7446232263839161,-1.6195462098196587
7249,0.28864051261676094,0.618586621146097,0.2945243883301453,0.26009184035164384,-1.512131633155239
7250,0.04270082809445595,1.1378151422912945,0.1383955884968807,0.17003356716587667,-1.3004514525192834
7251,0.1884796105998526,1.0769756805132626,-0.12084498811591322,0.14964948743804282,-1.2993838746583837
7252,-0.12398916318148058,1.6297767903675768,-0.0867417822877512,0.13260655541684244,-1.0759622220965692
7253,0.07235774943518619,1.4598776574726522,-0.14002867677930977,0.2918539170960533,-1.1110258310865044
7254,-0.15444522408141514,1.663848649928215,-0.03534938395422128,0.1767765262181116,-1.078202741208748
7255,-0.008810997899219979,1.440383879922686,-0.026424986006745255,0.18932371771693662,-1.1382107530430208
7256,-0.0033690382260521557,1.4090344284195346,-0.20247710678189024,0.15551048591059605,-1.1121831386044085
7257,-0.03588315601082207,1.4378086989625487,-0.39348758979313525,0.016940255062721284,-1.0732898552906194
7258,-0.20964577639076504,1.5006067059464006,-0.22778647328609708,0.05187627724629934,-1.0290349557824958
7259,0.2522974553187674,1.7073084459248697,-0.7696312313250501,0.20290224237426363,-1.074225726093267
7260,13.31772070988544,1.5945600726440223,-2.6418705987277096,-1.7610274791451659,1.1624743204071974
7261,5.923235520474862,-0.21916432935487729,-1.9005330029197656,2.302593088692568,1.33912093147382
7262,0.8975749060088952,0.5850992752514182,0.4909604056663265,-0.8776894760473023,-0.16492350107065987
7263,0.6676638359802675,0.7931205167188197,0.18628518445729775,-0.9819278704859907,-0.049265056728314036
7264,2.5162280119518456,-0.6037249115775406,-0.3814718683325152,0.029419043602472123,-0.025649346790018856
7265,0.7610142637645851,0.5476376371482866,-0.00870173058273821,-1.0093631593170547,-0.010295363031638274
7266,0.459189224879926,0.6076186629784748,0.34267704273137384,-1.1108529750106038,-0.047593086456556195
7267,0.46685193127312946,0.6388616620890194,0.4122267898279274,-1.0820907477416126,-0.053938517597933486
7268,0.39872531637452974,0.9176595315234491,0.30370150839799953,-1.027128189267147,0.07384919595343495
7269,0.3640183754252648,1.2274548817531934,0.1288006435962651,-0.9891351366255591,0.22180796840456143
7270,0.28982564741078226,1.6799861244704308,-0.31570319085115867,-0.1097249873201894,-1.263969011933473
7271,0.2385654326745933,1.625486312310716,-0.5083446873432748,-0.16099689197597708,-1.1851832026033138
7272,0.26701830731112886,1.7098023319514881,-0.3348284731669523,-0.050034032959526485,-1.2262020627788992
7273,0.1958800084701142,1.9625703864784265,-0.39138610592295997,-0.08121874087868321,-1.1473458474852667
7274,0.1998534266742645,1.6304890438420139,-0.4855330642329224,-0.15303247934441927,-1.1871023887660312
7275,0.20676154966602814,1.4834786040322026,-0.3075457320627865,-0.16305795993337685,-1.2866341596894284
7276,0.2190334730905398,1.6568268889640343,-0.31106136476358426,-0.10032193370810903,-1.235802018066034
7277,0.20112721823506827,1.73334540048527,-0.5072746827785387,-0.13016372966288994,-1.152879601597877
7278,0.17999405734917145,1.808715557967824,-0.6073898290885694,-0.18022881013114608,-1.1221073570815645
7279,0.30259434837871146,1.5963442324035668,-0.1815777471058443,-0.08211301431228195,-1.3234363287370299
7280,0.16382834803372223,1.8288913235030069,-0.39722771132048645,-0.059775177298657806,-1.1461566032984447
7281,3.4025486749002694,3.97645580865659,-2.960366578673991,-0.6358266955883907,-0.9838673176059017
7282,0.20534573345459461,1.86380484226824,-0.8715026717680397,0.03663338073144915,-0.8761910816212569
7283,0.4118248370441774,1.2758406787603918,-1.0185167924870242,-0.12240895260665595,-1.0496996330202213
7284,0.3878225410141915,1.278819841812032,-0.6482183509033212,0.01613756383322939,-1.127011377711583
7285,0.14842330741837748,1.622369403503353,-0.6810970675108182,0.01859875607567156,-0.9668641700217051
7286,0.3773855590400741,1.1812871667145701,-0.6634300269020739,-0.030935310001226252,-1.1544144365467612
7287,0.3738347666530447,1.2255644770302765,-0.3633285472233665,0.011470948896598065,-1.243714885343111
7288,0.25012402131002376,1.5725570893917469,-0.7117481637059038,0.10128751649592199,-0.9580831657684136
7289,0.29540009851193194,1.4457559910049484,-0.39323777495466244,-0.03743641142097643,-1.16817503969442
7290,0.23667325328679623,1.5737591633166423,-0.5157100730335118,0.05886159270772616,-1.0515540791128468
7291,0.30757202585241683,1.3257289668275367,-0.33992127794294186,0.03788396132456666,-1.199913905935533
7292,0.3454503487557697,1.5981928348504753,-0.6069923787958709,0.020036038011849583,-1.0581649969213915
7293,0.2266149107037422,1.5230450088119378,-0.3405347833396486,0.04719647270367666,-1.132482363831838
7294,0.25851971567668486,1.724628227081942,-0.42189496953704014,0.20212798041780722,-1.0399806013856205
7295,0.46285774450417255,1.3286949979052807,-0.4430473561021625,0.037300603140304874,-1.256532839542094
7296,0.17224835488933593,1.4819184145379238,-0.4546859960809019,-0.1008017228260609,-1.14668843420572
7297,0.22912660554160275,1.6149862062647888,-0.5324384059404745,-0.12318900340675211,-1.1254417751910715
7298,0.1102005395971864,1.7681920435299137,-0.15657076028052858,0.029595874015891553,-1.1427798288729756
7299,0.2761218728537278,1.8072272500476265,-0.3846465060608532,0.05556504668685766,-1.1350538300845112
7300,0.21944840539810503,1.687084328468414,-0.4367623914967224,-0.05970913507264234,-1.1157887948684582
7301,0.21639823748638817,1.602214976988428,-0.6654822696952631,-0.0699141028363683,-1.0359637252986826
7302,0.2007479299155141,1.6747130991556523,-0.5208257859437854,0.025606602602488576,-1.05192995321011
7303,0.24606132094722477,1.6552057943267322,-0.29741825386118764,0.03650493368113937,-1.1388749893234096
7304,0.40778307235225575,1.4199167284603278,-0.41678464477686195,-0.03787576801406255,-1.2338524685266654
7305,0.10948567749890832,1.657820055404599,-0.5931631581124679,-0.13586139899145394,-1.038764553598614
7306,0.5151301006778662,1.46531986185056,-0.6277572790789739,-0.03480190152991513,-1.1816228078695337
7307,0.28959582741468826,1.6149948297320729,-0.39363545560372937,0.09195728015555032,-1.0977424837274792
7308,0.5467808560263803,1.2960998136041333,-0.27984456599142216,0.05132130714538722,-1.3388617252877293
7309,0.345919657831016,1.5887063692254766,-0.5399066586646125,0.0001433416416913832,-1.1374094512752715
7310,0.047564506614959375,1.8249154095143352,-0.6627102570872897,-0.07349765952555037,-0.9471381663526076
7311,0.24706891879814052,1.7338383032299474,-0.45627588848634454,-0.021550024779853055,-1.095911083191218
7312,0.315551191132508,1.739750770532617,-0.22212080120028008,0.08962372039589664,-1.1589300676919077
7313,0.24927793274199675,1.7752581894122985,-0.5408669684912906,0.016381700566949806,-1.0522112463724635
7314,0.34482665675116303,1.5829036400178487,-0.6612844691391273,0.001329266732557813,-1.0804794125300585
7315,0.4394666022910177,1.3580797189547211,-0.32946680880162144,0.04341923917276603,-1.2609256266487459
7316,0.5670406300227484,1.4460091088439229,-0.4803980002548203,0.0385030646066223,-1.2440379779529374
7317,0.23608016929926415,1.7462946757552373,-0.5907398215551285,-0.05441890766086115,-1.0590280255906968
7318,0.4562905122608318,1.4498489969071087,-0.4963726820744659,-0.031243119326644617,-1.2107777880719894
7319,0.2071338363523966,1.6543677257423963,-0.6647895533063672,-0.04559574885477093,-1.0244083473249508
7320,0.3844159827343846,1.4645042560575403,-0.28253900024031303,0.0018512849574117956,-1.2721066524398568
7321,0.4576740743814452,1.367631647965564,-0.33204489743486953,0.07900415722138598,-1.2342727411255237
7322,0.3102056873218852,1.7021134993388276,-0.4833295737391512,0.03652575669364287,-1.0992472878510735
7323,0.24347357400441264,1.7584725501151748,-0.5157671977896799,0.02426786548555354,-1.06816847840473
7324,0.4015296870743678,1.5112361838931359,-0.403195512149131,-0.004291448635965072,-1.2064884807327974
7325,1.1478522348094997,1.2424495789596066,-0.7680219869346322,0.6254816515114718,-0.9563368792999716
7326,0.34877211834434235,1.7163852055985263,-0.3104996394499028,0.10718603889551813,-1.1680310099523543
7327,0.37137158448175045,1.570377490698128,-0.27134107967245863,0.051717646319487526,-1.243491935777677
7328,0.3020800491262064,1.6523325371850155,-0.6317979009010933,-0.02776823861226095,-1.0692459544974506
7329,0.2957242959011836,1.6011897152203929,-0.3348657412410124,-0.01800565787082011,-1.19136317300332
7330,0.37543480378318544,1.4267309755741215,-0.46069183453396195,-0.010177915341218704,-1.2202448343480976
7331,0.4810892540390707,1.4250778085259392,-0.36343094074624704,0.04863212272113951,-1.2818200782675617
7332,0.19796216054712462,1.6824199741592576,-0.47391574809508474,0.031306810864742,-1.0702205287621795
7333,0.40348336539844154,1.5131393556617918,-0.39239537702455424,0.021341927898277088,-1.2136859415466705
7334,0.22237426848101843,1.5697260448608525,-0.3548072737333617,0.05227533216624951,-1.14303328197151
7335,0.38950914110841744,1.4900188188391774,-0.5700477622812921,-0.058293046792523756,-1.1732129036536798
7336,0.23217178348138842,1.6991938019766606,-0.6516927055584976,0.049662742612487015,-1.0314792338760326
7337,0.37380282279386007,1.6067776058293817,-0.19558011636624317,0.143085452163432,-1.2353859674062866
7338,0.36238272359121193,1.6468757559402087,-0.39210667098677066,0.12821228421133848,-1.1659907986398765
7339,0.18224130889194315,1.6734125856589492,-0.5776302471711514,0.009341510754685745,-1.0444919979509601
7340,0.49783645031452456,1.2237794418816825,-0.2974546142263597,0.06062569889817321,-1.2827500925432924
7341,0.3241232777745762,1.1996231479054658,-0.3758366229894142,-0.048286138140143035,-1.268613664082744
7342,0.2843915426052466,1.980570428526711,-0.5993646334096316,0.23270240223883695,-0.9909134890719689
7343,0.2718309686030381,1.6970729941045262,-0.6233771810367909,0.012030404320296484,-1.0620223506253381
7344,0.5612763728864198,1.0592416949395895,-0.4517001182694713,0.02981736706686139,-1.3114030681721598
7345,0.34355284845456874,1.32413133824191,-0.7120248372788147,-0.03736722386661707,-1.132266582861266
7346,0.4156184475593532,1.5065104115181172,-0.17676444329940663,0.16631377238883938,-1.2624793854628518
7347,0.15159732148014846,1.6174579342685862,-0.4250389697973703,0.03619718685785068,-1.0651899469098711
7348,0.35767167611590067,1.6381356438027774,-0.4395326280629283,0.05765214580958882,-1.153879606178471
7349,0.1613084224818597,1.7417424146274132,-0.5075339960516592,0.09060763548315381,-1.03489692679329
7350,0.3220239462413311,1.4891320545679827,-0.40648963217828626,0.1067461808715131,-1.1440424880340485
7351,12.08804121679531,1.2220054546823471,-8.646188513446509,-4.080627906988564,2.9009772896647266
7352,2.2776084056924244,-0.8959738088593526,0.6394701390605313,-0.08755817947880962,-0.5176115998072401
7353,0.8244871724658548,0.8246736732873722,0.7246534165461296,-0.6394688796234016,-0.0568487226984484
7354,0.6317160686479211,0.9261707719743307,0.19276355763302852,-0.7658078731774838,0.20095199314493795
7355,0.45372665933457196,0.9362123245018735,0.127770606064679,-0.8535346161127456,0.2522823711231598
7356,0.8845953351544716,0.6563589990663502,0.2538399785808318,-0.5770251187410553,0.13604673890133787
7357,0.8307191907811475,0.20300636931468216,0.8409046153590174,-0.6066724582892058,-0.13274392632044407
7358,0.29387024438268816,0.7705910843713571,0.305112543978024,-0.8249039898314285,0.2487153977444594
7359,0.24874830516977336,1.055130374466731,0.1309445961460992,-0.7790423859229562,0.3734537871065398
7360,0.089229299251248,1.0756663334162748,0.03434221484103,-0.9307463150566374,0.4685484759507093
7361,0.17635628997070718,0.9488146803869575,0.30533739448317293,-0.9252481160193519,0.2924951699776752
7362,0.21288607890140582,0.8244117515258407,0.3280960449152552,-0.9348838140458839,0.25567240052079654
7363,0.19400803345471293,0.77253793382909,0.1186059535562176,-1.0211502704487578,0.29372843513329383
7364,0.14063743327829484,2.1521906198536356,-0.6436363478152313,0.33874543714612754,-0.8307715469539115
7365,0.1987364921981187,1.6734668678672722,-0.31384649452676455,0.22056834134468292,-1.0519010414382095
7366,0.29980584595520077,1.7720219146521006,-0.12687342996582054,0.42511214146816695,-1.096166371124559
7367,0.03583813429239426,1.832641432810163,-0.6818959793518242,0.09275843253330944,-0.8722251370858879
7368,0.1257498594179624,2.0580620672766803,-0.8035871617926054,0.16351017299934065,-0.8164737769303
7369,0.019802422845651767,1.438914783940699,-0.3389263373109563,0.032518857395541854,-1.049840886031223
7370,0.13298728790739817,1.714253772033587,-0.26471712753366766,0.22381294782478023,-1.026250814431518
7371,0.06207328322658343,1.9388183325325818,-0.48280944519226543,0.16119916111244936,-0.9019518595354108
7372,0.0897990035733159,1.852995911955416,-0.5006971090993702,0.24681246572744758,-0.9095827370465662
7373,0.07991343406023635,1.9956086853697514,-0.38462454010038244,0.3004328578007166,-0.9022301390998009
7374,0.2872843574161401,2.533369132083237,-0.6589027669792505,0.5732917709592859,-0.7600328780748705
7375,0.03260851074347829,2.097554383133421,-0.5090354167049226,0.2920485337959521,-0.8203333232507718
7376,0.061345755541780025,2.25104740109542,-0.6213357015765846,0.29019752512815655,-0.7877926241725253
7377,0.07540869764500197,2.1178871821430065,-0.5989574328150898,0.17159494709408515,-0.8499636686832643
7378,0.13251572511190732,1.8806794433064349,-0.3774685868681723,0.1899778663974416,-0.9628487000974827
7379,0.14563451221343005,2.1530002145224523,-0.30292718421538123,0.3514225955782298,-0.9233576733675384
7380,0.12427629337420112,2.2518135886861033,-0.4594003420892185,0.30089282365543957,-0.8377176533750382
7381,-0.08015364448645536,2.3316796302873786,-0.616080394238722,0.23617269193518825,-0.7204681881118095
7382,0.05695772282339591,2.2000288516240842,-0.6154803796493957,0.24185000741252238,-0.8103475908913115
7383,12.546513192670647,1.9781486336685148,-4.8574392981274706,-1.8131518621139304,0.13661399488718107
7384,0.5944483973944239,2.006147761101976,-1.471957182220599,0.016085127756814723,-0.7824630929784399
7385,0.7241042400582901,2.3420531737828663,-0.2060524505534973,0.3121534809541085,-1.1511068503457307
7386,0.48237503519935965,1.6724061448080612,0.3093766403948893,-0.7016321573695766,0.35097830003235214
7387,0.6720078791951921,1.598441026979457,-0.30813572509260595,-0.8486940706765869,0.4475635796959102
7388,3.3339242800289552,-0.4395820645364753,-1.0387025251869078,0.2390779981153088,0.12882565357959033
7389,0.3681610476916727,1.2320918727413133,0.29766156613774364,0.15073912668692216,-1.4501291453687095
7390,0.24178299019778746,1.5277122000107588,0.21968612498052356,0.1701622378020364,-1.31800506142885
7391,0.4473259845111461,1.4113669257278392,0.1030045173599096,0.14344392157272362,-1.3651598818817356
7392,0.06618748578327016,1.7096104652006494,-0.06533200208864272,0.1432980490779063,-1.1453654247520626
7393,0.27779329940041086,1.7266288929705438,-0.3177537217101974,0.10711038985091331,-1.1190260023123408
7394,0.1649323784024017,1.6398388586892563,-0.24685477261456118,0.11649630262302547,-1.099213583433973
7395,0.35388602626868876,1.3699244618633688,-0.15383342461223076,0.16449509468259552,-1.2253722803672566
7396,0.2904755038625852,1.6982196769417965,-0.04787601218707051,0.17162332690509252,-1.2120067461557575
7397,0.0944055735719973,1.8288876830050218,-0.33451696215262444,0.1531256747410034,-1.0334829806536732
7398,0.0827753247338663,2.0191479465479496,-0.8115747610733851,0.006358061973031739,-0.870702586230663
7399,0.08403894480840822,1.7437935107153624,-0.3528266382009551,0.0008822596879519989,-1.0769825273468763
7400,-0.0330278009633676,2.0025045770560106,-0.3288094500891259,0.14748134242069846,-0.9472788709900197
7401,0.1757830041278416,1.7729255505054131,-0.38485848162178266,0.11085827704268413,-1.0668351565032486
7402,-0.05125818701682941,1.8449680055117397,-0.36464994720942245,0.04938857588949966,-0.9777197919648037
7403,0.02319398503921018,1.847225587903872,-0.40258046975442346,0.037750620864869404,-1.0091383523158435
7404,0.201234174659141,1.838892400344182,-0.5268156052361226,0.13156644905991488,-0.9747737955299642
7405,0.15468719473220352,1.628433162365266,-0.3977748960580708,0.03709979489703029,-1.0839039874740666
7406,0.17156729163920054,1.4674362847589053,-0.4254677075806726,-0.057254901804174634,-1.1347803517190247
7407,0.33689948485219895,1.5005123521306034,-0.19988276222285675,0.13180380148258591,-1.2037617714932554
7408,0.09278865315432142,1.7886973956921803,-0.37965962760424904,0.06418813886091032,-1.0274812210882358
7409,0.2138136263887651,1.7184185479643304,-0.47394043578484507,0.10397790956907564,-1.0186242963313863
7410,0.11810162835090077,1.849628810854253,-0.4686967745152221,0.19633075083677626,-0.9580686194794108
7411,0.004379200176108429,1.8778987752789074,-0.3480179980187345,0.049649171561919676,-1.022707975596317
7412,0.11640052941671232,1.7982551775997189,-0.4330020420307831,0.05430476263786991,-1.053810296490515
7413,0.1437465011215886,2.0070495402111814,-0.5111605860783719,0.08691318779996288,-1.002246563529146
7414,0.20750945249409647,1.811922891109819,-0.49728172434632534,0.0626814887838846,-1.0401726754766327
7415,0.30090786657209395,1.6987220146776105,-0.0317249249135631,0.07938829872017417,-1.238946277035348
7416,0.17577757696103632,1.7188704524873128,-0.36027357483180544,0.07340715152201878,-1.0754500955662554
7417,0.07511678996198536,1.8268017451197358,-0.3012310411277425,0.17261755211842159,-1.0242077033065924
7418,0.22626550670428772,1.6628657090694978,-0.5615886603557032,-0.055781542620793455,-1.0772726423636076
7419,0.13639071492892557,1.7415486984342388,-0.5130903582386275,-0.0447726967358771,-1.0230546351895777
7420,0.14810827937146656,1.7633903441132228,-0.08417366589617008,0.20944155361200387,-1.1175307624434296
7421,0.2763144888134991,1.6483925370686165,-0.2470619040749867,0.17993235424410398,-1.1051423080850793
7422,0.3436752778166319,1.5992638482523518,-0.3124330436844776,0.11684031355349128,-1.1770502385268022
7423,0.20120272985525808,1.8031990670164173,-0.45965152934576126,0.15930230641068685,-1.016978426046469
7424,0.24563050237219258,1.7573310881469866,-0.38308328558721144,0.17169065411439588,-1.0893484391509134
7425,0.17486672690189972,1.765449174617292,-0.6066478151025747,0.06316937061670751,-0.970313490431451
7426,0.12661628040428508,1.8146422380894704,-0.6766327276200471,0.05286412390414308,-0.9272197586994507
7427,0.24616586490790318,1.8463777285481031,-0.23195752973264797,0.1844122479899995,-1.091829942892404
7428,0.1856568213109669,1.8142826778964773,-0.5637311248239409,0.07962004658737748,-0.9826401725206106
7429,4.378408835052553,1.4010679719829287,-2.1861748826323795,0.14695408386486639,-1.7173473103808639
7430,0.17737638209226753,1.0876381817625194,-0.6697122189110272,0.09072725142322834,-1.0430181032606243
7431,0.1133965458198207,1.6102468088887036,-0.5888484944883959,0.10244774025047328,-0.9391273360766071
7432,11.053954098386738,1.9055023242098195,-8.194045433956287,-3.5332170161975234,0.9315075995002284
7433,3.9175653267647803,-1.6895268725146972,1.4752371723060687,1.1137823457365517,-0.5928553621099542
7434,0.43387803713947326,1.5657631940612604,0.45885639179270443,0.19496536103592876,-1.459163268934889
7435,0.03674708015661862,2.0226558737164027,-0.371323237788231,0.06800844258354685,-0.9712121038497146
7436,0.05238022761624903,2.111627558587099,0.08151662547577526,0.13745904959755081,-1.0981423986254066
7437,0.17268704676665872,1.8131983801420697,-0.002012055566386341,0.09177023005741679,-1.1646032328001914
7438,0.18219588955213675,1.26613214259283,0.17013618609893294,-0.9044187943285852,0.3928332072459288
7439,0.22719634443460274,0.9821790076116601,0.441645978593284,-1.0036629366853385,0.19505855030696215
7440,0.17339747460175498,0.9945322349172689,0.23112139354461209,-1.0274527730489802,0.2915637178392665
7441,0.2572443087660931,0.7386831032252497,0.4732655186975415,-1.0523680086084957,0.10271052727990715
7442,0.2153779772676237,1.7348741676261825,-0.25917320568213587,0.006856393575401201,-1.190164126661453
7443,0.18179501242698654,0.8513541601567746,0.1291833357419577,-1.1677312276024332,0.23412641957813748
7444,0.34994382638734034,0.9715250334892568,0.21985906413295284,-1.0114285047873288,0.1712035765928803
7445,0.1568050530732866,1.0764304362674295,-0.006623218768344274,-1.1186099532151335,0.33751087038003
7446,0.17799023012250575,1.115654460470993,-0.2625872124065563,-1.1878482551556786,0.4169481832364562
7447,0.41152254991592574,1.1711701733275786,-0.18097535445473306,-1.14466862986131,0.2616101632977266
7448,0.2974231111390991,0.7814831328950121,0.31871873590391364,-1.070122176558537,0.1437952761888669
7449,0.2753022234734248,0.8781069441891826,-0.048051589413301565,-1.1644069178432401,0.2618686742428678
7450,0.41319749679165085,1.3195229454648112,-0.36841481805725235,-1.0721567828802083,0.3687757108764042
7451,0.2806850827508964,1.0175893438743133,0.11245007960363257,-1.0886473048952066,0.24408138411093483
7452,0.33256013515497407,0.9627315089908849,-0.0934861411503781,-1.221638941117401,0.25418996064261556
7453,1.2281722434785687,0.3046011084541788,-1.361914062183204,-1.3846613360821673,0.08941743155345114
7454,0.3970839243627707,1.0716546002042755,-0.025758293490435215,-0.9659781927747991,0.30905040811021783
7455,0.18756928117013372,1.041855199133545,-0.00024919141628701,-1.169450271820416,0.3212431031311148
7456,0.3446097299674346,0.8879232275069014,0.08308918442978287,-1.1590325787566533,0.1923065809442061
7457,0.6166587541330666,1.2894649919092225,-0.131359788695256,-1.0996445274771933,0.18008479335747846
7458,0.3940883736216312,1.223266775945158,-0.16667472441572415,-0.982008555520959,0.3377754827526056
7459,0.2567759686199222,1.1716350045172688,-0.08504853546480386,-1.0221617438492532,0.3784385958099336
7460,4.051467438593084,0.9756841086988146,-1.8200759453543514,-0.6750493673792766,-0.13974017493273838
7461,1.4712341951830412,-0.4391516108335978,-1.8157911445416999,-1.2401382320331185,0.22301547315688203
7462,0.6028680522761828,0.4897042955106541,0.6345844844681824,-0.5880242079701817,0.031238592789616684
7463,0.35386442111895516,0.47148332919062014,0.03575334142400581,-0.8695231179464838,0.24234842368411286
7464,1.4332444763935974,-0.5980286280556185,-0.46386824204248883,-0.8234372310738558,-0.18004470253357177
7465,0.7967068399173381,0.6506068813148689,-0.37451373867707527,-0.7319096563154661,0.2026170633707481
7466,0.43114769462729363,0.6770431531875252,0.24555953482407206,-0.9362246822668571,0.12825381902305968
7467,0.23329885253675992,1.1981658074279802,-0.3639763115601318,-0.09089281948388896,-1.235176360507976
7468,0.3016020170151621,1.098473758562798,-0.28633675383195933,0.05002879242275314,-1.2583979840399997
7469,0.26467523000067217,1.207457945498365,-0.24834168478037527,0.07081790594040673,-1.2484952782015155
7470,0.19645016092161133,1.3797730485032724,-0.28877924867146326,0.04707960994496549,-1.1997639327789926
7471,0.1295966048789,1.610535363861442,-0.42765762371240984,0.029739472837909356,-1.0785651560310061
7472,0.2722280571369257,1.6417150817808797,-0.7387730551292099,0.09286366099176034,-1.0001941931895302
7473,0.05927854957815,1.8636236796669463,-0.43579741106987957,0.11348053785749478,-0.9885201136112354
7474,0.7945393847851241,1.3942965357425285,-0.68974978790219,0.429996400208296,-1.1718942743072815
7475,0.1282475047833449,1.566322322240932,-0.25025252015593313,0.058853437014169965,-1.1368580374175716
7476,0.2151011265093591,1.6492222935990994,-0.32384911943387296,0.04216097027189136,-1.1389233037803392
7477,0.10146711368363216,1.7995938579651853,-0.4345596416002085,0.09958935871441257,-0.9895983137829791
7478,0.16983888337910047,1.6519389219211449,-0.3929609918196784,-0.003760576460853872,-1.1020051644307791
7479,0.003486162260810106,1.8137916126412286,-0.5557532849744596,0.026098153446602677,-0.953810157807211
7480,0.4078209823427552,1.387831318169478,-0.23428115641159983,0.054795521412335645,-1.2496792613936876
7481,0.24566612753686226,1.7196491269521907,-0.43905672139193413,0.2605434760543938,-1.034679387607264
7482,0.1805213249746559,1.537372836545983,-0.5617083045572571,0.06278981162539594,-1.045101177490911
7483,0.23019376662084198,1.7114772989706986,-0.5911313417221828,0.003520698553178102,-1.0313674051932833
7484,0.22457407989723147,1.56983246712669,-0.1970128349419526,0.15110899644320058,-1.1359912188661465
7485,0.26592581437256857,1.8740248305769824,-0.6129891182112943,0.26918314471278676,-0.9747864113720927
7486,0.21067011528880747,1.7121200036465087,-0.7551698858771557,-0.028399153958053844,-0.9695617602791309
7487,0.1769729646038269,1.8261560616519603,-0.47576163296572627,0.06585977112203202,-1.0216669624879247
7488,0.12885366051654476,1.9174289481396882,-0.21297928738564129,0.1807002327883142,-1.0777293845583256
7489,0.060333594527204604,1.7806671291669647,-0.4832320422010683,0.04517132394321339,-1.010067538899014
7490,0.08446127715246521,1.910006091267379,-0.6055283341674391,0.06253147999715888,-0.9288671234375152
7491,0.13634276887312885,1.7651866632331583,-0.5808992608447624,-0.011896256944931034,-1.0030801935057734
7492,9.975870870999811,1.8971694170341975,-9.17336764247076,-4.470008620235198,1.0862143717067911
7493,3.7428601527628333,-0.6571653224740507,0.3441147966378505,1.6627245088356666,-2.0266993652707757
7494,0.4100090744703335,2.3186496433181314,-0.09033478701106912,0.18582326894615914,-1.1080891731474176
7495,0.37616608658964906,2.2427532421619394,0.4104137165985388,0.1978542764408029,-1.2908961336793
7496,0.32120380294062284,2.3327590931673416,-0.1557059001820792,0.11386729990154237,-1.0942674619131703
7497,0.27940875801709647,2.3731517942570015,-0.07355915736308945,0.15851814889016536,-1.0718074630919936
7498,0.25598827916680034,2.5685377174735766,-0.3153226738835529,0.08506562772988989,-0.998070780864054
7499,0.2276375504506942,2.38487090362629,-0.1885069655568303,0.11121896965897846,-1.042871639897036
7500,0.34099118189762395,1.4896786981523558,0.5049365607409829,-0.990441540149317,0.23036776356139635
7501,0.39744323757198446,1.5821817589553504,-0.22855853820825112,-1.1136154469920818,0.3826413128669361
7502,0.47477484152647015,2.0137677089974573,-0.1437848420214692,0.2187153563903768,-1.1782062803798137
7503,0.20830136192842155,1.5778240326338038,-0.28040556832896035,-1.2101665323551511,0.4973884509417168
7504,0.574098263173904,1.973564094766221,-0.688886763243911,0.12719204884073354,-1.1175716722865383
7505,0.32918969803302006,2.282719388734829,-0.20833070875821333,0.10205779179198901,-1.0994021963546203
7506,0.27256339612566444,2.4506656408268617,-0.3167031236683499,0.09848149736202001,-1.022598282997022
7507,0.3112630369059808,2.3201479394943507,-0.39906688062612533,0.015079851933760036,-1.0266494434195534
7508,0.155373242769093,2.273552122846367,-0.12183510530615939,0.004926295031907591,-1.0851030588611061
7509,0.25532052530668314,1.4059039297855793,0.14872628681982686,-1.1798650645739726,0.2802332439560702
7510,0.30000193896399197,1.3720259959912244,0.2300288740481353,-1.0656106032968042,0.2503377560793501
7511,0.24763194100294156,1.322755242208277,0.027574440969835544,-1.1494002548065374,0.3353488186646974
7512,0.10932298728201727,1.44218509071539,-0.07192860390713876,-1.2086022778505414,0.4078780439775066
7513,0.2411674039982948,1.3565781950466524,-0.08414261187250503,-1.098239721893854,0.36580363523058385
7514,0.19962153808179808,2.4295891568920354,-0.6319335725668915,0.019979144155466914,-0.8998033409254871
7515,0.15879811716468345,1.5413372859198475,0.13063724162061624,-1.1475908517738227,0.3582644650821681
7516,0.3968774205213636,1.4092909799366071,0.2772621283258953,-0.9862196166322209,0.2572857535719289
7517,0.3923299343583139,2.1733500343029046,-0.6419144021575128,0.05468901919904714,-1.0360654086406282
7518,0.2608746082343724,2.4941372515622304,-0.46854031037238797,0.11730310373190156,-0.920243626606011
7519,0.32465265307382996,2.324787192879482,-0.6041757026493058,0.014632505871305749,-0.9783529550078462
7520,0.10323725362899432,2.168560208518002,-0.5563623751790566,-0.21010951538283423,-0.98159370874506
7521,0.4820096596986569,2.146162370058994,-0.6129172514647232,0.11626577233572875,-1.0214082774921711
7522,0.12954543488160136,2.387595765313915,-0.579818694009439,-0.07430452502842799,-0.8899204530484202
7523,0.45943332691143585,2.2429406372310474,-0.4697202204591325,0.24467166113304006,-0.9795382296239371
7524,0.276858071620645,2.394472292064906,-0.580398591676504,0.0659592168378551,-0.92820529758979
7525,3.1410864568282073,1.9144097040570864,-2.3539219455192546,0.12300271971210577,-1.3769456816793497
7526,0.1349150296768025,2.0047042827228214,-0.3454937683605679,0.23147595037521917,-0.9414692816944445
7527,0.12758298534913504,2.3352630585428003,-0.2897061399178255,0.23503661275381785,-0.9292638360350689
7528,0.1056417873365254,2.2257948342253315,-0.3937901514146662,0.21443133534557954,-0.9099474819430869
7529,0.049251674492406465,2.029377952988148,-0.6826779645133373,0.19878074613107388,-0.7896067749456681
7530,0.09142823949421912,2.2100720899639636,-0.6092478577039772,0.1919764100268504,-0.8311239002962219
7531,-0.01835886758709365,2.181174174526136,-0.34983598073772143,0.2508222313675463,-0.8622952869274461
7532,0.12686823650990586,2.1948517131976,-0.5978461276818074,0.27942198818184766,-0.8388945813469286
7533,-0.014878909714117676,2.3615537134533864,-0.7031323263907305,0.2141965057203375,-0.7273254166634819
7534,0.17833573937303954,2.3174085686947863,-0.6737612208580283,0.30325182050448823,-0.8002369344690464
7535,0.0015382010008071602,2.22452751943726,-0.6849002142323377,0.1365034610633533,-0.7639276593215956
7536,0.1904823435253517,1.8673217731403864,-0.18882459017157338,0.24699053617554143,-1.0321947659828454
7537,-0.016341945425702522,2.202817175965256,-0.341098696844518,0.28037916444639477,-0.8298597083370913
7538,0.13527535371552887,2.2151244191951123,-0.48612846594631376,0.25169282037488094,-0.8809177754983122
7539,0.09911813153066318,2.487012395791371,-0.5322366145114392,0.4548927996933247,-0.7521018399381019
7540,-0.004937804788220946,2.5254648464062646,-0.9268653780958593,0.20571125901137072,-0.6049375610832771
7541,2.2222908812481017,0.026201907569382784,-3.2387186068007607,-1.8912309628204087,0.4110758210551756
7542,0.8857000094002733,0.5359908755693349,-0.14439452628043611,-0.5074532522491255,0.26448823144839384
7543,0.7348598579124366,0.4856972760459848,0.42832747164406987,-0.7351227414470661,-0.01586380367657435
7544,0.7189687346061897,0.6758515071347845,-0.4206282515925747,-0.9264327391364189,0.15152114433489
7545,0.24465021041372398,0.8951037989373088,-0.5245500627505865,-1.0970170273367894,0.45260362570558743
7546,0.7436832744656099,0.8826603675283101,0.3079392336292644,-0.5133139989917759,0.10489873429155697
7547,0.26861152989738846,1.176438924942927,-0.06495799901184131,0.03552919454830281,-1.352222327496498
7548,0.36914345363740825,1.3748937118869964,-0.29445388603851635,0.20634501886264892,-1.2765700676822986
7549,0.5467773783772679,1.1749284779592521,-0.4542791341909095,0.39387970924199844,-1.2864516524745808
7550,0.2125645495196277,1.0222366807132346,-0.34115083300051985,-0.011476137279900503,-1.2466816377567185
7551,0.08723499753425747,1.0493563052477444,-0.4251818428366489,-0.09413844679425172,-1.1918652621438863
7552,0.07599200361664034,1.2165855699561277,-0.3356018960929407,-0.023464530463731623,-1.1787374721529247
7553,0.09639812567006438,1.1936837016270478,-0.43583949716242265,-0.04665531353603104,-1.1570679413324996
7554,0.11988364183397897,1.0827731675262233,-0.270810886379883,-0.08209938394704275,-1.2765706050290193
7555,0.21210877241856643,1.159047807497155,0.039739840514520515,0.08785590644837782,-1.3626506070582345
7556,0.23156655018960165,0.966553815231444,-0.009086367786771835,-0.019653246654308804,-1.3946797400246904
7557,0.1042577560394565,1.1936744757379638,-0.08769834712324814,0.013757857415998926,-1.266441250974035
7558,0.12445063920740575,1.399282727954479,-0.2903119478428649,0.008412457426971724,-1.1906341860903802
7559,0.08431205606101833,0.5582448920162808,0.031071722442686432,-1.175316306814921,0.24808131474637005
7560,1.536798692203656,0.2044638782750208,-1.260361442327831,-0.6869078581757554,0.2713860690789495
7561,0.35472117539826825,0.8526379701630888,0.03814013969086814,-1.077909361404131,0.2486605318760305
7562,0.20020660914877034,0.8839410561369484,-0.4652599057174102,-1.1998658951433696,0.4455863454112122
7563,0.15457756335186557,0.899166895115631,-0.19412844772535365,-1.1430538450296535,0.37552012438076654
7564,0.3060122324902282,0.6082921964410047,0.3690065189998051,-0.9831569166117172,0.10535000754586213
7565,0.4486669894143511,0.6152127680408788,0.2936552549497398,-0.8875650546849531,0.08654691362243444
7566,0.2926826303322512,0.9136515548048854,0.08443535825317232,-0.9990388759953853,0.24582454918904859
7567,1.3964931940886325,0.40685736205643364,-0.6781255543636677,-0.6652562396091474,0.02518994278728428
7568,0.2384164193198699,0.6724836649054856,-0.09284123812321704,-1.0812911309277606,0.28552297189920617
7569,0.1514283428187787,0.7953470638674639,-0.03810653721505299,-1.0990588981308442,0.28091489645174045
7570,0.1425843367996269,0.7540197837962899,0.0012096719126398437,-1.0438694561450912,0.2722695779523942
7571,0.0859292903290928,0.9675124513049458,-0.5302638169094606,-1.337293087869855,0.4693010832239037
7572,0.1853614747707785,0.6348023843081546,-0.09036140814132962,-1.1762360735349566,0.2457975622425954
7573,6.911142057785505,-0.9279214869346935,-2.329010350655398,0.7055166014770309,0.8798867571507726
7574,2.131873921620776,-0.5778551856517661,-1.1152341627793556,-0.870596830401984,-0.007692765491250835
7575,1.1185927331277792,0.5810667164702046,-0.577805847564522,-1.1162621312572063,0.19108563826562705
7576,0.4901159124811456,0.9899235574366493,-0.5660051075858139,-1.5944779557213968,0.21967632276739135
7577,0.587010200838051,0.937846277523157,-0.34696596001451985,-1.5085168119258934,0.13398368736442168
7578,0.6127116195555865,0.9463294843627281,-0.28492114476521946,-1.4913837654026354,0.08850262927168073
7579,9.332149749273782,-0.3986255605048107,-2.4753556438290287,1.9223716924694179,1.7901429618528608
7580,0.5594541368232677,0.9528036313894795,-0.5402722282814016,-1.598226771485602,0.1779875304904647
7581,0.6332646853919576,0.9867448173088564,-0.4608118920055072,-1.5750693550303465,0.1393913621334497
7582,1.458891848726079,0.6906249505851061,-0.8054059131583055,-0.8994734026161147,0.35510412972258826
7583,0.7039076535706256,0.987144241378838,-0.14508507586021635,-1.4401642900977665,0.023096842154868704
7584,0.750889922772021,1.0102891777215148,-0.38139096825620605,-1.5506260682521305,0.06059168349917305
7585,0.786612340025855,1.0953768560508224,-0.3475650436732109,-1.5470274484698658,0.05807562596540015
7586,0.7962679983063854,1.1916203784930042,-0.48410375754286533,-1.5710850914861687,0.12897733544367368
7587,0.826551271747706,1.2777038316432767,-0.38706541393012667,-1.5091636171616938,0.09397292674241217
7588,0.8883242083126008,1.1997741111177365,-0.44075695454990826,-1.5370569806476815,0.06857127347180096
7589,1.4350041478927207,0.868156428853841,-0.3469010984840316,-1.0453527251386259,0.048324614635623854
7590,6.176190613492483,-0.27885756454257543,-1.4196051057109844,1.1803327864188633,0.3048494264217609
7591,6.770880017430191,1.4999274170259609,-1.9462649803416956,-1.1352820367709207,-0.2834955636602248
7592,0.4773702912903276,0.8157258044762528,-0.29748481231361174,-1.3967846396926393,0.15076086120285329
7593,1.9293695607970631,0.4841152282322212,-0.8056537969850015,-0.740978834892553,-0.10984168049026287
7594,0.4086015370359755,0.8326091872107152,-0.33816520663402994,-1.4569285520562647,0.16262839334531018
7595,0.9020025095652577,0.4565866538357366,-0.09441862846456549,-1.032977229333977,0.024615430168938093
7596,0.4115095127514837,0.8636629250755893,-0.1544833448031828,-1.3753564389061064,0.11913802713287733
7597,0.4423704448493287,0.9167371455806684,-0.034957758310280175,-1.3232549482851679,0.09267080949961172
7598,0.47326140422862506,0.9729629287192252,-0.0032972301987907134,-1.2844549514189234,0.07062872053251813
7599,0.773092985790168,0.5796398659066748,-0.08524511695920876,-1.1250959040320339,0.02912233307199059
7600,6.756248069057783,1.3572000993453122,-5.446134263480241,-3.616333887724139,0.6847197285286669
7601,4.6386468702037815,-0.9713729859346775,1.2146412600925627,2.080433112494625,0.08300940901801426
7602,6.891765152240443,-0.5423560337195438,-0.42769222531407947,1.2343341559529504,-0.20158319869217398
7603,6.088608527579176,0.4991908613550696,-2.7301589255560357,-1.669256382219008,-0.11931134179189865
7604,6.338651645388583,0.6492126747944209,-2.9839776339502992,-1.685379977000534,-0.07122246184452787
7605,6.1293430195321275,1.237928353923912,-2.0831857349224276,-1.3941262333368776,-0.4499647705232892
7606,0.8065685712511266,0.3221307189839121,-0.33948162000752746,-1.0784610550145115,0.029264672046079587
7607,5.826693469958523,1.5770467120464757,-3.3208944114102286,-1.503449656558954,0.18019085570614662
7608,0.602782250357761,0.9453237441165996,-0.27658387121426015,-1.5033851345564098,0.09083503292688791
7609,0.6696497058363012,0.9885804149361872,-0.24287005829333058,-1.4566803337286862,0.08064981248186841
7610,0.7390174096745472,0.9810367239966623,-0.47466262945035553,-1.4513025175199625,0.15749568636616926
7611,0.8648099780707624,0.817263041868027,-0.2825324770492303,-1.2431434496704774,0.10490554144207495
7612,0.6707413387135976,1.1099718883878276,-0.27794369823738724,-1.4769065457836106,0.11151895108880926
7613,1.480060856631456,0.7308899500745906,-0.5446751317237816,-0.7910514112544703,0.3057382690757787
7614,0.5475340749208915,1.2327079960192964,-0.26574929107673406,-1.4364600481221377,0.17018775744344197
7615,0.6938647789022652,1.257584183634622,-0.26509418492924974,-1.451646703738571,0.11267629730581843
7616,0.6418862930053462,1.2815846034160765,-0.3259993777438208,-1.4849852047264447,0.15767769631243592
7617,4.785154096836952,-0.9925478585880962,-0.21259612197918895,1.089743801849085,0.012921487504935119
7618,7.295192280718352,-0.021800669960450603,-1.3016238043940909,0.5465466588114063,-0.15575331480823526
7619,0.3726715542927315,0.9012096659156575,-0.6386105127698736,-1.49108876281648,0.30026735143145067
7620,0.4137946442910083,0.9239652902424839,-0.02691339650579676,-1.313909557016558,0.1041397194685179
7621,0.40568876161909895,1.0201579380977297,-0.12946667848211238,-1.3002003436851537,0.17582383886171787
7622,0.40225194608855214,0.9969806290863366,-0.13561724306333767,-1.3316855178125484,0.1575912847418398
7623,2.106502528663632,-0.4321297449378214,-0.14038380254414146,-0.37490130469993876,-0.24053736747051088
7624,12.209572455229797,0.8113642881848431,-1.397392073882325,0.9378678832660704,0.381555986490522
7625,2.585897659885481,-0.5204351766980977,-2.1767251546107076,-0.45881125306264475,0.6144994462790756
7626,0.4042279332012006,0.9461951285830467,-0.5779127484180534,-1.4968714079539238,0.2613565323137061
7627,0.5005957681189892,0.9374617911792099,0.06927732600506523,-1.268426074446372,0.060683651637927556
7628,0.9166365685042795,0.42410307991661406,0.11273330268874254,-1.0332297877757002,-0.10197644971974472
7629,0.3451539207980115,1.088366607267156,-0.518690004982076,-1.4320865556243763,0.3168496341323265
7630,0.4726397387028111,0.9655958702891673,-0.2319363908411714,-1.3215224758793391,0.1550983239932157
7631,0.3862828221354298,1.5024649399047394,-0.46721079729383524,-0.35447461315347634,-1.3477762118888286
7632,0.3690254718036758,1.5234314922266134,-0.6558506336141883,-0.40371727225727905,-1.2847606030825587
7633,0.3197848598962908,1.6974765376681076,-0.6157305163247828,-0.36614607032594265,-1.2373617629008025
7634,2.57393096407055,-0.2805197979729413,-1.0542816498930732,0.5417952491567357,-1.678140856574018
7635,7.15586784934993,-0.9782131259395336,0.1464464823403262,1.5917982981701457,0.010471202611145907
7636,1.1742349746181617,0.020872038764750543,-1.09494258515021,-1.0801279269430295,0.30107585718112406
7637,0.5389763202780655,0.6417358377979298,-0.9567377215858146,-1.5531301231230727,0.34312126194139025
7638,0.4674310805927257,0.8513906938327831,-0.42820521989187127,-1.327437589958434,0.26650662122092994
7639,0.4206611365472421,0.8994306652904099,-0.3443071442796166,-1.344617442013144,0.21920765480626653
7640,0.37262261619488185,1.5910199344909302,-0.5571158210967835,-0.3302727114746931,-1.2719016017115152
7641,0.9638036558382805,0.9897995949937725,-0.633902174993663,0.05152489340922773,-1.3394414908906445
7642,3.506540134219543,-1.293611538256188,-0.3916951455697835,-0.0869024149859342,-0.32100442172588484
7643,4.333695457937051,-1.2162280789274136,-1.516659326271979,1.1008625145598057,0.9326059071172416
7644,11.04160134976203,1.3324100214855563,-4.284120233381311,-3.142080356093597,1.1504244370983092
7645,1.171743325736362,0.6244107782640724,0.29911305091211965,-1.0177963503175536,-0.21136408268490153
7646,0.6361023885597711,1.0568286369518336,-0.33193819602393354,-1.4937758015478309,0.13498821933854652
7647,0.6667195653607606,1.1290621296918273,-0.21078354890696135,-1.4622065640217445,0.08959137318356644
7648,0.643690173327291,1.182448256051967,-0.28287822755311814,-1.495817698853368,0.12636016422370247
7649,1.538838155920907,0.24775120276484394,-0.7361383401332281,-0.9787430605695054,0.10613129100547855
7650,5.251067012315605,2.0498250132404845,-1.9974881926557235,-1.4453080864871046,-0.28724995347117255
7651,0.46514948959477526,1.0286723562924667,-0.18146604858040247,-1.4342196983209423,0.145734717975121
7652,0.5188367039883954,1.0394071351207705,-0.11353615987109403,-1.4133805861782085,0.10547777749841232
7653,0.5325515512750144,1.1197844671501735,-0.10277703729811294,-1.3848113444214725,0.12026942851204932
7654,5.114682900135553,-0.7739479319588999,-1.4280566832736137,1.6500474513786005,-1.1823124766372446
7655,0.44835301935396094,1.8451265717113192,-0.7572785941613271,-0.445840929675082,-1.2092114860543584
7656,0.3844901207815453,1.9198368265766013,-0.9402787936027798,-0.5307390303270253,-1.1321356499268094
7657,0.3700263905959914,2.057922705365253,-0.6616316140183699,-0.3804613544004397,-1.1576619628948666
7658,0.502469951486648,1.765930322166431,-0.5975466580198143,-0.4232991940568055,-1.285649242677713
7659,0.6942285426167953,1.7181066142298913,-0.5401311086796934,-0.1971828153863767,-1.2917488292157677
7660,0.4961855025200244,1.720353382961708,-0.5468051352518497,-0.42740551370308744,-1.3125021125829368
7661,0.5889563288195642,1.8007714719032222,-0.731568820829788,-0.3398806104196016,-1.234761665397796
7662,0.6501045728508276,1.6948817095617967,-0.567649319504607,-0.3510907917550953,-1.366311100488028
7663,0.5777806514858026,1.6764298832933309,-0.6716650225158259,-0.4300459860677828,-1.324848158473378
7664,0.5120431580730042,1.8814726942776616,-0.48229057712727463,-0.330805546018606,-1.2955175665177767
7665,2.6664443438081076,-0.1016034039892272,-1.2907344962676435,0.7651166916408937,-1.3577933230489412
7666,0.4584180674685547,1.7230319864369978,-0.7366133640629465,-0.4603845046060846,-1.2436125495999906
7667,0.4292846367934525,1.7963188322029426,-0.7879514448902019,-0.44576086544405424,-1.2022479768315624
7668,4.959140944252252,0.6064588786125096,-1.793308880804673,4.491281824593729,0.9975744635396009
7669,14.271061803731907,1.205529529741426,-0.3084687728488383,0.730315115760051,0.3879746927528557
7670,7.252573398545822,-0.5719716053970592,-2.554277153587993,0.07674125026932925,0.5658752394299514
7671,10.075115845125207,-0.6729428641593588,-0.03591850185579433,2.345347751320661,1.0944857244567663
7672,7.446849386362846,1.1393168215515035,-0.5541699517722336,0.5700329704946699,-0.5937745121550938
7673,1.1441112999426881,0.1261846606288737,-2.0584974490034313,-1.520660576308537,0.6351136855753309
7674,0.34008199225850627,0.9908571136982797,-1.0704328796385565,-1.7040017637460187,0.45559087051352976
7675,0.32605764894458245,1.273680014343165,-0.3895425456243881,-1.4065960349472961,0.31267959052026495
7676,0.3199425077935573,1.414288325784372,-0.1847583065682126,-1.31058405193764,0.2876757630046511
7677,0.3641553035188331,1.2730460834543975,-0.38861522043741625,-1.4185272965677416,0.28307423896279177
7678,1.2961914822980038,0.42962579464907913,-0.32709716515031984,-0.760566842018989,0.137366702397088
7679,0.3922113401266276,1.3436010544600456,-0.4595327154512166,-1.415619942193484,0.3252022480170547
7680,0.4217349631183815,1.3477944598281764,-0.1725956578660536,-1.2997041827372477,0.24506698687865122
7681,0.3968376318864531,1.3630789757390513,-0.10922482178529398,-1.2861626038795915,0.22619622317354457
7682,0.44590433194035034,1.3097042990106205,-0.14737105502110678,-1.3029493735006052,0.20972028975831794
7683,0.432845963713512,1.398657017997367,-0.20067089101197647,-1.2927930263862937,0.2544600850601775
7684,0.6191820922393878,1.2118098305733542,-0.04844503915995927,-1.1012502015117982,0.163073813351643
7685,0.8447738165904126,0.9949543388772562,-0.2703479361916294,-0.9678235435733046,0.24000311475525327
7686,0.5197803918699198,1.1994808363209046,-0.20486812829892453,-1.2607882805150619,0.17948198733759538
7687,0.4725462417876224,1.49722057660171,0.014185248751768133,-1.143828561640584,0.2237648669388038
7688,0.4290123024991825,1.3908189446731773,-0.19168939915101962,-1.28026068236092,0.25991393267560947
7689,0.4878872578047487,1.4796538596618496,-0.2786293600824931,-1.2503389336572854,0.25579702142323196
7690,0.608377516214453,1.2811941907041118,-0.06964828471498494,-1.1759719498980554,0.17405440525237034
7691,0.48204808606327376,1.3583249815673153,-0.0473310507177516,-1.2546658808838378,0.16906409641888656
7692,0.5315829938553113,1.5406618835312524,-0.10115155006986427,-1.0662127442248723,0.255906768942431
7693,0.380825450479436,1.4016852354606157,-0.21913593200476403,-1.3275641801920939,0.26067701484576444
7694,0.37745596321811137,1.5080044770945755,-0.14584081981697644,-1.2717635795914957,0.27421716278989744
7695,0.43245980091486047,1.581032136943512,-0.15180779574181252,-1.1996831106673862,0.2772453095947984
7696,0.4598477048516742,1.419307167060247,-0.06334128830849313,-1.2451516448327453,0.20461300302680796
7697,0.4297751962730593,1.4776129417416053,-0.1531968504585993,-1.2622473138481969,0.26147313247121984
7698,0.4342572582618802,1.4365179663984518,-0.2136276213599011,-1.2939478381961835,0.26429687847927913
7699,0.564979121747038,1.360491456832679,-0.06370399097588716,-1.1667884725946653,0.20092987244883712
7700,0.4314036257395232,1.41585405378922,-0.11264811871681157,-1.2726292706033187,0.21841593104655935
7701,0.5131648717935247,1.4295111588276206,-0.26464359909693325,-1.2375974909103216,0.28491367657622185
7702,0.4994026695506661,1.3394434149619237,-0.2075048908018109,-1.2733004726717905,0.22763190366978972
7703,0.6131560228037373,1.4161691466883288,-0.23272164535448395,-1.1518324391961103,0.21150549714536493
7704,0.4449514126095866,1.450155021891479,-0.40025789598149114,-1.3032521262354477,0.31290772367212416
7705,0.4507080034044788,1.420385455417615,-0.20696542886590905,-1.2624209812473781,0.2642927580661503
7706,6.74140660749734,1.5310958121717306,-3.596519834246478,-2.8900684460932853,0.08872222511366476
7707,3.0893003181735246,-1.5255098670659215,0.9348887475748078,0.22872866652201942,-0.7124415814727771
7708,10.351919781757344,0.7822709647336122,-3.921154097925255,-1.0288643784558673,0.9618262531336055
7709,0.6869025273706966,1.0749478010939955,-0.07267778860290697,-1.3245431643637275,0.07009930640140585
7710,0.599278904414028,1.828672422649002,-0.6922774469529748,-0.42545500116349794,-1.27979516757426
7711,0.5463451690360689,2.030902068313475,-0.8915100609432155,-0.47050176070549987,-1.1703250098114089
7712,0.5138725517328419,2.0093715522943834,-0.7811735811285397,-0.4668502329323595,-1.1972701827106278
7713,0.9737504897764404,1.930722169172356,-1.0139317508294377,-0.06396634758321625,-1.0510488865077687
7714,2.223189992305472,0.2569567835484649,-1.4784154162744751,0.5381018524502497,-1.1933457388017326
7715,0.6496101969652124,1.8671097463970017,-0.9395825924022045,-0.43689458412909943,-1.1710215751080648
7716,0.504280082465838,1.979929791464927,-0.8883100424241337,-0.44748694511859677,-1.123370389759943
7717,0.7534746355674465,1.7967776766988088,-0.8440093514001957,-0.3699225267384802,-1.241879921954599
7718,0.6985084851047006,1.8899668120493005,-0.6117508298436232,-0.29750435773885375,-1.2804786729126971
7719,0.5570505526016231,2.0699817051696434,-0.6936760130593015,-0.3201224695541566,-1.1671307482339772
7720,0.7158650989454883,1.8383835749947413,-0.5920370872591146,-0.3218672358718648,-1.3070657127555116
7721,2.627220931401981,-0.1434904416694413,-1.0866545471186027,0.8898958504173924,-1.3815529976883856
7722,0.47892330622365914,1.8478605525241398,-0.7778370620999462,-0.335904348790396,-1.1359477013555688
7723,0.46020061887103725,1.8013762318879507,-0.7003406847964788,-0.3550138113341056,-1.1746750292159391
7724,2.715848006350722,-0.40929939772027985,-0.8171086273818956,0.9469702619086948,-1.4981635304419791
7725,1.1064853175454643,1.3130767850951537,-1.7566236862352342,-0.32060372700702255,-1.1745702360680872
7726,0.6422225871755957,1.828311355695822,-0.8667368825663,-0.34198076046093223,-1.1718865315087599
7727,0.597182040560913,1.9197813011316451,-0.9039382941784385,-0.3528583070169823,-1.1436236826048285
7728,0.743737967866815,1.8573435484404646,-0.8758244241125434,-0.1635718163908021,-1.1154431252751165
7729,0.6734089046096056,1.7590136416261322,-0.7863313452780915,-0.30675695067270137,-1.1995581410359613
7730,0.6356960638280363,1.8365952778406631,-0.6395010693523427,-0.2595591321450818,-1.245800052247405
7731,0.7091755657550034,1.746942097762945,-0.7196313278255801,-0.23300492264898867,-1.2220344518904003
7732,0.8053948556789586,1.663497669252977,-0.6627028360546627,-0.2058509164385599,-1.2856354623223403
7733,0.6075586499352821,2.0145883950449,-0.8389841365717557,-0.25770842533419147,-1.1108617021901463
7734,0.792017209022212,1.7136425318763215,-0.6449961061243664,-0.18584313374619169,-1.2893156661045686
7735,0.6458324163730745,1.9764563281434813,-0.7851495336204395,-0.21082049167779923,-1.1247473636504122
7736,0.8163876072246309,1.7337747311383598,-0.5591241966339726,-0.1609619988653713,-1.3328191525669772
7737,0.6117619634800427,2.0324249991816568,-0.7624626904617711,-0.203298861618554,-1.1308064969879512
7738,0.6762005546247389,1.7761564311773093,-0.7628481975323684,-0.24215520731105453,-1.195263598229722
7739,0.7456627605780312,1.8194359550963557,-0.7839879032468505,-0.19092235168802105,-1.1807006352330571
7740,0.8467854387139492,1.716096556851299,-0.5609048268909849,-0.1260968049901731,-1.333480920810499
7741,0.7253821806080706,1.9000108281933492,-0.7239928277632542,-0.12284814034646017,-1.151901889102824
7742,0.8658872145745057,1.4918274784069274,-0.8628762325987708,-0.2124275038008922,-1.2380978796867588
7743,0.7481746686054387,1.7360913616134686,-0.7981331582712661,-0.20433191620534577,-1.1987260339283095
7744,0.6989881827610286,1.8643468741630156,-0.6431365171350496,-0.11437415969459892,-1.1609026961958144
7745,0.969188549882357,1.373293804400318,-0.6249484636073666,-0.1546647703519723,-1.3952189093307306
7746,0.6487493309726308,1.8951233126658122,-0.6002428564885635,-0.17832715835667806,-1.2138686162688286
7747,0.9704837435786365,1.6214306380265635,-0.7844126531061201,-0.04840788408231646,-1.2249397908026602
7748,0.6924589388184609,2.4435211400098247,-0.9383912461124801,-0.022919849841958457,-0.9125087647816791
7749,0.7876867554722919,1.6111601535411744,-0.6274401858131219,-0.2694006196300093,-1.3247021662112655
7750,0.7327502467991757,1.8392894701671345,-0.704778132459095,-0.1853178983479535,-1.214464451510698
7751,0.736681173449397,1.7574770812924112,-0.5797543138073132,-0.19976324651842253,-1.2993152502769478
7752,0.8002213210981002,1.6474405021222047,-0.711778318996091,-0.29033161896706206,-1.3095993569086672
7753,0.6787357086780178,1.9944493565402495,-0.7856473439958254,-0.2557284532720389,-1.1628076498397073
7754,0.8658462019395864,1.656419404441102,-0.6670930085616823,-0.21545178065174275,-1.3186162032950461
7755,0.8587714214583501,1.6368921902015987,-0.5865923908638011,-0.1871317321002006,-1.3227375005615163
7756,0.7800500443585543,1.80028705337688,-0.7622213531176844,-0.23495151081993293,-1.2300153937930527
7757,0.7399764900951082,1.8182576524813632,-0.6695101578256017,-0.19101918969889428,-1.2156647153250724
7758,1.1372504734967435,1.3481862190483274,-0.7233412445763896,-0.012913913518773293,-1.3368834469123003
7759,0.6707396783973876,1.8964574197240782,-0.6721061923085484,-0.2252741128014356,-1.20942664028078
7760,0.6789007255668614,1.9449406740985224,-0.6921584282769452,-0.22608083015444855,-1.212973091144248
7761,0.6800092562845892,1.795090541490982,-0.5450883257253946,-0.2495827897460846,-1.2890466021329428
7762,0.6126477569547727,1.9656131222954603,-0.74863408645969,-0.2929544892378528,-1.1805245098923742
7763,10.730231983558085,1.7779907581034489,-4.712655850996347,-0.8126032599109908,-0.3717217381237913
7764,4.648165746888655,-1.5866950809155336,1.4819324874503566,1.3233711407839357,-0.5660039949945204
7765,10.636162760321955,1.4918644378771029,-2.1606747558543566,-2.1105895590123027,0.16582998617334038
7766,2.552738691107757,-0.9656376416669412,-0.06182836095500195,-0.13306930515671284,-0.24667244776221042
7767,5.543423268711,-1.1964757893055764,-0.7504918362775688,0.5281495796592321,-0.0736295851196321
7768,0.7750780412446376,1.1786225058798179,-0.5220914493521153,-1.3713539027508743,0.23902603511976916
7769,0.9111736905253819,1.2769668204413382,-0.13972910428599655,-1.1422117772998892,0.14738844083516692
7770,1.0867070904611573,1.7463477231006297,-0.5643451973513863,-0.015774901516867362,-1.3048652230803734
7771,0.7363690063690921,1.878952417698979,-0.4692177534850096,-0.3058025338437823,-1.3515621937399216
7772,0.7259580927912521,1.9705999369290441,-0.5580722604779634,-0.3186128678591265,-1.3110084499441996
7773,0.6960500638527131,2.0550740033624826,-0.6107070086737829,-0.35161163422292724,-1.2812994115595127
7774,0.8003791158139396,1.9805016948847936,-0.7263462574319972,-0.3106644232005742,-1.2614812379527642
7775,0.9204151724406043,2.034988826758367,-0.712722368225639,-0.13701352012729123,-1.2078934517621143
7776,0.7275457475976344,2.126113041179772,-0.6567468105376646,-0.265698089488152,-1.227866528051534
7777,0.722621201666207,2.079842629632788,-0.6820371606306161,-0.3205868285836388,-1.2383313193408163
7778,0.8546602264381018,1.973083955301859,-0.7627157417766307,-0.24152845294130743,-1.20146892964358
7779,0.9133633362848185,2.0984076835986776,-0.8330947894798674,-0.16105755750744863,-1.185814462922735
7780,0.8665086301964656,2.1306816209774952,-0.8649229900978933,-0.17907137570302364,-1.1463188210920896
7781,0.8687595833993969,1.8804547382183043,-0.6988505188878601,-0.24976963497823693,-1.277591571818974
7782,0.8898942008276681,1.8465757406291792,-0.5035737001303837,-0.1704710118054767,-1.3352416572134456
7783,0.8131719014667295,1.9463804104315159,-0.6300748816791513,-0.23107021382168022,-1.2720770778815609
7784,0.8550341825998246,2.0705094090460796,-0.6789323575490102,-0.20514514214450327,-1.2406528544416862
7785,0.9484439102405188,1.9412628104542935,-0.7926390655342632,-0.18201188169192625,-1.2207902855670096
7786,0.8718524426107334,1.9621679053914953,-0.7057826463198557,-0.18943471340094048,-1.2474198490936086
7787,1.3702441912995786,1.6453196755311716,-0.8758226571732575,0.07874871290842736,-1.2774117200293085
7788,0.7877451008398193,2.0278965845829027,-0.8371395675858787,-0.28923424585966484,-1.20627055012135
7789,0.9355763904603858,1.9414418986134494,-0.7932688089146521,-0.19437788286468025,-1.2502309600320485
7790,0.938145942687838,1.9732862480098674,-0.8141520359585477,-0.18020976384205045,-1.2103126279138015
7791,1.1451980875378935,1.8248758254306394,-0.7055956781238385,0.05566166687754381,-1.2450754585110657
7792,1.1148854889758462,1.7816737572693502,-0.9798703429855261,-0.1198714539489371,-1.215493836795921
7793,1.1067866576129655,1.739627996609513,-0.6344309156637726,-0.07880887815057071,-1.3476763852144515
7794,1.1303747527604484,1.6537766824277018,-0.7758927968852752,-0.026630459663956253,-1.2814663233341086
7795,1.0350241964847295,1.7674589819139155,-0.8461138764611973,-0.2486967206449003,-1.298974985225519
7796,0.8006858568551326,2.00158637420404,-0.6606633511346903,-0.22353562031720492,-1.23683716325829
7797,5.0392534598723,-0.7585538322075369,1.6257649970298853,1.8212691976384028,-2.6694212500094032
7798,2.1683329052266176,0.2726038062682818,-3.262792097692167,-0.35045111471259144,-0.8027831405063944
7799,0.9257657015763124,1.4249148299880665,-0.77477056975404,-0.12648556706628253,-1.2753945098300146
7800,0.5793760832218255,1.813303436138526,-0.9812394569696964,-0.3122887817578451,-1.079071126308672
7801,2.0308352078761795,0.4224367269432314,-0.9456330512835445,0.7656520770052748,-1.2146208077069809
7802,4.019044558675005,-0.7298924899434163,-1.2958073330597948,1.3883915337976513,-1.29222937906391
7803,2.9634265999154827,0.1988474652303946,-2.9114909379179372,0.5463524143423123,-0.7483863011413906
7804,0.875753153002378,1.866882147198162,-1.039298368553914,-0.2983800654638675,-1.1574527370212362
7805,0.6801889833642659,1.9771327839543624,-0.8514131733142752,-0.3459297056707114,-1.1806433467079562
7806,0.9117936596896923,1.8488898896708974,-0.8238571345750445,-0.26959484276413787,-1.2529915938560252
7807,0.7401411187943036,2.005465330694771,-0.8391752082964277,-0.2653013665401683,-1.1368016383161978
7808,0.9178795519728106,1.947920786447042,-0.7468999058133282,-0.1683256611920495,-1.2313884928046237
7809,0.6654626476847586,2.007815807440235,-0.8781458883960649,-0.3534350988276709,-1.1580809872767632
7810,7.128081614881918,-0.6722469414167778,0.43490763819868244,3.0046981853554,-1.325122252184816
7811,0.8322652254864673,1.0349794764466658,-0.6311809628913618,0.08020132364142067,-1.2509070668881903
7812,0.2682012268519001,1.6973954810264276,-0.48946792563148367,-0.1663286851985042,-1.1181023953300728
7813,2.0899343309037475,0.5045142367566011,-1.3698354319408688,0.43829890239638486,-1.436576622258335
7814,0.3823289407112266,1.546067987036099,-0.7375529280284264,-0.1984927891362813,-1.1050074459775738
7815,0.23204733412828615,1.7362562752911341,-0.442053739958402,-0.14970019432803086,-1.103551375889945
7816,0.5826937586685825,1.2768935785399187,-0.3398437509723942,-0.04451044230596423,-1.3250625465742123
7817,0.3643821270484376,1.5259562255163408,-0.43984234120418453,-0.06222336434988269,-1.1542803299082804
7818,0.3761056425870078,1.5979680020360445,-0.35952797658663704,-0.10363875547994664,-1.229261363997332
7819,0.3883391276533455,1.5020607423293266,-0.5746565398946033,-0.12103243549483587,-1.1469403370303566
7820,0.435322722891608,1.5066249679283048,-0.6511737482096082,-0.050959552270229164,-1.1042305696258992
7821,1.5968569571523938,0.1890906157144778,-0.8557609738342756,0.6738430768656662,-1.2669174213757568
7822,0.4052199942789793,1.425629623730095,-0.6399223908955088,-0.1501229778359466,-1.1730375807278037
7823,0.3675512121927585,1.5908833749103988,-0.5151698654222537,-0.14509233848178127,-1.1740560469329815
7824,0.1462977838537869,1.8206949459676285,-0.5423288731109245,-0.21183877032551168,-1.0368975170014407
7825,0.27273773521425204,1.650897282149242,-0.3149527157097967,-0.15417156030870877,-1.195522640804421
7826,0.34304255830502,1.5716172688399415,-0.3399057136235885,-0.16878936478909412,-1.2292563741505835
7827,0.26223045664508693,1.5734325296582767,-0.3747413255364936,-0.1527251855854738,-1.1852378731007776
7828,0.2184546973795312,1.7356153494616657,-0.4587848379508667,-0.19000937008310775,-1.1169404645189147
7829,0.4859737762735013,1.3487925964986294,-0.33730389760724605,-0.007359941106854983,-1.294812249976009
7830,0.24712153240870643,1.533684208466993,-0.2779418771211742,-0.14431112222950992,-1.2148263013752898
7831,0.33588485055038136,1.4522495998780802,-0.1446474589678335,-0.09773388651642667,-1.3154787512061255
7832,0.2625935245572725,1.6521450544718004,-0.4340325573268376,-0.2600215828614232,-1.1983632562576054
7833,0.14426405927988378,1.8234933265412747,-0.5296733943009935,-0.23660011368807612,-1.0678862154768056
7834,0.3110432897487333,1.5865061343642932,-0.5171076093217396,-0.10606570743926197,-1.1176089873601593
7835,0.3118950489831783,1.512324980980824,-0.4137034697018672,-0.1971534346914079,-1.232098286338457
7836,0.2199055771963246,1.68464506393254,-0.6707303394321014,-0.23264367975596534,-1.043419448213881
7837,0.2513475715676361,1.6698336286322553,-0.41311004575112,-0.12049234095691494,-1.1352545031002206
7838,0.2637007761500216,1.682466440217634,-0.3271665044961499,-0.12472650404182856,-1.165408663384145
7839,0.36875803858398526,1.3889691384423246,-0.5373324890548414,-0.2103186367147098,-1.223927441463809
7840,0.17719999756269483,1.7610182304710857,-0.5657655312848925,-0.243981543928171,-1.067192729132986
7841,0.20233851653382404,1.8116040304289165,-0.4747038301453486,-0.15142659863843985,-1.075482761210752
7842,0.4260388171390927,1.435344021889251,-0.32342412627127,-0.10529606988348586,-1.2787224453125778
7843,0.3469222701447567,1.4989033556334885,-0.5344457294281675,-0.15032904256277407,-1.1540740371704072
7844,0.22351565854196964,1.8077050993006862,-0.4545443720277365,-0.14439468344313083,-1.111403203338976
7845,0.17879461294976873,1.7826447905767377,-0.48976484525051034,-0.22279832356416437,-1.1183219490532943
7846,0.25607106554630404,1.6833254302607001,-0.33523476926669393,-0.08028153672479998,-1.1657735468731156
7847,0.24517652006010754,1.6988050487568125,-0.3524893141097742,-0.13873098380594673,-1.1841333154745546
7848,6.163227517905088,-0.673111138594568,-1.3055121476610632,2.3378551115002257,-0.8123792910168786
7849,0.3241490528478648,1.4763183979980645,-1.075431739913818,-0.3140902743797425,-1.0510038748353678
7850,0.24430486183690006,1.7010225687828062,-0.46739829172337954,-0.1288398868487915,-1.0975361393810246
7851,0.08045900894712037,1.8313445873649177,-0.5148097605240988,-0.27475467039560636,-1.087060133250407
7852,0.1373884023018287,1.7620976295905886,-0.47565443398746143,-0.22713670189534585,-1.0984636360592892
7853,0.17432562627033207,1.6386036109540334,-0.36415560214530474,-0.26895441139845877,-1.2021545512097513
7854,0.19778035284446674,1.6987891229567573,-0.41872033425529803,-0.23400505851584555,-1.1864219942383334
7855,0.20673200915981507,1.6112087696104633,-0.5281527369091992,-0.242002437623972,-1.1546926898754053
7856,0.32247669189499906,1.4710149927113487,-0.40761998082505063,-0.202245423182481,-1.2467238399105642
7857,0.33582194668837106,1.530538895496674,-0.38915159156729756,-0.15475549767587113,-1.2592960181804402
7858,0.2470795607684755,1.7014466189537993,-0.4726178750849996,-0.19295420184623607,-1.1625225931050203
7859,0.254927118366779,1.5550339910721527,-0.4886834218511844,-0.206461441064589,-1.1813634851585486
7860,7.426270873004371,-0.33122218906614787,-2.310033011951776,2.6768305045020075,-0.14194354985401392
7861,0.2282113081327295,1.680338950942567,-0.5609291186176949,-0.17898717259953725,-1.1158420414885784
7862,0.17968559941348733,1.6489408414459354,-0.4609116057773243,-0.21554075569786052,-1.1794422019161852
7863,0.06233089957906311,1.865668152655967,-0.4009290200070624,-0.1871231168461204,-1.0950980160063217
7864,0.020495351860890302,1.847237992906032,-0.4461472698626943,-0.29685227252923185,-1.097039609815105
7865,0.117160443490266,1.7627795316493564,-0.37542357882979455,-0.21539326411141854,-1.168891925680403
7866,0.09333593359277832,1.7092489414872716,-0.47649697823328563,-0.32030152178274546,-1.1539409945417118
7867,1.8578126849021743,-0.02793263821753467,-1.1371308871201844,0.9771370434232945,-0.99479982233348
7868,11.81643117570657,0.14066384750546398,5.006735565204566,4.723782635064155,-2.408798481095378
7869,2.1372187263318896,-0.37276092165208,-3.9095948710312003,-1.9459506651909304,1.0220564006749255
7870,0.4696970294500021,0.9239758279151147,-1.2495941200447254,-1.7800500382013806,0.4166227019164158
7871,0.41528483876357075,1.1915210639922766,-0.6818470367487204,-1.561443194953986,0.3204309622502432
7872,0.43028590973115727,1.1571643107488843,-0.24573668376066915,-1.377745188455671,0.1964330221172684
7873,0.3962803222360152,1.3193425557649952,-0.5710246607017473,-1.496282639196668,0.32089717959330194
7874,0.3538979840986077,1.4247848818426312,-0.5022928588280278,-1.4781910755342902,0.3372049379430559
7875,0.40566382992301797,1.357059101500918,-0.2826400685478622,-1.381857819873661,0.24888382299553058
7876,0.45745651189596565,1.272246482884002,-0.34257155649130056,-1.3417500454909,0.24991106996334353
7877,0.42373754940694613,1.370339288284812,-0.22856916859467763,-1.3441446481916455,0.2306902890489036
7878,0.44217877444864356,1.3061599479631048,-0.21530738322268797,-1.3873350466698329,0.21737326022932812
7879,0.4251760313632309,1.370812729468541,-0.2920101271138468,-1.3763129024010823,0.2621232042710562
7880,1.1930096310092773,0.765342219171981,-0.684623979178527,-0.9328918472164696,0.3730822894318835
7881,0.5993157783904024,1.104219510842299,-0.0503981123070272,-1.306108282459329,0.050890388928192566
7882,0.4607083361466282,1.2555731602799038,-0.3079929553660381,-1.394538529669917,0.21372080567601934
7883,3.43472174506516,1.496497994671145,-2.1814031236959623,0.1955416436381798,-1.5291956762854881
7884,0.22218093198826738,1.9494964254050269,-0.78738534255334,-0.34775246228794315,-1.099760749382485
7885,0.22531678982087283,1.8248269128527947,-0.5880811733729568,-0.3466965050252996,-1.1807225810624555
7886,0.20768216976134987,1.801811626536825,-0.5642929085185631,-0.36715855021468935,-1.1869390573218124
7887,0.2694700272123492,1.7243473185464113,-0.6239822923786049,-0.372968097517517,-1.2201975715979934
7888,0.16983402260280214,1.8468946585588395,-0.6779003108263499,-0.42401392011695194,-1.1416008027170785
7889,0.2568367715351184,1.8345238509964064,-0.4589273598366373,-0.3248368414153417,-1.2196835322699664
7890,0.37069244904756354,1.2076926967060098,-0.1447355664382645,-1.3088930336663986,0.24085548321031824
7891,0.31141870311605674,1.1693212386716971,-0.0031880463232071953,-1.3153374812293728,0.18873323996631186
7892,0.32192357454611054,1.238382241211075,-0.10328539580825283,-1.2978937648764257,0.22139041178713798
7893,0.26498378951846724,1.7764834948217765,-0.38459248896387876,-0.30245794400199455,-1.2720191718748075
7894,0.18294252887132498,1.9331780827252762,-0.4469624877850684,-0.32799476610670303,-1.1954833991993208
7895,0.32299589208016455,1.7985289150032036,-0.6070239048180697,-0.30664789170907153,-1.199026540929081
7896,0.18694284408521053,1.7944419645276228,-0.41096480633370713,-0.31632139599691367,-1.2151234451505173
7897,0.2405517543448644,1.7682165701360655,-0.6111369573479833,-0.3964063622018128,-1.1904340461849634
7898,0.5894958534343073,1.6241868098463805,-0.472002599030243,-0.061356908027684114,-1.2449651942038933
7899,0.35363015366491796,1.1396009786445558,-0.018074183203775823,-1.317617219932046,0.1450068983757655
7900,0.3345304025250727,1.3147734604244776,-0.06368599888226287,-1.27914676603446,0.21788624572268356
7901,0.18512163439365334,1.809910893525928,-0.8147461159288979,-0.4801892957471984,-1.1207521375892768
7902,0.7988445745065358,1.3585191694654495,-0.7529793981633438,-0.14843002243337453,-1.252283901135729
7903,0.3990055835247028,1.6062216273739063,-0.417525134791765,-0.36000049279400065,-1.3624024725279535
7904,0.22514499123095913,1.9062296039833946,-0.6378458541629612,-0.3833387344655031,-1.1739243185605057
7905,0.25722085836692227,1.8639927697592036,-0.5763886223731935,-0.32722243620056407,-1.1956845817699673
7906,0.30454374432259557,1.9359909530338912,-0.38636417346034996,-0.23813579031575657,-1.2326100591090698
7907,0.2835565353776852,1.9772328824925554,-0.46834357332675913,-0.2908141247194228,-1.2071433956899669
7908,0.2672961848167647,1.8730854625682407,-0.27441925354501673,-0.247966768279539,-1.2747833446098238
7909,0.2763357564207594,1.8296524304460475,-0.4577048654479272,-0.3077289977033219,-1.2281540268122353
7910,0.2725365958184917,1.8882347353418094,-0.5330776500819572,-0.3098053202126171,-1.1935005908696996
7911,0.26995907902453925,1.8820388377529151,-0.4554324926740411,-0.28788812782403034,-1.2225830100652932
7912,0.30257279212712807,1.7615671072205406,-0.5025655323013962,-0.28284256445726264,-1.2426845220957123
7913,0.17030150076645306,1.8188311812037208,-0.5110760019396147,-0.32874194982191496,-1.1841705815984245
7914,0.13716282435291643,1.6977686300234123,-0.5103701488785314,-0.347162618506422,-1.1808348999325946
7915,0.24331124208932778,1.6022340640301451,-0.5772233222558553,-0.3757595228540018,-1.2585667159850373
7916,0.1544151942003034,1.7113170238202557,-0.44604967632232023,-0.3408610154656647,-1.2072026247385301
7917,0.1437632309469897,1.8487213943487697,-0.44604731074108095,-0.286599035545776,-1.1555468316934538
7918,0.17005302647052906,1.7525586593467382,-0.5908587615044147,-0.3361348864272759,-1.1644880183979442
7919,0.415535696640734,1.5253941124479296,-0.6312703879738571,-0.20817981231635813,-1.2126988913481305
7920,0.23447896939530147,1.6139357888427022,-0.5845084495631451,-0.3699454548865248,-1.2259683369647367
7921,0.0797103387110075,1.7909917556186206,-0.43071495279240374,-0.3336211188589404,-1.1667245758935283
7922,0.20292762587415533,1.6667807968804822,-0.43652705094388555,-0.3533265361244954,-1.2393821454525478
7923,0.13349727959025046,1.6793687217451765,-0.5201282513409918,-0.3476765577951727,-1.1835104148984368
7924,0.13039747017093342,1.8167472805389417,-0.3688292339936163,-0.2913283617132009,-1.1919429415513907
7925,0.14036713239611256,1.840117047353622,-0.47052146460776895,-0.29247385766828365,-1.1852036911610107
7926,0.04912332853017504,1.9010095421033166,-0.5136270485087826,-0.33192277768530837,-1.1140520296772527
7927,0.14161440400709338,1.7584238859130454,-0.5175345012470421,-0.314555450264884,-1.1522203730861995
7928,0.1510274261210058,1.6934270164828111,-0.3474684733400232,-0.3054601945181557,-1.2294853875134626
7929,0.10343573480129989,1.9608025904669437,-0.4364814949844748,-0.23614261416837687,-1.122123383958078
7930,0.07701210197794248,1.889899688792844,-0.4147787412421258,-0.28812118561841304,-1.1245388634424671
7931,0.08860891440366427,1.8324994176431708,-0.45272399991802,-0.3068867488788185,-1.142668120198322
7932,0.10704314905585377,1.946598620788426,-0.5150780113655586,-0.2760963977103638,-1.1131370006519725
7933,0.13504039737136903,1.7023729041455715,-0.48321869787485705,-0.28572309213428765,-1.171138568996687
7934,0.21411819312573788,1.6779974920672749,-0.11948078587774119,-0.17775038860970369,-1.3097444290011488
7935,0.10629910585734959,1.8304349468833776,-0.3736586566876068,-0.28968046568555195,-1.1775851999921054
7936,0.06790422550894383,1.9419962263436017,-0.20783199029498223,-0.22495903180266832,-1.160407074681821
7937,0.32809875113966946,1.4848495365485408,-0.05499694425641006,-0.2250307911111038,-1.4376515735990651
7938,10.976201689109052,0.000579873814891189,1.1906856256087013,3.8151875413259067,-1.0296340477591803
7939,1.167397084613523,0.3944068638145006,-2.56364048109497,-1.908350405233507,0.5679200588543345
7940,0.3656439848232546,1.8770806850416986,-0.9239779075869637,-0.2478220376528246,-1.017083291143795
7941,0.37582250790133054,1.767030023847464,-0.781301781035242,-0.42788898650535884,-1.1882542911259433
7942,0.35345690408363767,1.981021421895114,-0.724912168036173,-0.2868364641359914,-1.1102425082565057
7943,0.46339484452867385,1.928958064158275,-0.6921862864205468,-0.21033380474743624,-1.1800392413649525
7944,0.35105721138347246,1.9423297970838993,-0.24984412080784454,-0.1160592725856856,-1.2632739917235283
7945,0.33633362955062757,1.9657758668810548,-0.5393812266427146,-0.27250328739299756,-1.1856240744961464
7946,0.4234813894668213,1.9310647787646695,-0.46785813474801013,-0.20996547502764265,-1.2480370389209874
7947,1.5117669183288729,0.8188590245831993,-0.7486439455529018,0.48364162413287504,-1.2675584191601696
7948,0.5443304376207894,1.8000173178940744,-0.5894297865398413,-0.11377458435615856,-1.1810794361492212
7949,0.2920389612834885,2.0342335695546954,-0.5073057976073283,-0.28636802558706537,-1.1603319703838477
7950,0.4426784600545589,1.7388191637343828,-0.5325260540483536,-0.28708218676721725,-1.2858507596618605
7951,0.47599082530439696,1.8245286643553262,-0.3943676933076471,-0.23727239267969552,-1.301954376336336
7952,0.11662081477789364,2.3378613770397143,-0.5497658064864319,-0.28264777320360035,-1.0364648087165533
7953,3.3689605524139696,1.0067457343508968,-0.7881028575025854,0.0163208901711416,-0.21406738974507236
7954,0.34138241946220715,1.9036527118472288,-0.6660814574506745,-0.34578147962348815,-1.1727605679015563
7955,0.380692369242493,1.9021148637695324,-0.6383007608897859,-0.3082798963629268,-1.1927286552901237
7956,0.3387290888236036,2.008185422006864,-0.5652339854283768,-0.27109166491638065,-1.1802979478535152
7957,0.3173938740208236,2.0736394301370678,-0.6422536049737438,-0.28692074375923593,-1.1253862622215343
7958,0.4679720613520544,1.712991205957934,-0.5243869913867764,-0.3034450250134638,-1.3025742985192421
7959,0.6821847737161311,1.3895607139632526,-0.37659358850688435,-0.18577543162919197,-1.4453444277028558
7960,0.26055182973406793,2.0139123705956283,-0.5425506667924634,-0.2881770077829711,-1.1597136114139213
7961,0.3504744678209691,1.8793091198331602,-0.5648231144042806,-0.2791059668291785,-1.1962270778960251
7962,0.5455554911092517,1.780333601139423,-0.5436786397427926,-0.15303578982742053,-1.2500718865558187
7963,0.9460398968697972,1.071936242033293,-1.3268348274186939,-0.2032192641525812,-1.1626933896988019
7964,0.16310024974154436,2.067612223293696,-0.7998697718972861,-0.4325139194762275,-1.0471473057222895
7965,0.42761991280793527,1.600757148868774,-0.7592984472159098,-0.43418898440648707,-1.2810553926642374
7966,0.35575706096711274,1.764465796903661,-0.7385763407764857,-0.42365003544942426,-1.2142830286485353
7967,0.3396447382470988,1.8900779994873838,-0.8335420564651331,-0.3882851563825438,-1.1265325966460547
7968,0.30914890430183317,1.8890976299130726,-0.6927106973852636,-0.38186698664216034,-1.1848718186844664
7969,0.31872918980493326,1.7796581194287688,-0.5493151672994617,-0.3830157145514808,-1.230476368000035
7970,10.111137334949833,0.022221714598382354,-1.4994491548470732,2.8449990041688653,-0.2234189056646284
7971,-0.07146539587454738,1.813617690780428,-0.41401554175879857,-0.2057770069721231,-1.0386990330253423
7972,0.2153482393693774,1.3643253471496588,-0.3970528985210137,-0.13410804451523128,-1.2402878854882533
7973,0.027165581005137,1.6148824210212567,-0.39737210938505657,-0.20160335383881872,-1.1253664521032305
7974,0.034278938872536996,1.6554738292199973,-0.2836344176183335,-0.20064243082231256,-1.1484843675393974
7975,-0.004473377381953636,1.732599626960911,-0.5332648447468027,-0.22433585283467616,-1.0361214031129389
7976,0.0035782496189929137,1.664775494655527,-0.4362216071897992,-0.24216684436538588,-1.0974612619017368
7977,0.06736236598067917,1.6551117554855517,-0.29717232225865664,-0.18077103620799678,-1.163381359611127
7978,0.08777975805429816,1.7773303537850367,-0.3963694267564685,-0.08760712358581349,-1.060144775704142
7979,-0.019847734490253052,1.7879647109726877,-0.34850275377512524,-0.22098292549469364,-1.0942708753345476
7980,0.01481426278030699,1.80601034907372,-0.2226402899477551,-0.2314449617682693,-1.1663121302317485
7981,0.09250061646078428,1.7171967801028125,-0.39276224002888926,-0.16593010713461837,-1.1004776259270692
7982,0.09021584227170414,1.7916829034691293,-0.2464948664486433,-0.12321892712797414,-1.1274913869974978
7983,0.06828206263853533,1.6519906190140063,-0.26895981488697557,-0.2146706015856168,-1.1826275134484363
7984,-0.034131144256886146,1.9244450283371821,-0.2193592305310479,-0.14759942857025954,-1.1019926482700542
7985,0.014703482372911712,1.7944225348449878,-0.3436043550121608,-0.21310192392287047,-1.123166922721958
7986,-0.07568369729194252,1.8684627226558967,-0.39197737987644105,-0.2166521696892957,-1.0523653027165731
7987,-0.028452056136446725,1.8154689285282228,-0.3969573389595978,-0.21518966369536519,-1.0651144414261835
7988,0.06389066215463904,1.6658484386872296,-0.4089924927154052,-0.2412397891457296,-1.1330135859267259
7989,-0.02917821179161092,1.8810767569983544,-0.3013132150677816,-0.1582863224013301,-1.0822205260111957
7990,-0.03992219074798867,1.8412498563096413,-0.2982635195160137,-0.2358335343287439,-1.117416598040627
7991,0.070469264383448,1.7377890637781315,-0.38426825443162765,-0.2143998460697372,-1.1412514298260712
7992,-0.017569175667313055,1.8178265228365234,-0.3273928482431246,-0.19527023376842162,-1.098257518333176
7993,0.11601421780726061,1.7082736004767716,-0.3345474515357731,-0.19750011179781493,-1.1924165735142875
7994,-0.06260888394955427,1.8097547580925073,-0.430912478423567,-0.26115304243124615,-1.0659195917097446
7995,-0.06356926169546728,1.7090301789719102,-0.3121614028607626,-0.2579986441765399,-1.1323539317453875
7996,-0.03184266740474746,1.8669087810855796,-0.334120940628485,-0.1714036417597986,-1.0845203714035778
7997,0.06357260384066282,1.532697019340799,-0.36671661277749207,-0.25677160179616293,-1.1939193753003448
7998,0.037322334418080715,1.6135072731458004,-0.25853969744515426,-0.24302220495439644,-1.200136385203807
7999,0.02205444519217595,1.6773499023945904,-0.37421576941245893,-0.21916934251510561,-1.140980265500398
8000,-0.010476828045557416,1.8021733982075978,-0.32831258719499873,-0.12967383724561315,-1.0938033176472406
8001,3.3806601403099004,2.872893869856314,-1.6205072504850917,-0.22472976231024197,-1.8444780722835539
8002,0.02970884504221225,1.8072356835873105,-0.021494108916390826,-0.16869242415888486,-1.2467492809613072
8003,0.06550406520405021,1.7663250608331618,-0.13449200741819145,-0.17400552627211419,-1.2282544525173267
8004,-0.03709306783061953,1.7278650415221968,-0.3351992346015347,-0.28986227220020044,-1.1547249381449602
8005,0.06701036213937372,1.7799807025878323,-0.2914811268801395,-0.20285328669889202,-1.1825833204377953
8006,-0.0436582443628241,1.8362917659698261,-0.22686870450933116,-0.1913792714835681,-1.147673393503755
8007,-0.05601609806030464,1.7668575753736349,-0.2583558568266602,-0.2810744397971285,-1.164631402097285
8008,0.061286307744625235,1.6002632730074917,-0.18415254292865066,-0.25398026917238276,-1.2632513754695984
8009,0.000946746907699469,1.7020274591648505,-0.30192391180174155,-0.21809406214793836,-1.1492640041327908
8010,0.5838145303353988,1.2785870137507505,-0.6520530503486766,0.11873956942892379,-1.0680258548917019
8011,0.10723914104775484,1.6227704533759812,-0.33889259447848274,-0.2426638037581049,-1.2195570725745462
8012,0.07018360613198561,1.5121835308684295,-0.25643141418428583,-0.2980792665179471,-1.2730491725353592
8013,0.05121390308288023,1.7275130051166754,-0.3439005113400996,-0.19133492870716493,-1.1682703802293148
8014,0.031704704095444784,1.7881185652455422,-0.29708044988226207,-0.1811861851950869,-1.1707906762716127
8015,-0.07327442994910269,1.6975942821226144,-0.3513939048608313,-0.25755744699239774,-1.1148604858572515
8016,0.04677941560763072,1.718605861879823,-0.3735197959254685,-0.2364538218177878,-1.1424600310471034
8017,0.11556224012351213,1.4824916450117533,-0.12525587597247428,-0.22731962836938657,-1.309732955455482
8018,-0.029357414433187203,1.7131494927520998,-0.2456019973528112,-0.2341530701092519,-1.1727345428757296
8019,0.06503001892774969,1.6682374769600539,-0.2578696680734778,-0.23846954383099633,-1.2122119028078837
8020,0.006223052076088242,1.7023607437138657,-0.19670430154329124,-0.21425656046193925,-1.2193056574585013
8021,0.9197991295882647,0.8819951481492198,-0.6745199582919823,0.22973126261742877,-1.367011022546982
8022,0.007407621031292016,1.7523346766311434,-0.14288886535716686,-0.2187667668242285,-1.199226047452086
8023,-0.035704359192827585,1.679059475598711,-0.2628645027774919,-0.24558444109980268,-1.1692941167497084
8024,0.06459543921049819,1.4883357386803668,-0.4819046142811251,-0.3863022678667842,-1.2165292400371248
8025,-0.1383482929405125,2.0692467480728385,-0.32354264465420013,-0.23140718010345743,-1.0369848091874105
8026,0.20079148975794292,1.3804313179098033,-0.4302714052792709,-0.2811283840636583,-1.275424181550661
8027,10.08901901718379,0.4696207591995531,-2.8806247790062813,-0.17848819366319685,0.7223570817465783
8028,5.9105327293190655,0.4350611080018126,-2.1979879285546096,-1.5181445882171472,-0.34162492168644404
8029,3.1363401893058804,-0.57830509875863,-0.5759226730601311,-0.6675052851696779,-0.5239416069268473
8030,5.439004344818978,-1.5437440121750738,1.3074801898263435,1.4807042900792444,-0.44444693160239196
8031,0.9373707326732242,0.3285136500342896,-1.0406817015128953,-1.2144405132438916,0.44206283446780087
8032,6.8434428625353805,0.8404866844999913,-3.1762812787944235,-0.9980556785757737,0.14883309118386645
8033,2.2726758936077185,0.3679562724917947,-1.8910536929132178,-1.4480311926731126,-0.04304525391068797
8034,1.173989881592527,0.5603822336931332,-0.5028063291192567,-0.9270544100272758,0.07579380192886644
8035,0.5423045196397401,1.6265897433398826,-0.9829253027018426,-0.10536047466344657,-0.9878239632398697
8036,0.24580291729268963,1.4825183861440614,-0.5652726487295461,-0.4139871612377174,-1.270999088920005
8037,2.610404560651668,-0.3812031565950255,-0.8312741548796182,1.3943592020048776,-1.1526985239328829
8038,2.130291027327402,-1.0145356868067137,-0.3560221372316184,-0.3280740773568307,-0.10233319432701653
8039,0.09615092117977582,0.9831587106703626,-0.2543259039616268,-1.4323847431420715,0.3164258770619015
8040,2.7563130586758664,-1.4799555061019216,-0.46044829786218683,-0.39303944755985765,-0.2810655238324754
8041,0.14665980446756144,1.0281776461784278,-0.3401965598730304,-1.5224545271749168,0.30972611590879784
8042,6.483597074294736,-1.0724983985867111,-0.9965950721125101,1.6625644833680506,0.7878867306253908
8043,1.9364310372735185,-0.09284931855195674,-1.8535562742305134,-1.084403578111506,0.3082451239307271
8044,1.084731156829744,1.6961387251710962,-1.626859607826704,-0.03259986428768893,-0.9229118762388279
8045,0.4313036944794142,1.5672016494540795,-0.7749287006484673,-0.5300220418272014,-1.2920422039859916
8046,0.3644190743486905,1.7797762422390313,-0.8879957489336568,-0.5278418509332101,-1.1917539365698495
8047,0.3902587646142158,1.8507081586596352,-0.7210703057733019,-0.46298581848237924,-1.2235376340799993
8048,5.94572471800061,-1.1616777272609808,-1.7014335919934453,1.0767427744528044,0.8885417668455984
8049,3.003179140444504,-1.3621802597915333,-0.6426381799011109,0.03468382092788781,0.016465288006387375
8050,3.98882363160579,-0.564239331979568,-2.5421842477211944,-0.5163096132976709,0.39803367077082297
8051,1.68087301030619,0.4030241325919075,-1.6897946504328092,-0.26121401702628777,-1.47778618504905
8052,0.6868511134210551,1.446974461209123,-0.7654695724763672,-0.44041027277932965,-1.3554326198972977
8053,0.6583275689567252,1.0029738489925366,-0.16983047202991625,-1.4152824776962165,0.06631430619751139
8054,2.025763175513815,1.312716125702026,-0.7377102739672753,-0.871680731365697,-0.2061106732094781
8055,0.8193064843856,-1.946642040669627,0.02162469116382295,-0.26984467677169793,-0.019908606624790926
8056,0.6456429124076444,-2.107426790368711,0.1016466046754782,-0.5683597254079763,-0.20025465984577115
8057,0.650337846592858,-1.677039146697331,-0.09002499906478,-0.40205313727521275,0.0035054331380341163
8058,0.63468679440429,-2.110434337919808,0.0839360066924911,-0.5878903314916534,-0.19772518843773837
8059,0.7148402490057206,-1.9919795804152616,0.02486702102499839,-0.439461917785116,-0.11101327325036794
8060,0.6759608861935266,-1.8748311026582805,-0.134195016596771,-0.5240165859507246,-0.06271141176462271
8061,0.798292963309638,-2.1356291637384044,0.11197200901030625,-0.4693711808269529,-0.20232232301357614
8062,0.6159199050237338,-2.0828194784342555,-0.07551814569080126,-0.6533201653133944,-0.14639518666139542
8063,0.6771279805035691,-1.9758623442593224,0.08916600624543203,-0.5276758834625846,-0.18041864917053563
8064,0.5737988519801024,-2.014165061503169,0.016081598757666307,-0.5943699343272293,-0.14779676418018592
8065,0.5580720013469506,-1.9862744219183548,-0.06157911827776786,-0.6136227342462218,-0.11237364659305082
8066,0.6043491586076607,-2.017277720009806,0.08644174459203942,-0.5915266109699996,-0.18492337436015027
8067,0.5892749080286359,-2.0402563528147826,-0.013557575778701684,-0.6093825855774998,-0.14382281928365223
8068,0.586322829917657,-1.8332715917669398,-0.1511080540473772,-0.5341297313164708,-0.032309981945963975
8069,1.330322722258517,-2.006842002177688,-0.3376024969866531,0.008272242918607233,0.1431268426667229
8070,0.7862860428034367,-1.9481046538620161,-0.01830292730182184,-0.44314293737177224,-0.11574574449709356
8071,0.6537788504470641,-2.0930404502845326,0.08505922977260982,-0.582682966907994,-0.1912004812917219
8072,0.6100991893051825,-1.9827666953374379,-0.10020145079955457,-0.6130935017954073,-0.09564573551016517
8073,0.6693654217522239,-2.1145936277235258,0.06604395164258245,-0.6123973615976869,-0.20308638901583123
8074,0.6339030595862638,-2.0798194853705314,-0.026485243317670208,-0.6179234149917928,-0.1537154655014814
8075,0.656611275155,-2.1223875759805173,-0.0976158652446615,-0.6287287496041503,-0.13406773708779626
8076,0.6806846732701616,-2.09760526427059,-0.028799727043375297,-0.5981426517286546,-0.16035854586805354
8077,0.6626946516591541,-1.9657830771606222,0.06837441085061614,-0.4964966418584301,-0.1494501588400398
8078,1.344434451083143,-2.0972635235584134,-0.3091830424965331,-0.033634958108729573,0.09654240438192528
8079,0.5600117954193413,-1.9713507731158588,-0.1698163130337889,-0.5874370837420683,-0.0475085460437955
8080,1.0385361759835188,-1.8902172144676455,-0.3316970864881078,-0.11764924262293874,0.13784480520714953
8081,1.3002133549566244,-1.9412871192964347,-0.3090583673422618,0.25024547586494666,0.29021802333571073
8082,2.8415592124747198,-2.5524318749060098,1.7673727617475914,0.6150643705757934,-0.8344184482169555
8083,1.8130363676140733,-2.5458468664121123,-2.074721185282832,-0.6405375274099495,0.6218402862389937
8084,0.6058510974523084,-2.0783501991136544,-0.9165394675246249,-0.8825508523103496,0.14930616919423176
8085,0.6706839989152262,-2.2126591058996845,0.04420559923070394,-0.5428136455348456,-0.17202617859936384
8086,0.7291125816526275,-2.2377516768928123,-0.03159909060208428,-0.5256674235976264,-0.13628355715782525
8087,0.6442251070176955,-1.9346743392699033,-0.3192988745784841,-0.5350752689653949,0.0233657259258117
8088,0.7952485991212734,-2.221830091575507,0.08789987716982861,-0.45337895523207294,-0.18844936444410426
8089,0.681903836470252,-2.30278323159577,0.059221436329870224,-0.5596984781209647,-0.1962792860719023
8090,1.2481276591409305,-1.958468702872377,-0.518728834347382,0.10393616143031496,0.31665259834548903
8091,0.7117386639054917,-2.217043347027441,0.08336059066854745,-0.5066635757890585,-0.1762072924407846
8092,0.6891986649963966,-2.1906132443438797,-0.0601556906135678,-0.548824182742603,-0.1236133826504717
8093,0.6863427351897394,-2.203219754249357,0.04438980945658448,-0.5372480282225178,-0.16691667060078957
8094,0.6662564322633014,-2.0416027373392507,0.013290218483647758,-0.47576684424477345,-0.1051421900545782
8095,0.6994247934538013,-2.179481874208495,0.03340685528208268,-0.5324274975191032,-0.16096251746865678
8096,0.67379388942937,-2.121007736856304,-0.056534544850084176,-0.5354843470509691,-0.10958291149930176
8097,0.6743583517854219,-1.9568561228997123,-0.0149419477318369,-0.4711839120853781,-0.08894514827678174
8098,0.6965823775217698,-1.9550591381724174,0.014107041002911257,-0.3734553722283124,-0.040540064956933235
8099,0.47804571163442416,-2.2261967970745484,-0.12296814116571055,-0.5566287211551655,-0.04879591214985085
8100,0.4925219393755163,-2.2381855554188093,-0.03505093163715532,-0.5664718462028893,-0.10158536644739627
8101,0.9860285858603812,-2.1428946015532016,-0.17379538629734506,-0.06101293315042321,0.09742573422966011
8102,0.4253677129133974,-1.7096420661836411,-0.3102992435631582,-0.46446250612344847,0.12909635919491938
8103,0.44425660548814744,-2.047548123883499,-0.29439658495763804,-0.6240195023911967,0.025512861135357043
8104,1.0306287900951427,-1.6511750737029163,-0.435576424043217,-0.06399783848282016,0.20185787743465974
8105,0.9923682111054857,-2.023538900150447,-0.203002404561039,-0.23218094635731718,0.01184313750094904
8106,0.6645606379310032,-2.2813337323754714,0.09539572811845842,-0.5140580055256544,-0.1874336344068275
8107,0.5387327187012129,-1.641043593095962,-0.23221223934027946,-0.3551124003604334,0.11036630535754603
8108,0.5992387843865914,-1.9276159231786953,-0.18429439952638074,-0.4432557578375568,0.009256473292148114
8109,0.6671996417752459,-2.18280253365588,0.2293979050664656,-0.4514656745056331,-0.21027581657666536
8110,0.6266865826850347,-2.0989304879186066,-0.1221711310701383,-0.49366551113546786,-0.05260156409676009
8111,0.5515332808949868,-1.2709925489180607,-0.4834589728810824,0.617548068060797,-1.4505810282144953
8112,0.5702418861409536,-1.3546855766268275,-0.36288031429351936,0.57531067769206,-1.5337776480987333
8113,0.5721734937186163,-1.5351103303837592,-0.2888013502131977,0.47844491864855565,-1.6092210184923534
8114,0.5677264905114175,-1.5535537410720703,-0.4128110597895868,0.39919613445243074,-1.5875648705886192
8115,0.5665660494724644,-1.5650289293334843,-0.3306781804523266,0.47686356497680404,-1.6025012840589068
8116,0.6048788219109783,-1.5156217557039218,-0.2729289398380806,0.5160139170786415,-1.6158739669003996
8117,0.5999218262477376,-1.5415024362697194,-0.3044080761820116,0.5169192769184291,-1.5980300006655646
8118,0.5383597344883184,-1.4791361845580808,-0.5045382424254821,0.4684578577740239,-1.5091441715459868
8119,0.5528334051482725,-1.5731078456599823,-0.5505721330252917,0.4252054164218804,-1.5147779678705224
8120,0.5857954064901804,-1.5273748105918845,-0.3842251061287527,0.5222565325698477,-1.5504916935507314
8121,0.5026033918880776,-1.3769712244453274,-0.557121651006879,0.5014216368237503,-1.4503329940097742
8122,0.5289719707029021,-1.4850999623362937,-0.5065718807734324,0.41104337541840325,-1.5219793172319172
8123,0.549302971352722,-1.4681084429552589,-0.36981899557379083,0.5349633215250563,-1.5371885925243138
8124,0.5835416838498058,-1.4393637959165835,-0.2943455763272991,0.5828130602767969,-1.564260324912632
8125,0.5702835247669397,-1.5106092442221544,-0.4728457870664027,0.5276544614034667,-1.5040210851664884
8126,0.5930259490852176,-1.4562494967374635,-0.26887591117175824,0.5946387064094643,-1.5762520027371663
8127,0.7874484357777237,-1.3916529982338055,-0.5268128658864667,0.783573184272791,-1.3915406972884805
8128,0.48979943154893835,-1.44942736124363,-0.5899078290507079,0.4682304500880761,-1.4638293368949002
8129,0.5510908724862047,-1.5557370726580952,-0.35513807737613473,0.5329977221480188,-1.5641104940240562
8130,0.5930870357010057,-1.2628657373734893,-0.31740880137460886,0.7036933670103739,-1.503897330550929
8131,0.5385453805668059,-1.2020928112991682,-0.7275632721280137,0.619682620863586,-1.3166331087415268
8132,0.4991571527206438,-1.198268238153934,-0.4617078999379807,0.6241358206454516,-1.438955895571314
8133,0.5644727614726694,-1.1215824840799358,-0.41750925949704737,0.7310983108517609,-1.4175930619981831
8134,0.5208745406697537,-1.4049404167504975,-0.6350904006481741,0.4911985246909316,-1.4292812945385818
8135,0.5314723388406176,-1.349502301774665,-0.5078756992014244,0.5713647841635464,-1.4539919950520903
8136,0.5380233470818927,-1.5010907884902784,-0.509246475825701,0.5144943954868819,-1.4821724030196413
8137,0.5192312369886412,-1.3646603866894207,-0.36321421868703285,0.5534450275049315,-1.5150228788226385
8138,0.5913306854648089,-2.100603012352514,0.022947632224185353,-0.4967430202866126,-0.10441539303861573
8139,0.5726560284060693,-2.0344860957999384,-0.020425545610360932,-0.4695091115308233,-0.06557412867080165
8140,0.5642601558390203,-1.9907495434035203,-0.09385782235383995,-0.48984857582133456,-0.024454451368790098
8141,0.5629016280386405,-2.0399617953093374,-0.1413887264988209,-0.5038093624477095,-0.019259034733068916
8142,0.583070926093682,-2.0501828074450756,-0.06010613818723046,-0.4780715847801246,-0.05045740996708423
8143,0.5324677908213764,-1.936404603072823,-0.059148364184074646,-0.4882941523622367,-0.028947132286004502
8144,0.5662977285411486,-2.0184194390722054,-0.026714811702085298,-0.4494094198400119,-0.04396328522540145
8145,0.5207596319820713,-1.3656364310005225,-0.46379627625419606,0.5474701010172829,-1.471216420899079
8146,0.5666150385978529,-1.4433369184342362,-0.4061794561499629,0.5973843100615017,-1.4963511691604012
8147,0.5849391089895615,-2.060032336102482,0.029445165010546316,-0.44978274255988293,-0.08389271140837842
8148,0.6041132409635736,-2.1002237771160677,0.0011475696275428271,-0.4669314338052922,-0.08213468273174761
8149,0.5905102224615218,-2.0502250352981526,0.005894817374515338,-0.45400030529516044,-0.06722668554627867
8150,0.6477041890813277,-2.0436340001865934,-0.18616552033006212,-0.4360930767502311,0.019143939753388024
8151,0.6043863911412624,-2.049771451980487,-0.0727207030343898,-0.442649224825473,-0.02659654714171406
8152,0.6254702800392044,-1.3704619596048708,-0.6460480934994571,0.530998581894489,-1.4138502775672475
8153,0.49502724122490077,-1.3028487646920752,-0.48390461758888387,0.5249482149490374,-1.4590529031383561
8154,0.49776175604639167,-1.3454585461219775,-0.5741501802135625,0.505836396685806,-1.435438973820884
8155,0.6510155292511152,-1.3171439371058857,-0.5329721033810041,0.7050702735480361,-1.3985152592654368
8156,0.7389873923551669,-1.507913371661442,-0.40536832513786064,0.6207366855653447,-1.563639445560574
8157,0.6664779739613803,-2.0252171125502683,0.08116132366354518,-0.3861321416827363,-0.10546964183951703
8158,0.6580983728016049,-2.036907685381467,-0.08119144963937004,-0.45618199846160823,-0.059624195164220135
8159,0.6535234482550429,-2.0715241048514765,-0.12953819148487275,-0.4707940175080469,-0.042720466676564234
8160,0.6409103777225424,-1.9994921226210907,-0.07729944727945719,-0.4488348779392819,-0.04793445220493688
8161,0.6545397582729799,-2.132643476056282,-0.10625068450046544,-0.508916231614409,-0.06338407994517044
8162,0.6230663839049951,-1.888295554335568,-0.29411979432521784,-0.4436130830631115,0.06376552716033616
8163,0.7148306537752505,-1.7355769847155125,-0.0854525454838477,-0.2947225215032783,0.007383088281642973
8164,0.7345550462287945,-1.957960863192434,-0.15488441922063936,-0.3754007708373328,-0.007557088322369601
8165,0.7515068238565953,-2.096785291411873,-0.1977215986716148,-0.4720541314847778,-0.047573040999976196
8166,0.7583086178491681,-1.7170694144245453,-0.19019918050212672,-0.26193809111909705,0.059047570539626955
8167,0.7326570189241501,-1.9544743019283688,-0.11924337595611802,-0.4255479650235244,-0.04388505457923151
8168,0.7000762660322295,-1.969607548688732,-0.1247262299349112,-0.43372347026514074,-0.03225542099931777
8169,0.6788323664044197,-1.9174711356477414,-0.2551661004268885,-0.4307621740699316,0.03193430139443142
8170,0.750812117277592,-2.0643750698425194,-0.22313762759012212,-0.4268655451636983,-0.009742480019328058
8171,0.7389194691296678,-1.9822190308272214,-0.18445851307700797,-0.3872619033440511,-0.0035104813147926626
8172,0.8331828619547307,-1.9565417351455987,-0.02542964082810072,-0.2646848261606913,-0.047009540950219586
8173,0.66791395977737,-1.9351760388576982,-0.6114157972224711,-0.5504533599119779,0.14793153341515136
8174,0.7642949578925942,-1.7442139659477114,-0.40646310472775166,-0.31493624173776,0.12586917791070534
8175,1.2111717494200205,-1.2528965692911318,-0.3849995908458992,1.3610840793831867,-1.2559109971158973
8176,1.3260359011320197,-1.5369805490960056,-0.35435437326898617,1.1828623568741257,-1.409162425384366
8177,0.8358391028870976,-1.6013680933826078,-0.4260156968985989,0.6736017018885491,-1.5600434377049648
8178,0.5715498322678543,-1.0676638039134674,-0.8703967312538264,0.6293039222226477,-1.273221832830877
8179,0.7644986490890175,-1.293517905826414,-0.7161387949030864,0.6630368531410662,-1.3981893001544428
8180,0.5768715206014328,-1.3884240710411075,-0.6107224780060181,0.536572220313762,-1.4581406596019175
8181,0.6123697397854181,-1.2957309057682758,-0.6754810473130448,0.5464116017512957,-1.4317465659073791
8182,0.6192050573217037,-1.4612257136731286,-0.4396203115873506,0.5507341547922148,-1.5529888681746935
8183,1.097058126843429,-1.5136212578165935,-0.839165603665631,0.5006869397997461,-1.5273278467670164
8184,0.7796151202712412,-1.2026798928974936,-1.0816483548476916,0.49016783391700797,-1.330394185453603
8185,0.8918598033043885,-1.0412290765632617,-0.39863789249554166,0.7280598043329326,-1.5695288122698965
8186,0.7462267062337984,-1.5133882504779135,-0.3677295254130128,0.5827771812689211,-1.6054939745952599
8187,0.6475472008796039,-1.336703724683442,-0.6831272883676114,0.48677796259596934,-1.4528959739665168
8188,0.8350358306113149,-1.413614800513775,-0.4250826043867755,0.6006249877374685,-1.605463956458733
8189,0.8796442665004557,-1.2717091017504198,-0.542562460428447,0.7305097713606293,-1.470327925722134
8190,0.8426024792297918,-1.6188631452713114,-0.1698700634838174,0.6712417559162511,-1.6724029560380491
8191,0.9240987805331823,-1.67046166287733,-0.2871018999124475,0.6630269888605828,-1.6539763910178984
8192,0.631335538097913,-1.566022585024005,-0.47118247888918824,0.48103599471966146,-1.54522949319929
8193,0.5912355393387454,-1.386645444857564,-0.5772239869321583,0.5142005892176592,-1.4574680435452352
8194,0.7174642406855324,-1.643995110153804,-0.26278557294648613,0.5483875670838011,-1.6486584765195498
8195,0.7065013655903272,-1.4670831450577997,-0.2989136819217629,0.6236095377021081,-1.5733182682378846
8196,0.6883076808817857,-1.4054356693810017,-0.375434316894955,0.6247198846806171,-1.5388897985536512
8197,0.7287826835913868,-2.1304618016390853,-0.12934160701302355,-0.4712805037868808,-0.06555430047772709
8198,0.5571263368010376,-1.9975351842815547,-0.2754323039053227,-0.62851495055267,0.002743709220937135
8199,0.8189793286118561,-1.6477475369909884,-0.07596392793453312,-0.22870672057241737,0.01372822712528063
8200,0.8214900770879056,-1.4577818561015923,-0.3576884312420343,0.6960562704018004,-1.563296234511559
8201,1.124560875130041,-1.3053682713868713,-0.5167070770591456,1.177521402635252,-1.2574574296338061
8202,0.689342559358759,-1.2777813358136578,-0.6255000883190701,0.6135323544756961,-1.4234086017555367
8203,0.6924235857866485,-1.1468075537337137,-0.8581695163810059,0.6193009836376815,-1.311137947011581
8204,0.7069774684302864,-1.591215093726453,-0.5176409665920482,0.49371400934649656,-1.5449916401833008
8205,0.9942867028093485,-1.4662593323063602,-0.40603391049672577,0.7582323449193072,-1.5628698322055548
8206,0.5835096997050414,-1.2935144304110533,-0.7656830561567403,0.6127567280992974,-1.3467984464469933
8207,0.61121862320048,-1.475163462505992,-0.681025144318888,0.4927176014840824,-1.4560125424142145
8208,0.5401424261370389,-1.5123597245226845,-0.6271739964028163,0.44061565559456994,-1.476478614566128
8209,0.6598849301533036,-1.2371185458430287,-0.9152013048101796,0.4638226596232935,-1.3827958496983164
8210,0.5958891254441723,-1.4918819003609076,-0.5978726968963404,0.4943940436120613,-1.4963632294918088
8211,0.652682460406569,-1.3583057489288315,-0.8613814939371383,0.44427252348473606,-1.4041289816403473
8212,1.167320445902885,-1.4009064181867663,-0.5198450880343974,0.8427454992656773,-1.5364310331639182
8213,0.5739262238380733,-0.9181372974451203,-0.7237371513174622,0.7574751392773392,-1.2953923705510944
8214,0.6672814671444747,-1.4208403317012757,-0.8042520855705122,0.47843608503242635,-1.4393899037135234
8215,0.7536348307641785,-2.054422565940439,-0.21034438699920863,-0.47073215782272265,-0.07309912897180175
8216,0.7642177507852582,-1.465290035911652,-0.6963001590087861,0.44045966814757803,-1.5396162591158364
8217,0.6988199358911512,-1.2038210912922602,-0.5381000458198851,0.6399637410106211,-1.4906883709517875
8218,1.043224489610074,-0.981627103734113,-1.0314600952170012,0.6560184240825533,-1.3370990205847681
8219,1.2333948024393384,-1.1456928432778226,0.04217612421064264,1.0095426641387746,-1.73696902820476
8220,4.072867221992895,-0.1780473384969163,1.033520757526699,1.2315292199504664,-2.5558198047335914
8221,1.7583335931506867,-2.31613783600501,0.864012563916752,0.39912176805810856,-0.33168358871665665
8222,1.1197811087193128,-2.2772486760704327,0.13646378967731768,-0.21657448658905365,-0.21113290054755038
8223,1.8620979838458762,-1.6307000418886395,0.4912467345528227,1.1552491365182422,0.3415694659296538
8224,0.7507412131880622,-2.0223685358176047,-0.4690531307933752,-0.5164583316653127,0.06212706674431656
8225,0.6813202610075533,-2.209108460243865,-0.22414104259442597,-0.507474682123369,-0.03182706234416748
8226,0.6568479338701588,-2.2970355088670993,-0.6380311710780491,-0.7015020869843727,0.07389987827071882
8227,0.6754374511899097,-2.259094477342644,-0.5558644018117245,-0.642049152814405,0.054651289644459915
8228,0.6670773079898589,-2.232257485000962,-0.24407096089019847,-0.5126612739240823,-0.023586524954424086
8229,0.7032796480970814,-2.256690658332339,-0.29211215006866703,-0.5554810912051097,-0.038977988342586305
8230,0.6414011313826339,-2.1234006335003013,-0.481586009243057,-0.565651891857851,0.07793965926548652
8231,0.9292674504344985,-2.082376749993788,-0.5449602045764321,-0.34133838725337823,0.12760815408799922
8232,0.7190538698230086,-2.300192399061191,-0.2915758860745727,-0.5011967642131789,-0.028202884885217043
8233,0.9223494412498358,-2.303949903018481,-0.02342948777256501,-0.3220327582262986,-0.1303905535953054
8234,0.9395773392979982,-2.3633535455458095,0.019537108924121256,-0.32707771563684773,-0.15451409643172614
8235,0.8784469882578252,-2.00003931756411,-0.1916280893522801,-0.24080163385059997,0.015221907012460314
8236,1.049414083580603,-2.24073655892557,-0.2483861963466789,-0.2891985214708248,-0.036574966296468135
8237,0.6573607715034745,-2.271063135572164,-0.4613781506912589,-0.5868645697463689,0.04303440004916794
8238,0.7043412573157553,-2.3276641921080077,-0.23143090470504196,-0.555463621408809,-0.06697413604227577
8239,0.657164911203636,-2.080598418862498,-0.4563729609512996,-0.4925106022787336,0.07841520513879081
8240,0.773997818284046,-1.9305102958908305,-0.41066192960305226,-0.39184395775440994,0.0770174162758794
8241,0.6009564892405161,-1.791683605369342,-0.6428573733157581,-0.44166267848019125,0.23413022893929816
8242,0.6548576354751035,-2.038277874787869,-0.5869529818838591,-0.5516386353317061,0.10578475871868846
8243,0.6499646930135577,-1.1642338728020767,-0.4072692644610795,-0.10290228856321791,0.2644132330267346
8244,0.6906429664332139,-2.365219463525513,-0.1493254799836829,-0.4731553037190937,-0.0649063018347952
8245,0.6076039821429454,-1.973842986268538,-0.04996788055991862,-0.29607169507542214,-0.001181032858826548
8246,0.7227508444636035,-2.391824683935382,0.01171415600819755,-0.4401693622382822,-0.15021903731947583
8247,0.7351607381036974,-2.18830575234674,0.01284670697386219,-0.43011131622227533,-0.13652891382474813
8248,0.7629491880568761,-1.9341118082301871,-0.054675790881663314,-0.34485719923797314,-0.05596171914550838
8249,0.6976947260919688,-2.115300062655173,-0.35193989021588257,-0.5613685210086147,-0.0015926891473337936
8250,0.7709961068598786,-1.9662607791158353,-0.052317961305412636,-0.35319058258925023,-0.067282695303135
8251,1.0355824796613529,-1.8131294921612193,-0.2475720622068299,-0.14237848174062873,0.07447820738840562
8252,0.7564864937306294,-2.0887433647424585,-0.10323470954075425,-0.3714605659893813,-0.05361947784925903
8253,0.6913686944473292,-2.122733228281143,0.058013392404328575,-0.4017219132839968,-0.1168460640175467
8254,0.629029273410178,-1.2518294458228716,-0.2928751481741844,0.6894276024626267,-1.528059709570006
8255,0.6620951939968127,-1.5128226057895495,-0.26029736382753715,0.6265167393884729,-1.583353541732816
8256,0.6252123811828957,-1.2114158046783696,-0.2777759852025428,0.7017332921082649,-1.511312605845841
8257,0.726738220384809,-1.5382313652710402,-0.0068964512231347004,0.665647312295916,-1.6933783950390526
8258,0.731913324437908,-1.4235195393926776,-0.3754029482893084,0.6764280711357865,-1.5076106404459522
8259,0.6325947370828915,-1.517883009481351,-0.2976278874973499,0.5475472032986627,-1.5830864327950844
8260,0.6134381925639882,-1.2592889455706457,-0.38841059811728673,0.6479372483763213,-1.4801717992211056
8261,0.6137629056995892,-1.3279479713735856,-0.2888476070263042,0.6168994886235879,-1.534250570268854
8262,0.6811195889699625,-1.3831679813911966,-0.1657939642477308,0.666172542009558,-1.593855578945308
8263,0.6308846417470283,-1.3079979888887125,-0.3303769571953243,0.6156707228324815,-1.5219284968204738
8264,0.6830227805888041,-1.411805227045492,-0.1056085863150534,0.6685280147471886,-1.6321748560076335
8265,0.7779751645011137,-1.9854064233510837,0.0036750292045907304,-0.39655728581200855,-0.09957312150689195
8266,0.9791374282930184,-1.8374691428472494,-0.049078283753159015,0.030584453712664845,0.1403543148397806
8267,0.6154081578889398,-1.8505652822300933,0.01828703090384432,-0.39584371124602785,-0.029175905979337342
8268,0.6229775191880553,-1.9399128477743,0.01687116137698111,-0.3880900848798482,-0.040160104453237006
8269,0.6479142691269327,-2.052289806493676,0.17108531873045651,-0.4094099819972814,-0.13931285109823355
8270,0.6205275165787364,-1.9941519206003964,0.11564477344763177,-0.47591926732637135,-0.12194774998012005
8271,0.744100687796588,-1.8734196456782968,0.20325747063818603,-0.2876342539594567,-0.1258872209115114
8272,0.7398063838482797,-1.9428383230319668,0.19555196544296824,-0.3327712006476009,-0.1308296664589155
8273,0.679296326914164,-1.856398336290488,0.08659973736160216,-0.33642937831597686,-0.05488957578914692
8274,0.7414047470805741,-1.9413107641226572,0.17254253127764646,-0.3165175661702337,-0.10311184655851834
8275,0.7057153342940353,-1.79048059519808,0.02917540004069398,-0.3280155106961609,-0.03949061074368644
8276,0.6279390932618676,-1.9608122516278783,0.06862501218836717,-0.42593081025485424,-0.068467866602942
8277,0.9739478831455186,-1.2535029773620097,-0.25636818211773216,0.22807988578574204,0.3080302578771166
8278,0.6733375300327746,-1.973468419092728,0.1385117006260697,-0.40759740260144256,-0.11285084402504525
8279,0.6006009831055944,-1.7902659820671394,0.09394094850662957,-0.368667268909613,-0.03838648742666898
8280,0.6677087615238593,-1.995223641942308,0.16958488878002845,-0.402607489906423,-0.11787833244791099
8281,0.6367893675218621,-2.001990301569328,0.047930236242936256,-0.44573957665366304,-0.07238315522108936
8282,0.5643683655593845,-1.8268757022899327,0.07702426731657708,-0.3991397516742695,-0.027404615065808116
8283,0.6341084842675391,-1.830840705438634,0.0227261185096868,-0.42610635706318023,-0.045507870665594786
8284,0.5977139295774204,-1.372644514579325,-0.27709202958957474,0.603577803801979,-1.5430154674206495
8285,0.5457954365674834,-1.108973925144137,-0.3709072531638203,0.6784565796305781,-1.4421852890516926
8286,0.6482188171033232,-1.2408797659711002,-0.26180040232794943,0.6564782834061145,-1.5359801802718842
8287,0.6067278759067015,-1.2674132033573604,-0.36307613952328704,0.6194643236454175,-1.4828852368356689
8288,0.5790210390915667,-1.1832193481555924,-0.3008364322932047,0.5948847461816829,-1.5018930045753074
8289,0.6420196026174929,-1.1550346958189297,-0.20972632859442064,0.6669849583322028,-1.5432807139246496
8290,0.5802049556155778,-1.1887345708042072,-0.2132998818794354,0.5842661457986552,-1.5613051335947272
8291,0.6145782158618076,-1.2024184730671041,-0.2974132602506767,0.6175144656015475,-1.5104671619333723
8292,0.6228250742666382,-1.2541694312825853,-0.14068722073554538,0.6196838885605532,-1.5964005331068634
8293,0.5805892757894888,-1.2847109016783538,-0.4224518088874745,0.5353427667965777,-1.4835152270425882
8294,0.651608297408152,-0.9985286631808571,-0.3795469561616868,0.7292022842532085,-1.4317635893764344
8295,0.6674953562358488,-1.2454566271469412,-0.20001688113614632,0.6736791944627062,-1.5523468321334768
8296,0.6186151700239149,-1.2524166180801186,-0.3194556180979402,0.6017754811561,-1.5062601770995168
8297,0.6022451060710164,-1.2625824224942812,-0.2565518593919127,0.5861799693466799,-1.5472984911942314
8298,0.5428848378459012,-1.1998100573852162,-0.37605064183597886,0.5305451728060319,-1.4808393098607944
8299,0.5823731882569163,-1.764770222415153,-0.05636131335018007,-0.4991557651961413,-0.0066317306896377355
8300,0.6076732114233376,-1.8416718518673658,0.14340935804575383,-0.4505657486333537,-0.09606626531980995
8301,0.6028775897286189,-1.7751077921241964,-0.014179906565071744,-0.4342403954009168,-0.01350147138776101
8302,0.6012132749373293,-1.806665125148553,-0.058817515783099614,-0.45269172751227593,5.654429425126382e-05
8303,0.6201479679471119,-1.7276435528622385,0.03999474091629007,-0.37390937010034203,-0.02300344464367427
8304,0.6153861711777662,-1.8901746411329279,-0.09211895051873197,-0.49047530047126897,-0.009727556747488951
8305,0.5622991002511193,-1.8375330741985316,0.07358177623302545,-0.4691473634303688,-0.052621453483711285
8306,0.7277218730824807,-1.8611704721080313,0.019280519904535977,-0.3380240925078922,-0.025334340571494956
8307,0.6361493956907678,-1.8889561921941949,0.10157908134922694,-0.4231809951773758,-0.0836350161643669
8308,0.6282839677437471,-1.8305268913161574,-0.19924113689555575,-0.44660964085132016,0.04586438170718982
8309,0.7072560190754758,-1.891277823177627,-0.0737471240693441,-0.38991856009934805,-0.017196379693607117
8310,0.6650287861411496,-1.7557275615683021,-0.0657751267822811,-0.40014169773892033,-0.023170880575077744
8311,0.7196765874442059,-1.8375117711228268,-0.018637062742817383,-0.3451243000891897,-0.030604112790903987
8312,0.7200410319438527,-1.867318224657266,-0.02821514345819859,-0.3348507545656712,-0.030982062808525893
8313,0.8623779376780296,-2.057865799288838,-0.10149947201464418,-0.41378766847608706,-0.08716534547169097
8314,0.7197524707719065,-1.7761493294256592,-0.15223978715736308,-0.32107276976792815,0.052865854573781436
8315,0.6368770886100282,-1.7648097909883882,-0.2175945727061072,-0.3756734197353732,0.07545677094317975
8316,0.7032014804989305,-1.7788591712466457,-0.1958959558832469,-0.36849166977307674,0.036631624490398314
8317,4.693153740200049,0.54026416640067,1.226867015970848,-0.024292200000566335,-1.2074009277114577
8318,1.6421819905319208,0.3576054045355104,-3.285753649924978,-0.7431905566834188,1.0859819945882498
8319,0.7580348877731602,-1.153744860080768,-0.5106804592950535,0.9196967758363158,-1.3532040473939295
8320,0.5029426971866349,-1.0415407968669677,-1.0273695048240736,0.6512310913049518,-1.1416480989167361
8321,0.5512795683264448,-1.3818236624677498,-0.7426396662032332,0.5726658832153796,-1.32452905533348
8322,0.6297994872399479,-1.2806570260353405,-0.5257248639728498,0.7066457447578803,-1.386979285568777
8323,0.637547783624564,-1.2503183984742827,-0.38200362431164847,0.6615953944085787,-1.469902243288269
8324,0.7513092961167944,-1.3180507243446034,-0.30709099557881786,0.6959072494478086,-1.539324331149669
8325,0.7902718280237747,-1.4422264781729,-0.08781154470888708,0.7079826286509198,-1.6427684492249204
8326,0.7678475590458561,-1.469303094401025,-0.3630978797355002,0.6236797440312871,-1.5568509374136938
8327,0.6391258713636234,-1.062464945904537,-0.5744122875688963,0.6857732993681313,-1.3667880599700772
8328,0.6994816143548266,-1.3064140350115345,-0.3888748761901658,0.6442225091551829,-1.5017532657561279
8329,0.8083908054815687,-1.3546154503169954,-0.35074400009939544,0.675822851448801,-1.5546924011218886
8330,0.7628972882504669,-1.1565128518585093,-0.38768052581335943,0.7743709839688836,-1.4599657557597427
8331,0.7944811139997194,-1.2999297377746228,-0.5243874216162608,0.6478010821406863,-1.4748708260952335
8332,0.5573824847988581,-1.143588411964121,-0.6593867093353885,0.5336980443841036,-1.3667239464070853
8333,0.732310882384973,-1.325983777054002,-0.4085317294547402,0.6067406018859832,-1.5334510031865283
8334,0.7532361951895175,-1.0333590551209988,-0.26755946054936053,0.791538308275998,-1.5159940900723332
8335,0.6723376358041558,-1.3926760854429254,-0.3590839349934532,0.5537622822251937,-1.5585188407053077
8336,0.7632141042864277,-1.2038738916321012,-0.41931038713770763,0.7088690945294792,-1.4851041219466952
8337,0.700427203431679,-1.3146832787517195,-0.4511312136884521,0.5887127283053067,-1.5026719248528515
8338,0.7193014643195828,-1.3538310323656761,-0.3185731162090814,0.583420243102312,-1.582226627443983
8339,0.7305160128276246,-1.3944890836680908,-0.2571407907583506,0.6288354880323027,-1.5786877577580303
8340,0.9628728878958736,-1.4545387489162878,-0.7286215932667045,0.5774870539816048,-1.4835105457638122
8341,0.6487595967024153,-1.1739476741042871,-0.5694722903724165,0.5703696741135372,-1.458486959812018
8342,0.8251007365974511,-1.312110990313158,-0.3290589376499587,0.6367969265308349,-1.6036732103527982
8343,0.585117690189771,-1.4871712310590641,-1.189457584868647,0.1983389161786822,-1.304291959255385
8344,0.7176659609679898,-1.2682060836340436,-0.4425323527660963,0.6135681479118816,-1.5192149712419056
8345,0.6663435732077152,-1.3501687200289851,-0.4527520194167788,0.5861953368969004,-1.4951289660575837
8346,1.5737697036150342,1.2730162740150788,-1.4306327383971498,0.21635730694365193,-1.194444598060381
8347,1.0141513252553624,-1.3727063687594079,-0.7512921447708838,0.9725695578063625,-1.2502133304304284
8348,0.49609477602145574,-1.327585793544663,-0.26305532434497614,0.524380914447371,-1.570338093397425
8349,0.5078156811041988,-0.8059447355227032,-0.46528323566532587,0.7087811988218296,-1.3709889808804419
8350,0.8180029617149817,-1.309831149545989,-0.2533902042252708,0.6705941005515461,-1.6319688264903727
8351,0.6052447425726937,-1.1568601108166685,-0.5961431871381536,0.6368941917249027,-1.3898929001590317
8352,0.7991786488470557,-1.2765816250014088,-0.34947032312142834,0.7027881112939278,-1.5558413566525033
8353,0.5315645608247165,-1.299502803239904,-0.23187302857782696,0.520114494099218,-1.5937276035561634
8354,0.5188369468829525,-1.7173658386746233,0.11982273461656785,-0.4359197741145462,-0.07512691740405499
8355,0.6374734202237532,-1.7166388087365132,-0.025803155333437938,-0.38401428724467707,-0.05055950334382538
8356,0.5844485658433589,-1.8505438222670387,0.1146148523762873,-0.4146837805705847,-0.10018299896668484
8357,0.5892001079349422,-1.9017497307583449,0.26358374110549226,-0.4433614814310382,-0.1807504659202669
8358,0.6510850876672217,-1.8759544010368674,-0.20211518613624938,-0.5157450384150765,-0.039635765656258766
8359,0.7514200999451833,-1.9084977629305901,-0.1048910690908505,-0.3687245781387088,-0.004792464758482046
8360,0.5419962060225774,-1.8222732593222049,-0.2657863458074197,-0.46144101240282126,0.11016966617255743
8361,0.48063502931890045,-1.8017503679312683,-0.025746424478765274,-0.4871807172097479,-0.03642760751974686
8362,0.606470129969603,-1.8843619845170199,0.04964630851377973,-0.41632659315355824,-0.0698784579613511
8363,0.7221304480268514,-2.0682100773257113,0.153760104880108,-0.3085181842401284,-0.11721526089367063
8364,0.5472639187251205,-1.762115971860372,0.28003026413969195,-0.3322857904619367,-0.12294144987776964
8365,0.4481199420276153,-1.8723040466693832,0.060444693196582404,-0.4695457565537309,-0.03963011369319975
8366,0.5580915994288103,-1.8160440075633921,0.10894156781310459,-0.3914498300260582,-0.08242763689992463
8367,0.5743565680429069,-1.8475090302342725,0.1009593529226365,-0.4222262572322443,-0.08898245310766685
8368,0.4589479670362386,-1.7197275460570398,0.07780345521340501,-0.46332250686595056,-0.029068190151646377
8369,0.7763986373187715,-1.8368201255362406,-0.009885200045204295,-0.17703746917716737,0.06119379663440149
8370,0.5235998944452798,-1.8075075551756348,-0.031447107151359614,-0.4614962817301665,-0.012265007415424098
8371,0.5151457432104379,-1.2094081567721908,-0.2442344215990201,0.6227588934912498,-1.5152361513508177
8372,0.6215048319043678,-1.1200882315764729,-0.06783876532142258,-0.03383485654114048,0.1996205471577473
8373,0.7084496231326953,-2.01318905528154,0.27371343210422044,-0.37410060964168224,-0.18062130290976616
8374,0.7189503865346764,-1.8930394996842919,-0.08521417599051748,-0.3338580776742637,0.03135931367761626
8375,0.6238246110407482,-1.7833512003415337,-0.21821243445708519,-0.4606367161822764,0.042129205221783234
8376,0.5977932471655066,-1.704019488574958,-0.06654462613404441,-0.4135513615895146,-0.007982241809672197
8377,0.7125792634894038,-1.8213123878397195,0.2594297980094119,-0.364167195863039,-0.19008068954911456
8378,0.6026011944166955,-1.567757549801801,-0.01259768989426456,-0.3496370741548013,0.008092370000165472
8379,0.6169372727302147,-1.8962544393662109,0.13659342970696106,-0.4759439442554503,-0.13989601837476998
8380,0.42357434931981347,-1.498117767358272,-0.2405022184686788,-0.5278566686529481,0.11136537738511548
8381,0.562625114405542,-1.870040667370191,0.02908083731091126,-0.4905599468671067,-0.0642632010381872
8382,0.6166871859199392,-1.739453383902749,0.06350325213492854,-0.4406830838187442,-0.0912180494009137
8383,0.4713106245578854,-1.6513281543544314,0.11604843332732798,-0.43211845608329263,-0.0458881828409291
8384,0.538589998668991,-1.9396138213191536,0.12832750735127146,-0.537342413231637,-0.12660977365364634
8385,0.643568989241086,-1.6413291594303812,0.2792822571009246,-0.3415898429024389,-0.14154966870706015
8386,0.5431056377307931,-1.6174706326541743,0.09080829980732931,-0.3737068172786811,-0.0253450211308121
8387,0.47247651045136374,-1.7263173797439668,0.1750442910845661,-0.45374247424302505,-0.07466509281325395
8388,0.43652067648458936,-1.72434556732032,-0.16242469537693718,-0.5700781113056271,0.036138231479332615
8389,0.4353472503146713,-1.6101529162400094,-0.036520523119255514,-0.46758144384552236,0.03653326557393791
8390,0.5990183201361206,-1.729053820881747,-0.008413753265260119,-0.43517094703862735,-0.04123647116335362
8391,0.5660684246857307,-1.639243095217371,0.0925875831294686,-0.417240760148113,-0.05305873868332936
8392,0.595980955071977,-1.7306087139347344,0.19146000111441402,-0.4448654877628947,-0.13219333249741808
8393,0.4695153769825886,-1.588823682730329,-0.28297788953533937,-0.5510850597750506,0.0958919044115942
8394,0.539970941037192,-1.7200989032902623,-0.20872696690980463,-0.5320687329031264,0.04024342006610804
8395,0.5766313054973414,-1.6471425948258884,0.24321041286185754,-0.4004900195498207,-0.1187585650747133
8396,0.5833308023227556,-1.7706795318013566,-0.016526880184938742,-0.49695504600389,-0.05363336401127058
8397,0.4712129657548002,-1.574779124468218,-0.11794080133009559,-0.5060429974988954,0.03873180918311667
8398,0.6254264535120378,-1.8213556145666425,0.2776893935301842,-0.42356418767648346,-0.16472876400526512
8399,0.5459964489763325,-1.4201989887989355,0.06433963983644846,-0.31621120614306936,0.010640975595401099
8400,0.5713785555191895,-1.7262076949399725,0.055273506827560916,-0.46025632949185136,-0.0683298461244937
8401,0.6863405043032766,-1.6025716694511825,0.0812889292055865,-0.3663910647245043,-0.08053023578880977
8402,0.6200369428490996,-1.6610489935928274,0.17395626156851013,-0.382414907594867,-0.09025029174225066
8403,0.515868278877148,-1.6691165127379965,-0.2592975859147255,-0.554854573355688,0.061145591440131396
8404,0.5758066397739213,-1.6801782871488524,-0.16402275488160672,-0.46755914903655105,0.037470166227188226
8405,0.632184407737626,-1.5879176515155768,-0.07136371441333417,-0.3452201057490424,0.017657283284161687
8406,0.524797009717769,-1.5443533766845428,-0.3735116318087469,-0.49484868915946084,0.13680156789941603
8407,0.5288936020735437,-1.6540061712082796,-0.1536137381993655,-0.4581031497498238,0.05073726857189458
8408,0.5463125942005974,-1.585542330838926,0.0013971506390981112,-0.40220593254869674,-0.002640739481043784
8409,0.5957240492101409,-1.6830165467662628,-0.3126954862446044,-0.48383822878921695,0.08708017904146576
8410,0.5033042164724226,-1.8043435763948568,-0.25123164978341517,-0.5988607934778054,0.032625507848510704
8411,0.607146974811981,-1.7803351237907437,0.14237048565955082,-0.44412097676070866,-0.11805538482772847
8412,0.6007312457152881,-1.6387218259560263,-0.03655735564923061,-0.3616698826674002,0.017040118097812283
8413,0.552053844390333,-1.718444092649357,-0.15790398891517698,-0.49800981864552096,0.011913253128427568
8414,0.8105683424141378,-1.9333550941414366,0.10754967186761534,-0.3380611760776498,-0.12993761232963041
8415,0.581017639791133,-1.7625107081564189,-0.31441057826012825,-0.5506322336770414,0.05226554904086888
8416,0.5642775976222186,-1.7867680246278888,-0.09722638740278668,-0.4708030756836959,-0.00044643170039137175
8417,0.6325407446667065,-1.7241459291690886,-0.14675714597172257,-0.4753435797695,-0.023456649192077874
8418,0.5642118879800734,-1.81079889708662,-0.11937867180067252,-0.5064616892117588,-0.00018967166263555128
8419,0.5833096356616267,-1.7001830164522727,0.0017976438073793787,-0.3793423610797483,-0.022947745099770024
8420,19.131991291721988,3.7812372642333125,-14.201961768559318,-9.474771171230813,7.0095378255909
8421,11.558605385741412,2.476113498493681,-11.818993429291062,-7.683788027400171,3.0662630020879367
8422,12.83606903361577,1.393645638370181,-0.9118348292184362,2.3920837672238866,-1.2405035918886977
8423,1.97788585858944,-0.7857976274675256,-5.565824309070492,-2.4113793198604507,-0.4057369695970433
8424,0.25840552393297417,-2.227147752704843,-1.0053345910820433,-0.0008523763127217877,-1.5364773188715772
8425,0.731099134116558,-2.182386722519868,-0.9992908896095757,0.22195405096402598,-1.5212828452925338
8426,0.3692711768725153,-1.9875111416084348,-0.9288771585901073,0.05073977443522338,-1.5657189238688831
8427,0.40819432866239663,-2.6773209316551503,-0.15822383398206338,-0.5898422574844537,-0.12893217395741405
8428,20.63031603852169,2.8848095808237613,3.891635813495218,-0.10007738279247298,0.5580947722000372
8429,0.9372494106891855,-2.699623364930238,1.2134243472996742,0.3357839583699148,-0.3527713628420452
8430,0.031863561876615126,-2.638880308291859,-0.33342046113304125,-0.508378369787287,0.1702044484205876
8431,-0.02130104244372988,-2.1839796129184084,-0.5230379489855808,-0.7701214317303868,0.14124444601727495
8432,0.06339516275960931,-2.591832731539855,-0.33655024428590835,-0.8623289612942487,-0.05953483399483338
8433,0.008922969680018182,-2.5182373324829204,-0.6067731756802516,-0.8798426533211974,0.08793310952414773
8434,0.06055126161542375,-2.7435662916490013,-0.3216675442491888,-0.8248589797125161,-0.06422225807284297
8435,0.6271939549461936,-1.8131539692208232,-0.8616913583195814,1.3764029564154519,-0.79314805981022
8436,0.22878085191301364,-1.4427140288855937,-0.7026383781681289,1.4228393373965065,-0.7130550435382672
8437,8.46446498069027,-0.9751338297211658,0.9994448810080088,4.66424991382776,-0.04454065088754733
8438,42.21488007639748,8.646118942964408,19.315415630808264,-1.9372619088316063,4.191606034720723
8439,51.00794164375016,11.191327950751852,16.940420003308407,-6.618152626402826,10.21235155596967
8440,7.813303885786252,-0.3024643034725258,-10.545882191867008,-4.523491684236536,3.9122734819762
8441,0.7794039512616148,-2.151898035525337,-1.7402869531624614,-0.6478580475046832,0.6760413398328267
8442,0.27969376884659475,-2.7690599897464514,-1.3451680071700316,-1.349756241998926,0.14544110459539814
8443,-9.696988115243487e-05,-1.5718719304553894,-0.7343625781539973,-0.8977693021555312,0.27059440650565736
8444,0.27607014469687735,-2.915013511146038,-0.9686435554532019,-1.0793002794344009,0.08397024808857177
8445,0.04801943531433143,-2.836512879573277,-0.14024747159771336,-0.6801054358848704,-0.07421320919095747
8446,0.13190607923465167,-2.8963460949070035,-0.8157516413280305,-1.0501610725864048,0.06201961801117798
8447,9.399921575862274,1.2140035520297041,-4.37268890459664,2.3017206222596025,0.05386506395457797
8448,3.901639292125264,2.9048890640861678,-3.3346440013593592,0.4371168086543723,-0.7483695163779555
8449,-0.8224572762795792,9.419619943331641,-2.665019993459738,0.10556632579607242,2.375311917004253
8450,6.440835805137851,2.1918385111563414,-3.6915857031908392,1.7172793906741008,-0.35593144902217805
8451,6.852348825396448,1.9112619351381934,-3.8972830347159135,1.929726540761602,-0.337942413315509
8452,1.5131594187033865,-0.9074842800078947,-1.5786515764702707,2.136547563453206,-0.0971688522744838
8453,8.241124124156519,1.7805601568594662,-3.499415317294115,1.5491547542997717,-0.6148968034797726
8454,0.12955915939349305,-1.6729242809157294,-0.2385237228688718,0.500805586043759,-1.560987821877559
8455,0.10144279294027383,-2.868006466452392,-0.47995788648157117,-0.935764214075012,-0.04700723185195802
8456,0.15492673083563005,-2.264194021067087,-0.8412336375483244,-1.0717321802056377,0.10230513745769415
8457,0.07299625969127872,-2.6326315321091722,-0.17794686803906778,-0.7004961277745004,-0.06695691072198025
8458,0.1946016785038435,-2.8301078771763413,0.06327730401534135,-0.562124640495029,-0.1560734099590169
8459,0.07163220986656284,-2.6926450376985693,-0.035828835606355344,-0.6194663063021633,-0.10401442119255291
8460,0.0014935349154647534,-2.1963700982552155,-0.061892851561495384,0.20353591539429336,0.5017622665776327
8461,0.052878934204875654,-2.797818986775318,-0.286123096366309,-0.7116597959069101,-0.01872327268128539
8462,9.14598156422892,-1.1744706377483936,-2.23488751514683,1.8077220764208592,2.394802328938393
8463,0.12237480414579224,-2.422745057341874,-0.5426304695801196,-0.9590849176957827,0.004411789265390947
8464,29.057301296046347,4.7320521354028635,20.056078735910422,3.866305969235662,-2.9863513987443753
8465,33.149894081907576,6.39069646110721,-14.301213737366755,-13.18532169286569,15.970855281709463
8466,2.9147103346881638,-1.3319448461446588,-5.804717964791523,-2.3529129037520975,1.7706716618590366
8467,5.070007310714987,1.9869274803218853,-3.6455235206305265,-1.9406413040257713,0.36283929237777457
8468,0.11874876261325266,-2.6602414185632393,-0.2696530702583076,-0.6017603584902083,0.01555740383386991
8469,0.3901894799678561,-1.2270740123762494,-0.5516569904188092,-0.10941386436106948,0.5464799873168541
8470,1.8835379852357708,6.2481156726837614,-1.9648633763351975,1.738352466241702,3.2178172559186557
8471,0.0843185828146164,-2.7494745671719154,-0.33403970434052677,-0.798423214552818,-0.04002840918022868
8472,13.248260880838414,-0.17548537952920776,-5.87228079738447,-0.9696787747290343,3.8263988287676516
8473,3.857312063853256,1.0715572169325676,-2.9121064739842364,-1.7074150869065783,0.1391637320293499
8474,0.19599115508900158,-2.1416212348109425,0.7449728902196346,0.6196383842268589,0.32200723327397457
8475,0.11009814262355631,-2.6639525328745215,0.42191248471049014,-0.30702729135970463,-0.1660603413397028
8476,1.30283192835442,-1.4297831266566832,-0.7450846059921807,-0.1168853804029687,0.3077700348470646
8477,54.05249850380194,11.885843045375164,13.949796861094582,-8.17308155201656,11.98172892650311
8478,9.03266241799544,1.6209539814051763,-0.25142152837121035,-2.2275542047179124,-0.8465017238857449
8479,4.248084639407722,-2.6782227601318787,8.332722161868983,1.885868118659929,-2.7702917296455354
8480,2.4929146109050624,-3.18358388549832,5.220229251999932,0.9821588981934101,-1.9546106737103484
8481,1.781625086210319,-3.084925284649583,3.672717756625249,0.6382334830296641,-1.4213238079026056
8482,1.2886381747426157,-3.0803420336467267,2.7408661181502625,0.19839454729947617,-1.2245862352791228
8483,1.1662987291837492,-3.116600689942145,2.580922079731114,-0.014141057309915855,-1.249607687093402
8484,0.5654813828432855,-2.9101777901360024,1.5280200941940911,-0.12092251922302004,-0.7043407798091559
8485,0.6510953377912349,-2.973105091116228,1.6289171041954378,-0.20092026349932285,-0.830391396435008
8486,0.6203133678410218,-3.0094482864260663,1.5605611970331597,-0.12290560407087298,-0.7472998972254437
8487,0.5730088138274566,-2.8361490702004937,1.291623404563293,-0.2939950346277376,-0.7033584599223114
8488,0.6131409973823327,-2.6784789186316207,1.0640273114031118,-0.02780622292913244,-0.4677378708795397
8489,0.376192796810473,-2.812179709131553,1.084531890362305,-0.16051356340801515,-0.4822498301254894
8490,0.21672766259543955,-2.697101575957473,0.7842641455898844,-0.10975421008094662,-0.25673865217686415
8491,0.11898158119011577,-2.7946479763433447,0.12436472091210671,-0.5922157518710172,-0.1929282182881969
8492,0.20480223532772218,-2.7373632111451527,0.7229511205517417,-0.3168304377825285,-0.352654277370809
8493,0.15813408638734952,-2.6341837341261742,0.5612068084239495,-0.29969797227989303,-0.24388532810052238
8494,0.13655170539660955,-2.7680864565794767,0.46046926309509845,-0.31942137994951897,-0.20561631481724757
8495,0.0548020026841834,-2.7923274850547024,0.3196504645202855,-0.4282886707856406,-0.17106208180016266
8496,0.2351193232117261,-2.6884002992728977,0.5092056941245705,-0.36199299372194965,-0.29915662325263137
8497,0.14021755702791616,-2.772876516571711,0.6480822315645641,-0.3282263088140579,-0.2967695217190332
8498,0.11818120064867546,-2.69634824176451,0.3708972188979311,-0.4413611287678404,-0.22492691254889277
8499,-0.015290364731369624,-1.4915253099255386,-0.14990050316116443,-0.7409251722876139,0.08939841081589717
8500,0.4791497597833622,-1.546519967972667,0.17714978000221188,-0.21151238263399305,-0.009680518076268086
8501,0.1962803637264422,-2.9910309138115023,-0.18016957399200315,-0.7842391606874772,-0.1812042289152965
8502,0.2975485545018216,-2.8915780854124913,0.22606657817425804,-0.603300654545083,-0.3148190532644361
8503,0.22389842893076017,-2.715183364156989,0.3145315416987901,-0.40206816404142504,-0.21996101579105684
8504,0.03489997480048405,-1.6371246935040666,-0.048222868275128325,-0.5307986199727357,0.09483150608345421
8505,0.3183208390888902,-2.982074662916985,-0.6340325947370948,-1.0142633179332095,-0.09911448796238727
8506,0.327642565013767,-2.2086540258028684,0.3702658582316343,-0.5918449000823448,-0.2949800385203523
8507,0.32044747301710913,-2.2056056376144326,0.029977131594123758,-0.708497646651237,-0.19281126268394067
8508,0.3136720235824917,-2.6992396491787174,-0.1780120213006748,-0.8645860366954817,-0.22348018991414206
8509,0.2662365045037382,-2.7834947707894995,0.1162065140054911,-0.6255243552526943,-0.25139988354849274
8510,0.28808830262383217,-2.65863771193476,0.5764028571068178,-0.47439862904871094,-0.3771525204265082
8511,17.248809713627015,1.6704589273768982,-10.67218927935353,-4.163503138554354,5.213552939990474
8512,0.47283174583667925,-2.7083834868761096,-0.019136338625963662,-0.6618592966382184,-0.2526726285675486
8513,0.25447319564790427,-2.651742247538889,-1.1045447107895412,-1.3994941812965078,0.011400917053337173
8514,5.126566950759501,0.9442797346529272,-3.2036069156611586,-0.6245877321199204,0.6414779225860163
8515,1.4490359458080981,-2.3135893886737935,0.739579837671465,0.7484235800703272,0.09188600301743026
8516,12.140166922725157,1.495314203643312,-3.116406557400906,1.3344093089648508,-0.5628448776117405
8517,0.1989702939931548,-2.613719213704526,0.2636409644609551,-0.27614709652060415,-0.0828862078643781
8518,0.8128265792397867,-1.6205483802635,0.6600497341000583,0.36904055544447845,0.028990775811103976
8519,1.0564474013434348,-2.1669707230055026,-1.3907676148203976,-0.4963956980275021,0.42843999560126744
8520,0.0930444350730133,-2.866374104657282,0.15848170570736414,-0.5385718352782359,-0.17245453166047525
8521,0.2949145273791886,-2.9572836052871336,-0.2043489999794306,-0.7922125969417066,-0.20012854021391072
8522,0.2583974333305777,-2.707926982834126,0.45467022720543837,-0.4875464434231199,-0.34091825638003426
8523,0.20893221874019544,-2.537380875170245,-0.0476089395762539,-0.770639494975754,-0.19792588464831268
8524,0.24768238682641228,-2.8523785183632318,-0.0052374619494512335,-0.6183091945917192,-0.180350499570273
8525,0.20957788103083383,-3.023205958529605,-0.7086117357438967,-1.1653854809168316,-0.10497497953588912
8526,0.2053677493118181,-2.4695394264125654,0.011471605269514578,-0.7336648508042231,-0.19567980932347345
8527,0.13436090720376748,-0.14102536151657855,0.301497457480707,-0.2566365990751679,0.3483670281174941
8528,0.1195677262124098,-2.6762005692318573,0.38186400025946576,-0.43246500355204937,-0.21071120477175034
8529,0.20005158019012712,-1.3729589492993255,-0.17537277726713082,-0.6832052969275249,0.10053572099889405
8530,0.8073756993835082,-2.199897801736326,-0.42968429570052596,-0.44741210998938624,0.006195520001405648
8531,0.4507189710420448,-3.0163452440719434,-0.8499859019364144,-1.2350472857209924,-0.13758792542961032
8532,0.10544678314726195,-2.7068559784628636,0.34463860812480523,-0.3507428160445348,-0.15348576234077935
8533,0.24788821479797096,-2.254187346202039,-0.9102546505110648,-0.8874974161112537,0.18663316133244945
8534,0.01972320117359802,5.437477109859016,-1.1591135739148788,-0.6541063241422109,2.0232341773684914
8535,15.464135591840666,1.4583965541349915,-1.1476466038093667,0.08784693777878701,0.8512874151366154
8536,1.6792204817109202,-2.5119659099822633,-3.4106544959707126,-2.5956383294317886,0.48668462944153923
8537,18.10713063828766,2.0011149988331702,-1.0266885291315444,-0.7624947057843642,1.6603146597366767
8538,5.10515025474092,-1.4101542717566091,2.795508503117769,4.414498965748428,0.9033529084220153
8539,-0.6321947538676699,-0.37195710578258534,0.4124744284974355,-0.7212117249135539,0.36143769526812203
8540,-0.6899701132760601,-0.07003144435486765,0.3954457320529947,-0.6596866212971259,0.4609337391089462
8541,-0.7009040319622437,0.0658733944920707,0.4025274839383557,-0.7326883272811223,0.47807101184758577
8542,-0.5640528303518776,-0.3277643418292241,0.36078128325397174,-0.6644778599131936,0.3976134065879167
8543,-0.397811321837597,-0.8694426521275762,0.34865219091229854,-0.6834293839692065,0.2201749571764471
8544,-1.264834633024145,2.6859530845368362,0.18109659410965676,0.4431147920422979,1.832853501391849
8545,-0.5551328861472756,-0.8488254130152407,0.43624360630983944,-0.7736405504824659,0.1848899914630014
8546,-1.3465250424978692,2.661852742618359,0.15930076260600196,0.6898493362276771,1.9179600357034514
8547,-0.6579312599888679,-0.31213450593407854,0.3569370515937678,-0.4523129821766237,0.47920598933496694
8548,-0.6045683830103101,-0.764034434884512,0.4425096492340574,-0.7436736814378553,0.23258897670297515
8549,-0.6911556528642046,-0.4510186863197323,0.40290092446776543,-0.5515912444823152,0.39396025328865947
8550,-0.7509561677906993,-0.2596346192513093,0.40633228283294553,-0.49063590902532,0.48241706943949225
8551,-1.342363761154395,2.4561446666309585,0.17788565278004373,0.6588297959511343,1.8192398077082572
8552,-1.5518101314587058,3.1897378205826357,0.1863854060417075,0.849025747368122,2.173859972220268
8553,-0.7084283696001678,-0.5540505230634292,0.45619781848163166,-0.699078851068458,0.32211244594105426
8554,-0.6674578714275711,-0.5267839254526143,0.4362179457570289,-0.6546802200025099,0.340203843185101
8555,-0.6956639152216328,-0.605045475570852,0.4712205127657891,-0.7200122774132288,0.3044545224400022
8556,-0.6518303975281162,-0.5683892526466129,0.43350730776955604,-0.6710264560320448,0.33580016294334514
8557,-0.4043933032492529,0.3573235844942985,0.00247549119015699,0.3345444818772708,1.056784535030737
8558,-0.6560467660305026,-0.7630544626944541,0.4751934504205381,-0.7817996757404919,0.22062901817500952
8559,-0.6595626733992983,-0.7058042885537519,0.46501739369081135,-0.7386184524495317,0.25234679633322793
8560,-0.6357876063951622,-0.6672967200218705,0.44364238284884494,-0.7201029549805654,0.2755318256887598
8561,-0.5078089369842378,-0.35686370447236404,0.2600382632077068,-0.3119821632442465,0.5352705191569892
8562,-0.515426295909475,-0.6449643273274857,0.3875313120634965,-0.6846572440209316,0.2959776002573321
8563,-0.32749688088136175,2.1117523548765997,-0.30344903456722666,0.8808623336112978,1.9144446189848858
8564,-0.7091870156526769,-0.3103134895332242,0.46111572693217945,-0.8407460511688859,0.3223817838543547
8565,-0.5161707937725306,-0.30843502278593965,0.2902113007234813,-0.6805265436903761,0.37093770843785695
8566,-1.1494165085910626,2.68324660481036,0.06994023279820083,0.4919255040377413,1.7615188772840416
8567,-0.7858566167817879,0.011996977737482373,0.4527858518695795,-0.7451611772994168,0.46070623783605763
8568,-0.7286005291642028,-0.1902486418164214,0.47592340290032364,-0.8197108597901378,0.3811046593686784
8569,-1.2976968593956044,2.7358448004581826,0.1710149203484488,0.46356302018581186,1.8283964894016798
8570,-0.7473647484886098,-0.0950242848863772,0.4531316526958687,-0.7931766883178615,0.4266213541893429
8571,-0.7612202941292479,0.0068395005552654665,0.45066494791320877,-0.7551395866735006,0.4740515449197906
8572,-0.7842395737595127,0.6326495250783967,0.03161966882369125,0.31322001867141,-0.9505840988105021
8573,-0.8147787234133356,0.7443267794666356,0.04456366373298986,0.2792046649710158,-0.9233869577090353
8574,-0.8584729842417697,0.8594398724771095,0.04955442928027195,0.3143060867316527,-0.8747114627468083
8575,-0.795211398677736,0.6173598716195734,0.05499647505198367,0.28674945876615804,-0.960060657224844
8576,-1.3460910546579303,3.5155058182897667,-0.23160710121150446,1.4940636148245479,0.4344589264056469
8577,-0.8409261687431531,0.7752368958151549,0.05840741726767805,0.3194486748551485,-0.8973096806740234
8578,-0.8594539872814765,0.7793711261795998,0.05807094743792159,0.33299266261687394,-0.8858658445355497
8579,-0.8213252504536365,0.6719093325201496,0.06230563847403286,0.3007374811187994,-0.9353498045980932
8580,-0.23431701119553808,0.2336724371598446,-0.2652436898263205,0.810423880407507,-0.7786607346511562
8581,-0.809441860634559,0.31033046338389525,0.08936009576899895,0.34987622131734214,-1.0329082000049998
8582,-0.9132625485625654,0.5924367717607116,0.10248390564861606,0.4052664165468467,-0.9147100687946181
8583,-1.6331797147433083,3.942512729721863,-0.17460954926982084,1.8183200010771254,0.7620544577480223
8584,-0.8713393244665164,0.3937666698586508,0.10750365294482905,0.33237258559393,-0.9957254391810958
8585,-1.1852096970205126,1.9155443458190091,-0.09362419770432998,1.1528536826326699,-0.22825386656295624
8586,-1.7275962138061363,4.184194035170495,-0.1449218809269939,1.8071499858685032,0.8678008015486619
8587,-0.9258983927978766,0.5878964783847725,0.10493155967491397,0.352544804070443,-0.9238825754420307
8588,-0.8900415442197672,0.43536079491022306,0.12669740005602487,0.28180507426643536,-0.9976828680705195
8589,-0.9181829627453729,0.5619777273609856,0.10795797025478054,0.3406911777005519,-0.9475151138002668
8590,-0.8937636020244154,0.500232370388066,0.10999557165653802,0.3093718998507705,-0.9664156769174062
8591,-0.9155142119524655,0.483127001641496,0.11443395272816086,0.3662777074983456,-0.9526729592293781
8592,-0.9716483661780263,0.7842141080848397,0.08146437981403172,0.4763194491072294,-0.8190100592872361
8593,-0.9027224994028302,0.4422100985788118,0.13017631582588357,0.2846404415900299,-0.9937389706937777
8594,-0.8017661418660682,0.3535580795328714,0.06298153642959699,0.3273303315464482,-1.0164102880426618
8595,-0.9012784262250941,0.49801382052927634,0.09154088226856233,0.4274460655686894,-0.9296852246787906
8596,-0.9274561469826219,0.5142952798643112,0.1136920756150675,0.36787642769900797,-0.9378281965499485
8597,-0.8861369829274779,0.47343757864452435,0.09029181129004626,0.3908609665133264,-0.9502238421754082
8598,-0.9485702012583439,0.6028887369820769,0.1297724623918777,0.3764945343956941,-0.9098773026048224
8599,-0.9212419664401464,0.5832883979201765,0.10237852730988169,0.37380667574640436,-0.9177309610154333
8600,-0.9042697102541387,0.5418473210788363,0.11662281086530514,0.30384337319642885,-0.9551164643931856
8601,-0.922470003131416,0.5745630708387683,0.10524485709897384,0.3850466454945968,-0.921171109835101
8602,-0.9690014154545937,0.6879218789663841,0.10341335449917476,0.3918074797782742,-0.872383789034438
8603,-0.9277590183375757,0.5742757179029044,0.10509348908014968,0.29809321429840513,-0.9421452934876822
8604,-0.9213558006105992,0.5076800244391058,0.13593904397158585,0.3400095222340207,-0.9612850636459339
8605,-0.9199098991772777,0.5961997155238034,0.09631711701222785,0.3989453913607027,-0.896685544158109
8606,-1.6975411007108083,4.022330620002616,-0.12627712102713096,1.7132887260974141,0.7733498101600867
8607,-0.9544025204613534,0.6073372975734802,0.10471389406050204,0.38399206414910164,-0.9025084053711799
8608,-0.9576319551444057,0.6341992468500197,0.11285104859672154,0.3728189716629683,-0.898736330944827
8609,-0.9531308607658789,0.575186685334349,0.11367428034641743,0.32714059535600143,-0.9316840147252691
8610,-0.9276087174511071,0.5406848630897293,0.11762098392285879,0.308529061451036,-0.9523923508818688
8611,-0.9741539524218691,0.5751270050607206,0.13155201658654225,0.3641241289963967,-0.9140057788403722
8612,-0.9183549522699587,0.5203139598979516,0.11355828273504752,0.348608093708306,-0.9482969876450418
8613,-0.882868487761151,0.38488702061599195,0.13184329005214618,0.2400514441124975,-1.0158404306088527
8614,-0.9606557631319863,0.6794827217188537,0.11586867969149604,0.32338097489799467,-0.8956547058284349
8615,-0.983752705234798,0.6335964519207821,0.14824091577684975,0.3328505642923892,-0.9118167224293188
8616,-0.9137125864538889,0.5103174800450836,0.1197666134595563,0.3168594433044012,-0.9581640496352443
8617,-0.9035078334753025,0.5775011518619902,0.09446248159367215,0.36355163288697706,-0.9187168439709018
8618,-1.5820065511826205,3.7903058111713106,-0.17388219347485165,1.6631097086331292,0.6608314113544925
8619,-0.8980398306713419,0.40133907897209525,0.13319617972140302,0.3383843846610128,-0.9923387746806739
8620,-0.8729507895479748,0.39620064553253176,0.12824447132448674,0.276647910667454,-1.0140989080142855
8621,-0.9081409414393867,0.4887766549514528,0.12043141993119415,0.34611800488352984,-0.9519641958815078
8622,-0.8835385266595683,0.4589015947143078,0.1026477474602691,0.3416387320747802,-0.9740530349338907
8623,-0.9557794474595138,0.5032053760079854,0.147157651250439,0.3229059498861213,-0.9529038075455587
8624,-0.904695065657687,0.5098534963227693,0.113655774698667,0.30829963666506377,-0.9608501651541189
8625,-0.9707714964725006,0.5913508549072751,0.12200264139136871,0.3848071265202868,-0.9074923033794818
8626,-0.9539363062059508,0.6010821639589922,0.1195333777598131,0.3233001711171927,-0.9175743329572768
8627,-0.921123620191096,0.48301340183543723,0.11964363817399849,0.29108911874242066,-0.9639854669220348
8628,-0.9813039263335611,0.6718906175204191,0.1029019555657255,0.3799569794172357,-0.8700389329779706
8629,-0.9659056494274453,0.6249370484574431,0.11323638056912837,0.35537958871214753,-0.8941024185139902
8630,-0.8846251447600852,0.4590676662336369,0.07782490752207917,0.37370599730930815,-0.9568797857168027
8631,-0.9516841294674838,0.5442419638632855,0.14671523297288494,0.31710083592721194,-0.9500325675655564
8632,-0.9311375923478833,0.5656379017863175,0.12660325850325652,0.32676096154828804,-0.9386532556592837
8633,-1.0201312460163265,0.8496600985152505,0.10530332711882304,0.42874637602536025,-0.8094260591596595
8634,-1.040893020755746,0.8155895891369138,0.1387811565327064,0.4073024427432554,-0.8294412346993729
8635,-0.9376839265915509,0.5502859516937718,0.10873243010133653,0.32292945652871907,-0.9399846100763881
8636,-0.949448693708094,0.5523576617720705,0.1324465147723003,0.3537206887399346,-0.9418218370142132
8637,-0.9473075635961798,0.5720444168157252,0.11631611885585216,0.3192392965862381,-0.9350043705285145
8638,-1.0104561595948922,0.7732183337384066,0.1366654553146611,0.38080571655804807,-0.8573028782545123
8639,-1.0011012604688432,0.7584517972289283,0.12631248754207822,0.3680487436133946,-0.851051143636398
8640,-1.0173515332570848,0.7845236551139858,0.1195775315712309,0.4307590520270621,-0.8351553652872745
8641,-0.9675037160607404,0.6791247217353577,0.11721279133135047,0.37439668382314084,-0.8912263721364002
8642,-0.9801614980898558,0.6547645839799214,0.12329219191758224,0.3361244713454659,-0.9008461203301782
8643,-0.9666674600532317,0.6260376592495316,0.13440463882784653,0.354768130342953,-0.909507488967145
8644,-0.9342284397015618,0.6251045610197418,0.09757871475242312,0.3858785803502419,-0.8924006078742031
8645,-1.0368272718449618,0.9212246820298973,0.13771834579375133,0.40952191685470546,-0.7961649538701407
8646,-0.9641177732889781,0.6563387488596912,0.11584818322289088,0.33123812644490996,-0.8962454555411227
8647,-0.9286437895161089,0.4823977192905023,0.15202594310022957,0.2665078992533169,-0.9883095859724661
8648,-0.8470306179876046,0.35289322724892724,0.11047072193763477,0.25968924660034987,-1.0201938315090118
8649,-0.9752560452961128,0.6356689088118493,0.13641415407401825,0.31248682777456666,-0.9129032162239439
8650,-0.9871621368943344,0.6480802534374499,0.15398040522318526,0.31813963881314683,-0.9146846339023667
8651,-0.9581640335694527,0.6262663507054983,0.11924396766415177,0.3459886273010767,-0.90482918789179
8652,-1.8670956471451658,4.558561506938375,-0.11120692209054846,1.8586291495877885,1.057308938930877
8653,-1.0196713569546234,0.8479778963128345,0.11776974237632698,0.3874647832041326,-0.8186147868397357
8654,-0.9287100822019719,0.6218375142533817,0.10307567843346904,0.3914443914608366,-0.8885264010933698
8655,-0.9434195149190586,0.5828062016636872,0.1306991057342114,0.37079158471447177,-0.9180730054614462
8656,-0.9302053317888613,0.5591645071928477,0.10556950937824706,0.3598405163536251,-0.9192847189604578
8657,-1.987793444756591,5.14484473588187,-0.13880762863639334,2.05747554883425,1.3547800784965618
8658,-0.8924047469167141,0.4646766184719329,0.09276670023463397,0.40110550758749847,-0.9277301769716305
8659,-1.6338640949412915,3.81195732634836,-0.1344610728150613,1.685051016873946,0.6653564032188753
8660,-0.8954644378216742,0.5268963250393535,0.09684098403576757,0.4043788194997837,-0.9032995318298463
8661,-0.9275889163499033,0.6261871733661984,0.10363689615776346,0.3823553071454951,-0.8913396767480273
8662,-0.9642885474757673,0.5419403370988152,0.1386668832429996,0.3180448129214926,-0.9424882366644985
8663,-1.7252517654560533,4.2275928125184015,-0.1706713282203194,1.8380880202733778,0.8914894807899466
8664,-0.9958204391533273,0.742191766301387,0.11600650829509973,0.4416480067341337,-0.8354327892261046
8665,-0.9962140931693827,0.7152702661147936,0.11623357096451654,0.4117562646143869,-0.8633200370738057
8666,-0.938107014946881,0.7497269562745696,0.07774736062631757,0.4409745307929573,-0.8276386929817522
8667,-0.9818007621629565,0.5872308883290572,0.15278983535517895,0.3639021499272543,-0.9132387061603306
8668,-0.9173462461603362,0.5111970409073989,0.10477214425954635,0.351010608158628,-0.925801488537583
8669,-0.9526774209180131,0.6513306033199205,0.10224420750963628,0.44948852149020607,-0.8537323386455173
8670,-0.9070984563642532,0.4484285521802322,0.11439710052623625,0.33013189406964594,-0.9693608460909104
8671,-0.9404119735894202,0.45859583041720997,0.1541366786690173,0.26678729773663146,-0.9792450004742692
8672,-0.9405620089695422,0.5840273141470498,0.11739704624496673,0.35130109935789916,-0.9177574322759469
8673,-0.929674208554949,0.46622833746792824,0.1202126367402186,0.36935630110313183,-0.9445320165032693
8674,-0.9218966639942012,0.6298906300677217,0.09444206820387803,0.4270687214065518,-0.8693038043646419
8675,-0.9770933549553642,0.6521463822491957,0.12599808495359954,0.41915917044945517,-0.8726430867878111
8676,-0.9573935407451574,0.5725422355280614,0.10761317829248719,0.41288645689266923,-0.8941492839106655
8677,-0.8961128907880058,0.44632158891234275,0.10639844590486745,0.3333101262302183,-0.9680132760564925
8678,-0.9306537676031983,0.5095595787085037,0.12076787430525096,0.389462876422681,-0.9329146222178679
8679,-0.8961175405130731,0.535097803581512,0.09883589219157843,0.3733889046677597,-0.9220512308777906
8680,-0.9641507704717431,0.6335098426001496,0.11871208537114765,0.3850550312013308,-0.8919485377862428
8681,-0.9226544843456668,0.5367800146521479,0.10962095374555912,0.4044606042110873,-0.9222779480739192
8682,-0.9355177834362486,0.5156716306696689,0.12281142230012453,0.3332898741834251,-0.93818543890853
8683,-0.957499116893659,0.6304267159933449,0.11565798895158229,0.3735397415462593,-0.8956864854335947
8684,-0.9591602718372341,0.659263564771365,0.08345636030655369,0.47746394927239205,-0.8486275528910829
8685,-0.8391709016878873,0.38815620510996923,0.09745698020617746,0.3772454486473557,-0.97365941126423
8686,-0.9691015121795356,0.6397677652667475,0.10047653873070907,0.4446622755750771,-0.8761166034072975
8687,-0.9730678258923972,0.6170591897039719,0.12302898495728498,0.40995105774422463,-0.8868230950993237
8688,-0.8908803495147553,0.4522073487612348,0.10322344606479737,0.3489400080696418,-0.9563385631089584
8689,-0.8548342587235553,0.3534677135694857,0.12358430409893224,0.3567361057981821,-0.9857117553370222
8690,-0.8719824348279024,0.3932077881501076,0.11311909095698588,0.29827228290436797,-0.9965655050327558
8691,-0.9180687457264446,0.47629102361850323,0.1328606002894501,0.3493801102784636,-0.9533935240486097
8692,-0.9233162333486884,0.5787670487180252,0.0984066632900764,0.40013530132066094,-0.9028510531125954
8693,-0.8762885295126811,0.37143997353494856,0.12716754912775255,0.29411373723267004,-1.0152326756406695
8694,-0.9826830228575658,0.6103487858726281,0.12932889263822342,0.44288181365556617,-0.8816951490591465
8695,-0.9561368266205822,0.6748887011694036,0.0974348919063435,0.4831821513906111,-0.8438103280016693
8696,-0.9398894799623361,0.564144132368117,0.1192342701600321,0.3730113235535134,-0.9116737214417125
8697,-0.9088932228902189,0.5184655852610509,0.0979567912324615,0.394771174573859,-0.9094467708597728
8698,-0.8691188738479506,0.38872214818140766,0.09285070555972834,0.3643642146366634,-0.9684778879437672
8699,-0.906705257737766,0.4289051360974635,0.12636458879460136,0.3587539340446838,-0.9759180826418796
8700,-0.8955220851070479,0.3943396967335312,0.12298039650023358,0.30323566763101184,-0.9953162998624221
8701,-0.9294158921667391,0.47267259628668207,0.11889737098522297,0.34581482550447173,-0.9510704946598852
8702,-1.683244823332544,3.9407500889499767,-0.16779536415632287,1.8719130430194317,0.8196221437357718
8703,-0.8649682572259298,0.34285565147559155,0.08249967426353152,0.3795938767642931,-0.9886924984733274
8704,-1.4272688000384433,2.936715030826052,-0.10403606377888787,1.5009168187371307,0.3170680139611374
8705,-0.9399521015599631,0.513070326787833,0.13813054317377624,0.31910713583537625,-0.9424980954745171
8706,-0.8964334229643015,0.527338839303595,0.08974831781459226,0.42639114806587985,-0.9095452506670927
8707,-0.6753124484482236,0.26223854854489,-0.008938510516775276,0.480182801729134,-0.9826212915930514
8708,-0.780792620305216,0.6149215306857139,0.025544351660855266,0.5380279615723531,-0.8197486557405741
8709,-0.8946172961134348,0.15872602153946783,0.4806779503248154,-0.6006350189780456,0.5919063179415067
8710,-0.6640604843131965,-0.3534021946164881,0.3849754029400311,-0.5318762391222978,0.4773091458842408
8711,-0.8777517077796648,-0.14922900334915998,0.44530586646598147,-0.5161614976443868,0.5582325787959399
8712,-0.8222852023857142,-0.33977985829892987,0.48557137640973735,-0.6467039705978026,0.44501966745054733
8713,-0.8645329362537724,-0.08174521502423854,0.4293629015380732,-0.47281748647429944,0.5769743413057143
8714,-0.7383701675762626,-0.5822934777209595,0.47463532707683664,-0.6352968002178458,0.3640285833178156
8715,-0.6711509098252949,-0.5893972942277121,0.4294867818926748,-0.5924891154715044,0.36531060452037933
8716,-0.6893391158163112,-0.5406881034577282,0.42589601307235536,-0.5782440764652639,0.39580329759139715
8717,-0.8025980035692705,-0.3978874159421556,0.4820914803823795,-0.5728401172470957,0.4254474309190634
8718,-1.5110739331074463,2.7258369714327766,0.22216847778646215,0.7581857005857627,1.9901047872642648
8719,-0.7869863914338963,0.017755459041379533,0.11000450889903152,0.29502298516933106,-1.1173865356625776
8720,-0.846644391638707,0.12966370170194058,0.11795144447457735,0.316859693858669,-1.0647343002069758
8721,-0.8066270711445699,0.1482353065171372,0.10879470089652046,0.32229503233204515,-1.0556791956586036
8722,-0.8969140175128664,0.22913449861675286,0.13417851117830196,0.35805727370379525,-1.0178357072609105
8723,-0.9012317665905282,0.2777528534089125,0.15187601150144217,0.3175092166207829,-1.0234679466798464
8724,-0.4683380857642949,1.7301449390622252,-0.5613638061451484,1.0541906058445245,-0.382552751526394
8725,-0.7532263315530621,0.45855709178708864,0.07549838854879119,0.1787384679422506,-1.0488846006062702
8726,-0.8681388663890853,0.2025226463904369,0.47777585487369245,-0.710412181782463,0.5483092753542201
8727,-0.8370542372827507,0.20848259440176606,0.4701308883508289,-0.7027183972832742,0.5624367370762658
8728,-0.900360094034581,0.26981567080909924,0.5027465590778494,-0.7393816199074297,0.575725493821874
8729,-0.9678903377908203,0.9373721592512791,0.11191063799796312,0.3118913395916814,-0.8320017489154442
8730,-0.9079631737702903,0.6822641444040184,0.11994747668519208,0.22841280127836935,-0.9386306122726092
8731,-0.9056616735570512,0.6914832849857452,0.1313183778224783,0.2520291476795903,-0.9344178596611084
8732,-1.4352171578004065,3.6084863544188317,-0.19559961619456406,1.5912538475899145,0.5578693309186967
8733,-0.9592438192187758,0.8203455257851848,0.1268129103362752,0.26336202813839726,-0.8747302110958038
8734,-0.8994479707610282,0.2585276686879148,0.48146144224831283,-0.7259307004359036,0.5882770821636555
8735,-1.3439227258763846,3.3473455769148304,-0.2064990530110432,1.4930193659417677,0.42618319433059143
8736,-0.9298521836586233,0.8146672810848241,0.09172401218707753,0.3279841733389166,-0.855068727884126
8737,-0.9505431149492003,0.8215547277921275,0.11311488753532767,0.2798947450725119,-0.8703194986417708
8738,-0.9787096587921518,1.0425901273838991,0.09448802943717292,0.39596310830491105,-0.7594319685235879
8739,-1.0120466231139287,1.0421146537494825,0.10001977443112109,0.38052320903265274,-0.7682216759878205
8740,-0.9573072519159948,0.8961353983588243,0.0876742812645182,0.35372715597998866,-0.8100424354944431
8741,-0.9775566527611785,0.9599974702203807,0.08611989502930098,0.3650175327058934,-0.7952930661272183
8742,-0.9600672698707866,0.93663056092536,0.0856366516169791,0.3905099883549964,-0.7933034839809566
8743,-0.9534886755497158,0.8990777483048268,0.1003150640868984,0.3583828754395024,-0.8149730940616243
8744,-0.9484172897307225,0.8159108625552146,0.09948103752348024,0.34114986085626475,-0.8550251731949983
8745,-0.9398971603913194,0.8149347413180162,0.10952117826739668,0.38477136267577566,-0.8483441468373508
8746,-0.9774685929037004,0.87433043128241,0.095884930316811,0.39399988045086287,-0.8100367371302787
8747,-0.9247245463858846,0.7525224099180109,0.09078604745751116,0.3697162500004513,-0.8643838882351269
8748,-0.9020239161695487,0.7042211067513545,0.08794685454769686,0.3475780057832909,-0.8879055503898067
8749,-0.8927969935065374,0.671689922180759,0.10184299645380253,0.3636730971598262,-0.8929500818693079
8750,-0.9298496294894633,0.7429984434927814,0.0922585278745799,0.35347772820660345,-0.8696474758757015
8751,-0.951523994842212,0.850274474986741,0.06576432197358009,0.45095534338788584,-0.803165436915304
8752,-0.9019253513101669,0.7175851880226424,0.08782311167438703,0.3626608449411461,-0.8780299436292242
8753,-0.9197068630519735,0.7760855237018408,0.08511258648131129,0.44578360023381425,-0.8258458841573341
8754,-0.9411724146025415,0.8404580370696276,0.08361148880749875,0.41316789235348506,-0.8155491459608127
8755,-0.9271647814405558,0.7635206543908294,0.06981582489964612,0.44107207820158484,-0.8336113888903853
8756,-0.9105433467816955,0.7773336121144573,0.05576532003837168,0.4544012296339196,-0.8176366152133797
8757,-0.9350803141500396,0.804866081653784,0.07406607191076613,0.41602225671790066,-0.8304058758824344
8758,-0.934319447553174,0.7183057045285731,0.09497675854457556,0.3862475988065545,-0.8679585482402756
8759,-1.4098456197428757,3.5106844225112113,-0.20859659639912964,1.6473261132131483,0.5435554760708682
8760,-0.9370932048956393,0.8069778803467164,0.08748654479509482,0.4209163711826196,-0.8262825797880579
8761,-0.9562515550445337,0.788180988580413,0.10774743170644409,0.36977482494675296,-0.845525344413716
8762,-0.9367621251113357,0.7487859675937697,0.09708618729390057,0.3525269077436264,-0.8725153638246199
8763,-0.8914747783102869,0.6062441979985913,0.11401372039885163,0.2933410017136807,-0.930192106986994
8764,-0.8139751260985113,0.40561546668133136,0.09311395629627157,0.2971462593215311,-0.9955796893111377
8765,-0.8911897413363556,0.179077090261458,0.4652185403384283,-0.5484534911750719,0.6207530983785122
8766,-0.9202267626126206,0.21358112840276539,0.4754921196003801,-0.6002350651800761,0.6107035154295474
8767,-0.8946704778307163,0.5447885223655299,0.11457100214185194,0.2598664796685464,-0.9618264989696886
8768,-1.5981457595381545,3.9783500014661244,-0.17629598141950736,1.7362398371618482,0.7633949073517279
8769,-0.9098368219041736,0.14780947826082366,0.4839825771199485,-0.6297905079096334,0.5893788089592825
8770,-0.888538139095994,0.09971986731119929,0.4666610938903033,-0.6413238688745594,0.5659649202796782
8771,-0.9407531447534375,0.5662945299365276,0.1595716961880972,0.28025763852891217,-0.9579398295154943
8772,-0.9949897319421287,0.7799993610429642,0.11440220574290239,0.3754090231808341,-0.8497139971837016
8773,-0.9570295910651595,0.633690864709922,0.1435364317603078,0.2314097685437239,-0.9443715941584118
8774,-0.9742640523249254,0.7893003693411604,0.09804040635620123,0.41660300314467424,-0.834363467944893
8775,-1.0068969839542405,0.8434791426365338,0.13346221710357573,0.3150067345986666,-0.8356523945013836
8776,-0.9905381131106686,0.8194777170938705,0.11350647695569593,0.3748915014772837,-0.840391937861795
8777,-0.9865861695418406,0.8083956227038647,0.12071641499314058,0.3646693454779599,-0.8573324111883035
8778,-0.9955044700556471,0.7549675291240066,0.13770753999294724,0.31163829008390254,-0.8777850240140649
8779,-0.988771359226779,0.7930589431455923,0.11207631162602423,0.40346065884612403,-0.8396454520945511
8780,-1.0171755295720086,0.9422645249177536,0.09887456605399746,0.4462517554753996,-0.7802088490482749
8781,-0.9993615816098709,0.7530908770634788,0.1577771061666814,0.27358004505182737,-0.8940635905269976
8782,-0.9854351641988301,0.9010275247587253,0.09817860589919597,0.3897843151564386,-0.8043591285182783
8783,-1.899211881788286,4.951980925238031,-0.16724826110473767,1.9873229073252285,1.217291455597901
8784,-1.0120741072270236,0.8636290037374786,0.133652214827233,0.32035836254797395,-0.8414711036687993
8785,-0.9906319727616855,0.8267425662851352,0.11112478051654154,0.37426816610569635,-0.84663600277772
8786,-1.0446517151505357,2.335334104864958,-0.13889681623065772,0.7277962668035534,-0.20591996687384354
8787,-1.0037687338556376,0.7443102714468983,0.13862245858232713,0.4339576843576172,-0.8182863115288835
8788,-0.8724495097266985,0.3042325299924387,0.12545452062150592,0.35540310787199175,-0.9955154294946261
8789,-0.9157544945771978,0.4697994375308374,0.1227136831502634,0.39186850033257475,-0.9335175054562467
8790,-0.9507240130710841,0.5649914775634646,0.11183683023135045,0.45170462937991535,-0.8816797641431543
8791,-0.9834307759920607,0.6580702540951024,0.11548497381616622,0.4801810378873451,-0.8471951022739933
8792,-0.9498441227118107,0.6046290324331751,0.11646116131080095,0.4300756822073798,-0.8714713214976596
8793,-0.9538290665467445,0.5889596108030637,0.11773839046043187,0.4347760188438314,-0.8782555604256652
8794,-0.9172731761049692,0.4495675215943679,0.12375709152677815,0.36257633682463786,-0.952467970291906
8795,-0.9383589035858586,0.4890843748045145,0.1268189860140372,0.3569328747039345,-0.9346710179211224
8796,-0.9557639980368983,0.5779811877659591,0.10801434034223534,0.43580975198205635,-0.8838532366984139
8797,-0.9748120431084587,0.6301161342839193,0.12258094226624418,0.41825776465864317,-0.8740491310294684
8798,-0.9376505377420035,0.526906221131209,0.12153789747245487,0.35645074587240233,-0.9288939928151381
8799,-0.9722700108702363,0.601293080182711,0.12370319190645027,0.4242603131347606,-0.8800818178462406
8800,-0.9394489999977546,0.5396592219707639,0.11626518187612982,0.3580999754095285,-0.9217618087451173
8801,-0.965637663237811,0.5876364026623434,0.12064562209278591,0.37912409024575405,-0.8962652601141153
8802,-0.8524241723524602,0.19209518270303705,0.14659904144164798,0.19906491980574514,-1.0959338129560847
8803,-0.9080765075130104,0.514160960578488,0.12225389107427656,0.3424843700987387,-0.9461305060792301
8804,-0.9764079630038057,0.6657419611998475,0.1338539703360833,0.3088301813183824,-0.895958959922393
8805,-0.9581457208315068,0.6454590444881475,0.11106249602321484,0.42628776136075597,-0.8685606059898464
8806,-1.4945985369014005,3.4275513400052042,-0.15971246106837728,1.6120366857716615,0.5234391041371605
8807,-0.9703172392063378,0.7198784483046362,0.11655855240195773,0.3641090698895989,-0.8658836567047244
8808,-1.0064387620854394,0.7169663001502895,0.13976142817270298,0.39503923408117964,-0.8439530257929113
8809,-0.9185146541620843,0.4938873519699093,0.11244322029324656,0.35487364615034866,-0.9339310767859846
8810,-0.9894945331552361,0.6622538870890102,0.13150687835480201,0.3809937695410809,-0.8603088685912317
8811,-1.0124525803133084,0.8889699083973426,0.12147895193214496,0.4163371424829362,-0.7898823981889348
8812,-0.9606954642887086,0.7375047997357536,0.11315744359229762,0.3486679343495615,-0.8615961381468039
8813,-0.9452109859134797,0.5820329379793635,0.12187398121644957,0.3812216679210203,-0.8957399028931052
8814,-0.9834217028255855,0.737532565665768,0.09931617500402361,0.4789636812399055,-0.8141986568274296
8815,-0.9686467692366593,0.6927182731750247,0.09855252167353204,0.45840147371286644,-0.8349968242393776
8816,-0.9520244280701768,0.6338591834036899,0.11043190391720765,0.38799578571096993,-0.8777432961994367
8817,-1.0010395547900532,0.8091398034963304,0.10765292920912585,0.40684926912953523,-0.8121782083020459
8818,-0.9749546765265228,0.6657006505550834,0.12265736032761965,0.39219709787558327,-0.8678818441130522
8819,-0.9227399228699487,0.5540918813722103,0.12107182505137905,0.30499460489221075,-0.9303993696712325
8820,-1.0004071966494847,0.7908513972359488,0.11408820519573339,0.45096833814057585,-0.8119665561202436
8821,-0.9359901800767336,0.6215355766088363,0.10916855298759179,0.3939591800637023,-0.8869668506977341
8822,-0.9099118520404313,0.43948341481869985,0.1463131368041708,0.23982523248192741,-0.9955934828551901
8823,-0.9088972577316161,0.49893541302403077,0.11565248505018982,0.36193385519385896,-0.9375955823019159
8824,-0.8826311373126668,0.3960886186858182,0.1382806252541637,0.2603601170185055,-1.0084104303184291
8825,-0.787118104834262,0.6397754580491672,-0.05363081346456977,0.6916618213674036,-0.8034742281108599
8826,-0.9647919881981466,0.6840287508552094,0.13929159793828808,0.3010406581718681,-0.8889269446648677
8827,-1.0160942919557356,0.7941116643229588,0.11378273283419277,0.44858296486490634,-0.8099283708041916
8828,-0.9772121962334284,0.689090166546594,0.11981095372258238,0.40897277256104236,-0.8636664476425933
8829,-0.9081699220132169,0.4929171132457922,0.12728407457454413,0.31089987613369796,-0.9589514983431672
8830,-0.9089326523213638,0.5051134010065034,0.12883921939482512,0.27829127286499944,-0.9705405523776823
8831,-0.964246907585181,0.6631573225779699,0.11050102844655253,0.3687472761069084,-0.8881609041657467
8832,-0.9485082875070328,0.6742087210588076,0.08488156075681043,0.46303868490204936,-0.8594511589354553
8833,-0.8733485449881536,0.4220195649670978,0.11304702190960088,0.30797007251535247,-0.9905114218182809
8834,-0.9382735456951725,0.5582950208610852,0.10513086345300607,0.4054110081510167,-0.9091002014255457
8835,-0.9066882235075893,0.5232814663671642,0.10569599356828484,0.3566351816559763,-0.941318601958507
8836,-0.7179917552243843,0.4217856448485786,-0.01862018541742411,0.5484718627974792,-0.900859149413016
8837,-0.8842922539542912,0.37650625157476375,0.1060124084755975,0.38200803218246004,-0.9766154119251979
8838,-0.9213180547497442,0.5567483581672685,0.09079907641071704,0.4189750272058558,-0.9030532044908662
8839,-0.8478074169929138,0.2773689522684891,0.0902069389122697,0.33485485909250295,-1.021957792338804
8840,-0.8478093408946028,0.2812568541795488,0.10343388342953927,0.3658077036077154,-1.023484492621319
8841,-0.8485656951284358,0.3036669022651251,0.09368031092819155,0.3733189018562243,-1.0070513513041839
8842,-0.8813776449580277,0.33669014402633984,0.10156519753319768,0.3657895657522683,-0.99869934209932
8843,-0.8873805131257475,0.4610693965897548,0.08792849264261887,0.43962649037354684,-0.938216089078044
8844,-0.8737399944595657,0.3532954884952459,0.10551523915884575,0.3466250492999878,-1.0000743313857863
8845,-0.8638000701982882,1.0042029998405861,-0.1007784058369176,0.9829642624140208,-0.5460773493821024
8846,-0.8401584672032986,0.29803177321475866,0.10936891918168215,0.3030034989324794,-1.0474160035275197
8847,-0.8285927758552466,0.2707345962136092,0.10915453911397033,0.2949817935032749,-1.042554345320835
8848,-0.9638373028808099,0.7414189526737346,0.07123758593011559,0.5172681917600287,-0.8085632787271493
8849,-0.9520106418058187,0.5574869054388429,0.13299960756109505,0.33527178218182146,-0.9457546944284564
8850,-0.908476463231182,0.4280033568403989,0.12384871712640097,0.29905847841490685,-0.9987321812100826
8851,-0.9630480397601332,0.5861601912829548,0.11446942773100674,0.3867438287497794,-0.9111781105647627
8852,-0.8831180910274815,0.365157817586509,0.11564766384345732,0.2921783901873625,-1.0231691986264928
8853,-0.9254681787147124,0.4007644264910339,0.13995455281983513,0.3213856748839893,-0.99502953020237
8854,-0.9067504600458961,0.3979474844118681,0.12150697319281646,0.3219760658028985,-1.001358855832266
8855,-0.9023600215502017,0.4128444710567265,0.11654647621424687,0.3110948677219193,-0.9986578102645517
8856,-0.9253658779864083,0.413460532742819,0.12335998832164935,0.34178943289964725,-0.9857348739856541
8857,-0.9243113685733965,0.44714506515626407,0.12559654618752444,0.3074801840494644,-0.989437267489782
8858,-0.9717238070951079,0.5338960841580673,0.11874822920554598,0.4162503641878249,-0.9168226658383457
8859,-0.8876228972156235,0.38224323090501583,0.09862936902936945,0.33999824452855515,-1.005194033354273
8860,-0.9887174359962886,0.599215439748344,0.12302601121533836,0.41788171687113146,-0.894977661500108
8861,-0.9136552135572505,0.39727794268632316,0.1194683945037785,0.34098460662324637,-0.997063205380455
8862,-0.9291332798958114,0.4005007110352543,0.13951318089514347,0.3233643076216171,-0.999181089743602
8863,-0.8299224266759705,0.19607596846548808,0.11652840315255017,0.2276929103299843,-1.1011337512109622
8864,-0.9235385335921286,0.47946721639181794,0.11869542327822359,0.3961311957881376,-0.9320523449013854
8865,-0.9076696029276085,0.37167358637067605,0.12052386987206803,0.32699112428995697,-0.9997736677769609
8866,-0.9730864685319591,0.5175803756759303,0.12522982053389198,0.40561598559367357,-0.9232232455827089
8867,-0.9024298708861056,0.3462227625765333,0.14329465633431734,0.2651986554737003,-1.0314426126502338
8868,-0.9178352781289583,0.4038391850526249,0.13295306557011163,0.30706217749068027,-1.0053196441535879
8869,-0.8746487539212779,0.29362024723651986,0.13406093071250258,0.23967896375871955,-1.0644372287501478
8870,-0.9194905938171504,0.3949980352619089,0.1378149876293634,0.3102386238752522,-0.9963174616715229
8871,-0.9309038175151855,0.47488202966224136,0.1038297891568367,0.4177134013422374,-0.9372473753406045
8872,-0.8948644251976157,0.37938211763067436,0.1091880594171253,0.35127436709677906,-0.9952233445796103
8873,-0.8911239709721757,0.36185603098467356,0.11683974662646224,0.31736807704316916,-1.0127212863826978
8874,-0.8565453218820505,0.24710110849667444,0.11019723196089057,0.3452704066386959,-1.035917550824045
8875,-0.8483859971142658,0.2942148124477995,0.09660887615342288,0.3696348155050121,-1.0091190570152058
8876,-0.9608234912772489,0.5198444586734249,0.10640315181621923,0.46903336089741565,-0.9008470120381556
8877,-0.8980871668939026,0.31117932755415706,0.1238325846946633,0.3747557758710844,-1.0041053389485288
8878,-1.5191807350857853,3.49345447844999,-0.18176385362668776,1.7087481327549443,0.5802580077002492
8879,-0.9457995150222168,0.4825689396969031,0.12603144570544642,0.3237755350293101,-0.9622216664248738
8880,-0.9455696571723076,0.45815284223466846,0.12260274463111592,0.3474762183308989,-0.9664548158799374
8881,-0.9304133089069314,0.4255418727018626,0.13215896218979833,0.32332557564635633,-0.9860800739856728
8882,-1.6551129515099212,3.632137626491084,-0.11373765750105252,1.6713898346194096,0.6332192142208656
8883,-0.9093560584686595,0.4280204676550251,0.12134023430359689,0.318638419210124,-0.986890565296208
8884,-0.8115790149699136,0.6716931570245794,-0.008166008415315472,0.6862455504948591,-0.7232793804441155
8885,-0.9777095794213504,0.5944091432767858,0.12937354722707706,0.36442543901648705,-0.9216879328525066
8886,-0.9681562539769641,0.578799372505682,0.1147838360715036,0.4054353901601391,-0.9044216923792321
8887,-0.9852355223047279,0.5746672917271166,0.1327925381028759,0.35644025534400775,-0.9198467510818524
8888,-0.9429409442174957,0.46592228509031747,0.1295625122131812,0.29744461057026,-0.977495056116728
8889,-0.9711954635902567,0.5437345904956877,0.1474329694590698,0.3098742140341334,-0.9501861527982706
8890,-0.9404650449224885,0.5029880811204355,0.13578602284781582,0.30284018098334614,-0.9735848671343861
8891,-1.1141795433496005,0.9964627462682483,0.11352561134997652,0.5171538199109951,-0.7200328433012607
8892,-1.5157203396980485,3.447645791820262,-0.16256058217444164,1.6754932286345696,0.5542588732588584
8893,-1.9985025870886237,5.003880444603363,-0.11788046522288452,1.9959572671533898,1.2645979126021476
8894,-1.0241769631063995,0.6434422723607831,0.1495169798289183,0.3336123059304339,-0.9012877748547135
8895,-0.9405275486168525,0.4944695821613129,0.16122127969593528,0.21581224024462797,-1.0048048690552576
8896,-0.984758197830577,0.5866763134517267,0.14188609359922322,0.3108920609002108,-0.9360548702869025
8897,-0.9479160638996245,0.4715767495630968,0.1562823478376888,0.2545985176528371,-0.9959127514505469
8898,-1.0101670380740253,0.6879928530394404,0.1257667187592471,0.44733190441718845,-0.8552291228126675
8899,-0.9792197151551059,0.5744732126432212,0.1356902455752617,0.3113820996677579,-0.941341913850772
8900,-0.9637099150623842,0.5897574363203419,0.1426258252697229,0.2790451975166951,-0.9465142733260087
8901,-1.0086090582730904,0.609782330468438,0.16556310224656062,0.3049052511348483,-0.9290844435973449
8902,-0.9408863374827489,0.458689615062035,0.14528497719596117,0.2829144338907529,-0.9895726334867241
8903,-0.9093603628496921,0.3192224001329458,0.16297027847584167,0.17019564046524693,-1.0736397909513107
8904,-0.9744723330621375,0.7126424181614912,0.14045872046534097,0.3678226217487357,-0.8874408094817264
8905,-0.9552855880442961,0.5317256379680152,0.1466198311939667,0.2899869723337306,-0.9604518983003866
8906,-0.8685662222565061,0.4658025895762567,0.07766713644544693,0.35609331090222207,-0.9603709328641108
8907,-1.0606393428484104,0.852725664063174,0.1413613677137011,0.4183190654215344,-0.8086732203093977
8908,-0.9587354411028732,0.4542255223583307,0.1855884213670039,0.18403710490066355,-1.0122971857610599
8909,-0.9675034347683548,0.7100280895846179,0.15534074713835325,0.2751192999301942,-0.8935715010294555
8910,-0.8679412292599532,0.7778589757427321,0.06688119684875576,0.42599607650853716,-0.8177024850024642
8911,-0.9473213521814561,0.8379660943013363,0.10213157108076171,0.33169640375250453,-0.8167142510845474
8912,-1.0904194576546709,0.9886891247518746,0.17113831897791362,0.2955438446489762,-0.7912655512404594
8913,-1.0155384912451797,0.8325260995914585,0.13190502294970693,0.3702919962377347,-0.8226974887781435
8914,-0.9676370509877815,0.7223539250096843,0.12879553218183332,0.3039812030992652,-0.8705691874068542
8915,-1.0420494593352907,0.8880282314146152,0.16477814261959348,0.26562973788351457,-0.8445893025150535
8916,-1.0489024075629068,0.9638491832905179,0.13071891551943757,0.4153611499022102,-0.7582164416619412
8917,-1.0295403192657604,0.9581607357621533,0.1128937820950941,0.30430849303100105,-0.799815780529375
8918,-1.0958696255148797,1.0209043957830337,0.14679364441593798,0.4477745271033283,-0.7388624426768923
8919,-0.9918640493114024,0.7657771867984782,0.15119169791761913,0.36449666917597423,-0.8577878190287107
8920,-0.9709346957007121,0.7209630688558812,0.15333264872236377,0.2362397775606923,-0.9096937087687316
8921,-1.0119369295583,0.9527011331464064,0.12204679871452366,0.40145725169300855,-0.7692809936417399
8922,-1.0067012866872367,0.7398536269556025,0.14690416178506768,0.31151142440687013,-0.875449703363807
8923,-0.9761877439681957,0.7267307479082928,0.1462999238099911,0.3385390533343822,-0.88459150871478
8924,-0.9980391190935366,0.8898495070126559,0.09982508892066867,0.44939210876115315,-0.7673967209486399
8925,-0.9867296306255489,0.9398218806452229,0.08748621028208303,0.4419735001950412,-0.7606462258098576
8926,-0.9510469281083115,0.5988797196452313,0.12372184776633795,0.3326818229258906,-0.9163167782700817
8927,-0.9118163622923252,0.4535978737752058,0.1279812381810687,0.25974194968394493,-0.9897162063207946
8928,-0.9073597776743025,0.44666943268019677,0.137398907303654,0.2628793580904751,-0.9940289836252671
8929,-0.9868156032295524,0.6718999458695873,0.12754701361987886,0.3728336520489505,-0.8828087367291385
8930,-1.6102908905233062,3.6394205426020876,-0.12925650265716276,1.627517232465168,0.6024805090891219
8931,-0.941796767608936,0.6668112517590383,0.13334943514418726,0.25433632693724184,-0.9092866171437005
8932,-1.007307838887633,0.7770551099883283,0.12696987712816665,0.3978951587906899,-0.8395938867465783
8933,-0.9395816936463725,0.475126968775449,0.1526995696551548,0.2906990509226037,-0.974268522331608
8934,-0.9235971024779887,0.5233988959426689,0.12515381390576938,0.2896380075571391,-0.9641061081460034
8935,-0.9927064652196516,0.7054123519435322,0.09069716751268403,0.49432187976848596,-0.8153212338404914
8936,-0.9158512729782243,0.4490817669267687,0.1346723890257015,0.22711373458060455,-1.0047309016542099
8937,-0.9376456571469782,0.5816826778636921,0.12135807038392547,0.32780663351617056,-0.9250678322440409
8938,-0.977547271302043,0.5960473551084473,0.12615963447944392,0.37272354455408874,-0.9065708418628406
8939,-0.9497793440999223,0.5725735416360764,0.11774437892253452,0.36749978816455287,-0.9196153204644796
8940,-0.9431859053107988,0.5021311611113075,0.14153767999173547,0.32393418572513105,-0.9543145882453268
8941,-0.9673783489384928,0.5804077604015249,0.12264410305190185,0.385102340907814,-0.9099998967049265
8942,-0.9314773414986116,0.5329743699180572,0.11953903926552124,0.32276126741092326,-0.9481563312076983
8943,-0.9662645885333464,0.5967901533176417,0.12682116045142153,0.3624611744438293,-0.9157176176735925
8944,-0.9302381182524775,0.43063867994294747,0.13830647075367233,0.2845202941617466,-0.991276996187264
8945,-0.8806914883763035,0.32514217961437736,0.13695794813442966,0.250723599429519,-1.0500285991137652
8946,-0.9388639787503835,0.5164977854590209,0.10585047976044962,0.4145146468450596,-0.9290284374214839
8947,-0.9096975502230039,0.43802455740466173,0.10658075128833466,0.3556298339701339,-0.9680832529460145
8948,-0.8899624771911094,0.38228793455332255,0.09775387521628472,0.3498791182233365,-0.988235547695666
8949,-0.8648207768851556,0.2894713763145135,0.12703297590608822,0.3161274856578416,-1.049196755568231
8950,-0.8454623064362051,0.19262149196628886,0.12456860080367796,0.26030575965842495,-1.080435574217536
8951,-0.9147335538541098,0.4082369036735178,0.10333021135798272,0.4057175248650677,-0.9647730324992009
8952,-0.8667446922379318,0.31968533212482075,0.11587159386537603,0.33263448209835106,-1.0267432757116401
8953,-0.8432058951280464,0.2036679305780942,0.1395740321109644,0.25862864581026807,-1.0893695834092105
8954,-0.9676877926104084,1.1601305281649614,-0.09812105757473741,0.8877689113891878,-0.5800297649964339
8955,-0.908588559545098,0.4257489311763508,0.10566997299078021,0.35526883625023176,-0.9577800166728277
8956,-0.903772799766844,0.4177997037946157,0.13071615921478574,0.33637299873364146,-0.9819265544552715
8957,-0.9560090965106437,0.5375398403128256,0.12903358220697064,0.390449055234806,-0.9274664695126309
8958,-0.8220913460495594,0.2518681529618413,0.07940333881807721,0.32836138245138274,-1.0467069103581113
8959,-1.3885485716762926,2.9366209601524207,-0.16849484855388452,1.629377756130692,0.3538796439134901
8960,-0.8651456281321193,0.3035126657898302,0.12251988455259594,0.3001898708175783,-1.039374890054651
8961,-0.8674729511876623,0.3011404780279072,0.10716546633460229,0.34479480681096547,-1.0235706123326644
8962,-0.8774332791736232,0.28429979532968014,0.11274316685129639,0.37554985181829476,-1.0197519492188807
8963,-0.945205481769722,0.5302534205545768,0.0977170325647083,0.4532167359433153,-0.910699440412231
8964,-0.8538347231476983,0.2827705287157363,0.10316681929073718,0.386128136412976,-1.0278970300071677
8965,-0.9347067232612184,0.49387064556827825,0.09973892487805228,0.4127488660347864,-0.9328612634740882
8966,-0.898979213877877,0.3902650250295882,0.10891874957965318,0.38046191776395116,-0.9891543459774054
8967,-0.9129814666140192,0.4169958393776209,0.1087242910335433,0.4008272882788338,-0.9661873878391111
8968,-1.5219844833648226,3.146779018972445,-0.10564213142222309,1.5664573847970513,0.40955345373895774
8969,-0.8542360388358463,0.19916299935229548,0.10728213508211694,0.2703670550835867,-1.0696158396072584
8970,-0.8631053537527917,0.2071144817101467,0.14476708952654346,0.23941334221780997,-1.0902011419115354
8971,-1.7111249548422145,4.03011753824698,-0.1293040921994008,1.80012768549545,0.8317296818252241
8972,-0.8848138224255054,0.27847047238686123,0.1253062593441267,0.2807987457429581,-1.0471623389612035
8973,-1.649471556358638,3.651871891421694,-0.11825741482718716,1.7092677588996856,0.6273257702382299
8974,-1.5264209468986685,3.4609592562485214,-0.09518440875188147,1.4008134432628385,0.47154015468431615
8975,-0.9207299729407556,0.4530601576221861,0.11216942388906422,0.38099453752839346,-0.9484925057499798
8976,-0.905018401187941,0.44733042809281276,0.1199351794538791,0.33949004019655005,-0.9690900986576295
8977,-0.9042550756431781,0.3847983929800325,0.1253516258092218,0.37345935626044474,-0.977575216503847
8978,-0.9127940572045709,0.4338532132754683,0.1230715146301616,0.34568819565999115,-0.9822540524110909
8979,-1.0113515720351838,0.6935223145695032,0.10628364042631559,0.547382491981913,-0.8130678783624823
8980,-1.6231274562734823,3.656584935931892,-0.10366651324729803,1.6554766499399551,0.6271748306994616
8981,-0.7606892893086763,0.24673640583250417,0.033967006460920275,0.43317383837065054,-0.9990279940405786
8982,-0.9318388820743271,0.42485665927558536,0.1349957192104052,0.3443239867917614,-0.9710975036563955
8983,-0.9787802509846737,0.580256608462129,0.11247420803682084,0.44597882661245764,-0.8806833512889702
8984,-0.9391645951750868,0.472738659962813,0.12080152453980311,0.381382419950952,-0.931810708514212
8985,-0.9765136758952128,0.6443673521519951,0.10101753971719021,0.5005949216090326,-0.8601213229588432
8986,-0.795481655203802,0.4128863757239491,0.04172328066664535,0.463976971867504,-0.9309806894859002
8987,-0.9782346131017732,0.6636706078070281,0.11786990683194423,0.40217056979630195,-0.869477048422222
8988,-1.02895418208057,0.7125611080747316,0.13332256796091768,0.45535456329143914,-0.8392757332537003
8989,-0.9967367260448293,0.6488764886524565,0.12487640883573552,0.40714910738091536,-0.8868544266700744
8990,-0.8909331033649537,0.32913835084127063,0.14417844689364875,0.240441707928674,-1.0479833380216954
8991,-0.9913529572165537,0.6516539504018101,0.11148528529824499,0.43081713560086443,-0.8693939038131454
8992,-0.9690834513075424,0.5438157089215309,0.13950051683168574,0.3635479829527446,-0.9166413512230303
8993,-1.0090680011321889,0.7076985012948913,0.12091409027644637,0.3915904656347768,-0.8658686941656939
8994,-0.9609769182467343,0.5887577985568767,0.12197406575234371,0.35328039756858726,-0.9198114288489807
8995,-0.9025120191291479,0.3902182038208974,0.14411639748025326,0.2621624986357083,-1.0198030854051217
8996,-0.9854679192089766,0.6174003428283525,0.12486213222932305,0.345584044268406,-0.9048713116067968
8997,-0.9008007817014376,0.345872025260939,0.1438747040406081,0.2549355980409727,-1.0318610060466007
8998,-0.9003840142084847,0.4978797843141966,0.10706602785897741,0.3220133529280811,-0.9622311370651623
8999,-0.9594042636707344,0.5666157636009111,0.11948272384737618,0.39793660794285285,-0.9179713233791184
9000,-0.8940679671170173,0.4781135053389426,0.09260886324688275,0.35724847054484177,-0.957046035865883
9001,-0.9110581335624448,0.4160402881698948,0.12415917191597782,0.3247756565022244,-0.994710090155418
9002,-0.9559772843499579,0.550361143715634,0.11842349885282656,0.39119174297873716,-0.9239984449186627
9003,-0.9441308837662894,0.5929078565184117,0.10784191036366,0.3844573638436704,-0.9075325571471287
9004,-0.8882409852442151,0.4873672388259136,0.0911489245480089,0.36543189099690476,-0.9550959001988399
9005,-0.9979072507440069,0.7206403328776296,0.10943788344145307,0.5145255986234966,-0.8172806701908916
9006,-0.8570362819751645,0.3203657558685112,0.11987173063659234,0.2794043691012477,-1.0390958007222766
9007,-0.7831675414674184,0.1586699898826848,0.07622038651437124,0.3563999773766624,-1.0775217065866884
9008,-0.9273954602911907,0.49932994527049523,0.11146625022853342,0.393411935605906,-0.9287682393305569
9009,-0.8936796854801944,0.33774720485341,0.1322802057638529,0.26020344033031323,-1.03191624949105
9010,-1.6539508281815898,3.8094683507158313,-0.1271847392313394,1.6871278661971292,0.693771996768793
9011,-1.6998945799603813,3.9750905307459092,-0.11862360690128071,1.6675589401341935,0.7402560273985389
9012,-1.0000852331153514,0.6825673430012701,0.1026009810409135,0.47328110231029596,-0.8448621737975939
9013,-0.867298970685648,0.38811844164236736,0.11530341381351594,0.2763860264491963,-1.022387279694791
9014,-0.9197778802208995,0.47980492269234676,0.11618298009885508,0.39508103854297544,-0.9501532514235201
9015,-0.9244317135818416,0.48674509381062425,0.11898199466270354,0.3262271655130664,-0.9683293534527774
9016,-0.9407145006994206,0.555151133347444,0.1016674008910851,0.3638892000204446,-0.930204754694664
9017,-0.9299438413639562,0.47064877043089504,0.1180150303048107,0.34168703996942257,-0.970594540530755
9018,-0.8456784675457267,0.31541732798753697,0.11191387247326194,0.29771185585684434,-1.0281244529968494
9019,-0.9115349074101039,0.523385911790824,0.11175931746755667,0.3518067815436327,-0.9428312287496102
9020,-0.9822535663290022,0.639105717962321,0.10966585839398986,0.39161452969101607,-0.8960295581565204
9021,-0.8942851352670416,0.42921622700713974,0.1214792201260674,0.27782247042486374,-1.0022327800230075
9022,-0.9039788069367906,0.4666371803668031,0.12442910526009468,0.2913410814762684,-0.9907914318687565
9023,-0.901358707121787,0.6693248861090902,0.0829298435667763,0.37494691986429396,-0.9030041909985201
9024,-0.624794972322925,-0.08274057823488114,0.049494965539317703,0.25508025967067455,-1.1981444331749849
9025,-0.7534086980245278,0.17290007835145813,0.0712532819359824,0.29133015959946296,-1.1076231724327124
9026,-0.7656396516699531,0.1464502687240183,0.07417388335285087,0.40559047365481743,-1.0812546064121784
9027,-0.8494020531405998,0.16468590691513976,0.13406029023338223,0.29738476280383436,-1.080058047190133
9028,1.5470257564216132,-0.32767889537570927,-0.4395367667142127,-0.5294492689158912,0.10424516962496606
9029,2.0330550376604166,0.4048471759758604,-2.105248493169462,0.38818433214801334,-1.0925291852708507
9030,2.2069301953947242,-0.4543053503529825,-1.068414377208747,0.7575395452697462,-1.3574917606201613
9031,1.359701289065789,0.35530248110296225,-1.2425495835811657,0.29355285500747885,-1.1229839143855584
9032,1.574574335475092,0.2898953140781511,-1.0207680295409027,0.5710610733060224,-1.2172258482933649
9033,1.588292422921739,0.16118106521636585,-1.3535050673138151,0.51508701124067,-1.09097759139206
9034,1.3288331644718248,0.3344649324216415,-0.7795466795283217,0.42123618180526384,-1.272862650508452
9035,1.649567751327758,-0.5513812948437032,-0.6350404609180784,-0.4909727601685392,0.20623934242059339
9036,1.2964598461849688,-0.26199884584899746,-0.6035807832502185,-0.7853900092659281,0.19827730943419183
9037,1.2186223617978507,0.3696715923418708,-0.8935231682162317,0.24992315964608913,-1.2833671404158224
9038,1.397097387206618,0.29998745750967687,-1.11648518693106,0.37719799735848025,-1.1830979043524616
9039,1.3548174826402413,0.5574546684795978,-1.3334007917427124,0.45721864052738453,-1.082771246076767
9040,1.371054860114117,0.15636854468128483,-1.171381257913564,0.2613050953138268,-1.2652822925575355
9041,1.502923404066414,0.1931031088326815,-0.9079458804107998,0.5669617487089769,-1.231600037739771
9042,1.681105056231534,-0.49089188038284226,-1.074455591904313,-0.6658632284897898,0.19991916153273165
9043,1.2685269277926126,-0.1519562769579452,-0.23694454362621076,-0.7427811192795826,0.06569531561813963
9044,4.218043888341187,2.729870482299577,-2.6781530675737715,-1.5919942135817096,0.2619914198790864
9045,1.5376692433128707,0.28226661182505736,-0.7113367307304943,-0.31680771445360306,0.32634343585319897
9046,1.3574465764223307,-0.35331840470587944,-0.2345930225938156,-0.6185520648783265,0.05609792344583025
9047,1.9458658437818235,-0.8868040971168526,-0.7881429984808443,-0.41997396928981723,0.11423737294553224
9048,1.841856097589885,-0.9265311034730356,-1.3331300856453068,-0.6530099707955025,0.2871871075463232
9049,2.237355016581091,-0.9335522075094719,-0.6999327911895191,-0.3728556367030276,-0.03289819394694088
9050,1.494247160337928,-0.3596973692671132,-0.7409563351121872,-0.6538450744489662,0.2190723340588339
9051,1.86050038656261,-0.7808933944277636,-1.0294839535430709,-0.5323684421830643,0.25735057280637536
9052,1.7910822426509714,-0.5781338384541247,-0.6455757344273853,-0.46077422883659225,0.13815943890198543
9053,1.6376398386818236,-0.5120626941776723,-0.7889094019436143,-0.6295621635926468,0.184952066307007
9054,2.4425498680511777,-1.1095615166703956,-0.1107224549223142,-0.03396777120238705,-0.17788149533649708
9055,2.2920198924060875,-0.5374276537383023,-1.5948690730575066,0.6829788476484959,-1.212719535731076
9056,2.195063075818158,-1.0686554052449007,-1.0593132361429125,-0.277462039789377,0.2638169320399938
9057,4.286294384347471,-1.085127824873268,-2.2318245635781557,-0.8003651395194145,0.273544108461834
9058,2.926661285430071,-0.8687306571713642,-0.45627669480791194,-0.09690757291243537,-0.25701952175246984
9059,1.5412816985749371,-0.4297124610937472,-0.3018176435247856,-0.5912423960022603,-0.013448502411060015
9060,8.976419922314644,1.359725385880708,-6.689065516481091,-4.28814447136586,1.506437947934133
9061,3.7126656611747166,-1.4543043084271179,2.062015745229645,1.0872700183105457,-0.8751681120276334
9062,2.1657304316767316,-1.0118627540108511,1.5295090698451592,0.09311745102505065,-0.6933889593169339
9063,1.459530103072881,-0.4889959997283276,-1.715181983487389,-0.8040745190272941,0.472345673431772
9064,1.374739878442911,-0.6100230970142172,0.1444686390078604,-0.32015870361467197,-0.023432022923817623
9065,1.3424431712046123,-0.7274329168721794,-0.3548720390225908,-0.4354076521073463,0.13270148658287084
9066,1.3243754601035602,-0.7514080100455555,-1.8019278003367118,-0.9870148602039683,0.6270639889670364
9067,1.2276807207537703,-0.6551625388002602,-1.143614512747282,-0.7417622740071078,0.4528539650024657
9068,1.885891831464767,-1.2829539978828088,-0.5910579446669585,-0.32636959182734593,0.05063235154577973
9069,2.068143128259952,-1.4461857858182854,-1.495394240434,-0.50859348679295,0.32450563343313
9070,2.2961750746071505,-1.5069709782269487,-0.7794975213874524,-0.3064849600995493,-0.025675880183357314
9071,1.7984273402073832,-1.3135378229339427,-1.1074103442593726,-0.4178695385841096,0.30437302375862774
9072,1.8711524405183944,-1.3199102565439793,-0.6198092472855358,-0.2271786200320448,0.13432337723883353
9073,1.6612469590443353,-1.0667662770970987,-0.5650156837217564,-0.2589606673968894,0.21289736663590744
9074,1.325002860709211,-0.9272297636512804,-0.5002228700016463,-0.5085225039325684,0.17406020365174216
9075,1.4679318918846527,-0.9869121855978922,-0.5886039065852641,-0.43638532265048635,0.21609416927819283
9076,1.081756220431729,-0.7041520894382485,-0.2748563331141816,-0.6108588358792781,0.1404122323265535
9077,1.4015623865541142,-0.8860089766778187,-0.04426616301065588,-0.34964340677450717,0.0422967072373888
9078,1.0767379506591794,-0.7058264171161738,-0.47390917304262015,-0.6410044896758532,0.21945056972014385
9079,1.062522453932959,-0.6978463940594021,-0.3749485011818143,-0.6325505997720788,0.18542851765142448
9080,1.1712260810304216,-0.7911187726344059,-0.022701886974278773,-0.5014268568936199,0.03619916646898694
9081,1.2312903936640602,-0.13080978972704105,-0.9111490997350598,-0.40598801279731367,0.4258095008939239
9082,1.8755965034510431,-1.0930452879060082,-0.4259094749530617,-0.20658301810223131,0.03376405832339502
9083,1.9074156788633418,-1.3696747957891204,-0.9755145540515888,-0.3004868937004697,0.2608141392529785
9084,1.1168060750821212,-0.7393424217702754,-0.5881671459112104,-0.6305371102654647,0.24937445403055955
9085,1.5048499755737386,-1.0885452722021718,-0.20836252559715276,-0.3162045934657954,0.049129167292053785
9086,1.128420273133776,-0.7607533946120334,-0.5841971046563645,-0.5881499085465839,0.2793065655895953
9087,1.2740238950312697,-0.8452128724084154,-0.3338058738181686,-0.43062433908923675,0.1911899145557415
9088,1.1486783530030864,-0.7469058303765885,-0.3187417940433204,-0.48241844741033496,0.19969397826138832
9089,1.1743824419474227,-0.7808191884324049,-0.3384958945780956,-0.47938359566817457,0.1998370603555582
9090,1.4250331398054545,-0.9208194280454121,0.0469444327255907,-0.2747383797683359,-0.0039630329597068244
9091,1.4863493189556554,-1.0616181663251123,-0.7749925791511386,-0.4125660341163446,0.27102576792344757
9092,1.3687595678726907,-0.9496594585338509,-0.6201922954763782,-0.3882381600903679,0.28824547415872703
9093,1.4209960194435083,-0.9367800099456329,-0.34062199854443115,-0.2961398774853501,0.1739255758124722
9094,1.1402215434353644,-0.7960697577337532,-0.1783329575317662,-0.471573027104703,0.12639478602841087
9095,1.5066998302887917,-0.9907490855491001,-0.621619846618138,-0.3045585863706576,0.2790476536647285
9096,1.0493173097548834,-0.6365341243785163,-0.6962545435239901,-0.599870541212309,0.3801659007545068
9097,1.1339522657308476,-0.7591298914375787,-0.23526826207353874,-0.5418008128722418,0.1422435537162338
9098,1.0848255426123292,-0.7590262815267644,-0.44796311717632425,-0.6307862308863624,0.21472145904217219
9099,1.1797230618704182,-0.7411899189100847,-0.629653241315913,-0.581321922242372,0.281849538259636
9100,1.0870417638349348,-0.7185329215158397,-0.20136230255610388,-0.5019875903859247,0.18271496474033666
9101,1.0732605671719606,-0.5887645031417578,-0.44064546093909995,-0.5190799667002056,0.2749133008921013
9102,1.0739445373356653,-0.6725604514651067,-0.4787497675389604,-0.5743589938047281,0.2685074412348732
9103,1.1192077503029052,-0.7554904865852573,-0.4339871939136648,-0.5628824227668581,0.2380915052229763
9104,1.1631134634661304,-0.7694366957632244,-0.23842041744183287,-0.5100320033074878,0.1563565534309191
9105,1.0981291556296593,-0.7403588821605542,-0.38467205569826046,-0.5697211930318445,0.22520412702494186
9106,1.1729437732337666,-0.7367008189945597,-0.31299842947985584,-0.5184542670099677,0.17521470637382297
9107,1.0900170887002731,-0.6349527817982826,-0.4533033232298063,-0.5425759400344129,0.2644790868646009
9108,1.242947626010899,-0.7471723656583128,-0.38493711403575703,-0.4968792560359376,0.1847034732447351
9109,1.1221676596872325,-0.6665063284928125,-0.41985720282470346,-0.5183619727179382,0.25124065710574695
9110,1.5375191301417925,-0.11734680397950618,-1.2772065714866963,-0.4644130256839858,0.437040733961729
9111,1.9469787137083114,-0.7243521279915898,-0.5688485880164774,0.0210207637864307,0.22937418969224402
9112,1.3533175279524363,-0.6254669815052346,-0.47768572248475966,-0.6775343370624823,0.09783638659698529
9113,1.2342949978056745,-0.24805088276608347,-0.5478226307001857,-0.7370669625792476,0.12064344227043121
9114,1.0375529681450921,-0.272955056047352,-0.4425858550864524,-0.8134179839787964,0.17320355379179012
9115,1.127709052875851,0.4639785142766638,-0.7205642062820848,0.35672948458972065,-1.2760689197945072
9116,1.1780178911648587,0.11164256457754751,-0.45229175216477235,0.35896538123752786,-1.4460877337050544
9117,1.1132170496658333,0.17257835415228828,-0.9971759729944334,0.19483146163104081,-1.2895972080801847
9118,1.191058339895921,0.3494118381667068,-0.9246690212278786,0.3714165457618194,-1.1950600632756814
9119,1.1035441476179495,0.38987225871645287,-0.7450529483472295,0.36434065376082675,-1.2848210467341312
9120,1.2958962436139665,0.3507832640584341,-0.8625353740774201,0.4782212223447288,-1.1940588334353428
9121,1.0115847523712933,0.6517533257854136,-0.6686896761159717,0.3227532532185929,-1.26106729359853
9122,1.1839403406844207,0.6594145707146343,-0.7868221941538669,0.44468307566208715,-1.2185787028279507
9123,1.2126794569005612,0.5742332587110403,-1.1095791781421087,0.30275394296781133,-1.1477863338440193
9124,1.1994123182355358,0.5391393517475833,-0.7255969352030603,0.45839156390099,-1.2110942251002514
9125,1.1352485952561617,0.6640986361168231,-1.0649606902420363,0.3650481792280034,-1.1031254096336256
9126,5.417660228156675,2.5657707864477293,-4.423364665081015,-1.259108227701003,-1.0080707190442824
9127,1.5814523775490668,-1.0823476183727874,-0.1930339577789015,-0.3070696050076173,-0.007986583917065773
9128,1.2821484738758075,-0.9195323233075443,-0.5125977017948746,-0.48195109620456744,0.17180103976039895
9129,1.3290623358890405,-0.9579878240589353,-0.28671310053747445,-0.37238906095969954,0.1224929758517393
9130,1.2829160865644504,-0.9902669512812745,-0.30187392124767365,-0.4126147018212568,0.10954088541213765
9131,1.5824674598117714,-1.05453916346742,-0.48190068721186613,-0.23537309966604578,0.16368878084814142
9132,2.090625358212566,-0.34763697576821595,-1.6054953362427797,-0.7073718135799463,0.2288587340303677
9133,1.5635372263622642,-1.2513886572941288,-0.2601413172563146,-0.30363173014439127,-0.027412673017936127
9134,2.1153009063080357,-1.5092907357241672,-0.16161849355754992,-0.12817958526563444,-0.1962203807240967
9135,2.331366626163454,-1.7789243627744475,-0.23360241761049597,-0.0776745898060046,-0.19851157217021095
9136,2.245402355169354,-1.632319062799118,0.28374150708334844,0.03724869704834316,-0.3590287280752086
9137,1.4751608131684169,-1.1365738502718945,-0.3335127902181925,-0.26786041657220466,0.08950557302955438
9138,1.8578783171321236,-1.5085787945631137,-0.36502018004897696,-0.20317263445960765,-0.03352171705592724
9139,2.49136922824302,-1.86504620488059,-0.40228957101806145,-0.15140238414714852,-0.2030890481768307
9140,1.8824465471868639,-1.1944334922950397,-1.1371583994487935,-0.29637660947703376,0.27000569111107003
9141,2.420262227396163,-1.5627087985895542,-1.5614399607160783,-0.8468991463964598,0.04712007912252655
9142,2.323049965141049,-1.3521702259229365,-0.9130802147325368,-0.6092165304011843,-0.15547662202294238
9143,1.5793646867259745,-0.9776669641689693,-0.2515453125307285,-0.2804583823371229,-0.0693355547135184
9144,2.0642868406735992,-1.3671672325093065,-0.9843124819303506,-0.614116653578372,-0.05931648946481837
9145,1.8991874025406046,-1.1212553917483794,-0.5139304148321538,-0.4013339477703528,-0.14136998800763617
9146,2.079028876434731,-1.0832313147201156,-0.617655066930887,-0.5303386704090911,-0.19819637715238814
9147,2.1694754470974167,-1.3328626890728865,-1.406052811293189,-0.7599111200521391,0.030178688977460035
9148,2.1589845332636557,-1.2227270176044167,-0.789468936748281,-0.47756164890968966,-0.12352906795657806
9149,2.059128002091554,-1.0058670768138849,-0.23528358794634915,-0.37019703137365007,-0.31981213434613415
9150,1.6152680069215126,-0.880652895257319,-0.30656330887983063,-0.3280093551089205,-0.08949690128908545
9151,1.1397106914246578,-0.7293614331377797,0.365555577636776,-0.33641333858859024,-0.11581991179265166
9152,2.2124816725418364,-0.9313634003344973,-0.13001046729215973,-0.24517207154113044,-0.3024126681227363
9153,1.3117343819794978,-1.1680411886946698,-0.9104627022276968,-0.5156021100500114,0.3388231206862953
9154,0.7330303266249825,-0.6649419423768133,-1.1128924972477794,-1.0649016681765127,0.4404433431202962
9155,0.7267427748273794,-0.6293819550365768,-0.5717650337311262,-0.8478246580516295,0.2906050163139805
9156,0.7340964766960117,-0.5785743249090477,-0.375019932015085,-0.7805994993870157,0.22119608522557305
9157,0.788471296412512,-0.5913298874103061,-0.3652182742021663,-0.7116663006026185,0.24400870875173675
9158,0.8646236712370595,-0.5850440341889652,-0.23895634354460676,-0.6431976564250039,0.18204803781215448
9159,0.9080154631673895,-0.5868126525559961,-0.23152828935708955,-0.6083807824589385,0.1952713353645543
9160,0.9936686205758173,-0.6930179849334591,-0.0014376285518978627,-0.5370960452221786,0.08193507653406269
9161,0.9846493344197891,-0.8137319613868009,-0.3798486085515878,-0.6620809320937546,0.17687603445952535
9162,0.8768633067570792,-0.6786849822289589,-0.18613287353527616,-0.6659052378417678,0.13881681134517834
9163,0.892958996123087,-0.6573985086711869,-0.16604300983136375,-0.6357612624442174,0.1484929773323684
9164,1.0224515742683362,-0.6757536212623865,-0.22832412421282686,-0.5307166223557434,0.15629356978895534
9165,0.7533980834636446,-0.5883168681374654,-0.476011059395882,-0.763059100708379,0.28065263448373134
9166,0.8358066323243227,-0.6586226771924243,-0.12398816234486824,-0.6831878810151005,0.1264363496022965
9167,0.9740773960894491,-0.6855468791186503,-0.20954546930907605,-0.6112590133898624,0.138913847571166
9168,0.9862844312941371,-0.6805195629484465,-0.06962845384201227,-0.5296318474127434,0.10360312852139529
9169,0.7754042184488608,-0.6178095578511896,-0.4460504325072761,-0.7553678497600035,0.25474284475470904
9170,0.8425156871960067,-0.654363841332632,-0.24651086294455993,-0.6943522226073431,0.17862224120169712
9171,0.8324230748346978,-0.6944097497983034,-0.05678944298744624,-0.6965692483735081,0.07835418795442528
9172,0.858666607868991,-0.6360372482301685,-0.22455873943777868,-0.6713091270658205,0.16096295537413902
9173,0.7997572343545637,-0.6368869021250962,-0.2658075104783934,-0.7381151974186025,0.16858637300939824
9174,0.8611924289056172,-0.6660577534831186,-0.26203099525214835,-0.6865316495977094,0.16935885466985132
9175,0.8101251677429845,-0.6267053723259326,-0.2531726904422124,-0.7032678797321138,0.17539770104129446
9176,6.243048565482915,1.8024965778983786,-3.2001966671942106,-1.9702409104160523,0.10754119497602027
9177,1.1090208324706299,0.4506671202307705,-0.5210184169282491,0.46589796224833424,-1.3371765168557046
9178,1.0552954172517848,0.3625543325385249,-0.6986593582203168,0.38329797849881875,-1.2572030806606944
9179,1.0729367092564461,0.4123004033989163,-0.6236116089567072,0.44741520657521666,-1.2673000554772091
9180,1.081388142006717,0.40039390946408226,-0.6631796282050462,0.36655332166250765,-1.290287552163695
9181,1.0812024655725423,0.29081529864611283,-0.7102960924856797,0.3147410389081887,-1.3096016887412052
9182,1.132180293513974,0.3780202417010108,-0.8134563636833481,0.360125488129207,-1.2516052718740653
9183,1.1815469917678378,0.35667904389377647,-1.0477123207219197,0.27019845910246476,-1.2180573298480089
9184,1.2367501688912301,0.482196826761258,-0.59467262067087,0.5061849862672586,-1.332574293306734
9185,1.3049830459683658,0.24159315890013827,-0.9615424038466949,0.3523562504566419,-1.2631562440911506
9186,1.3391049258432624,0.37890828189064046,-0.5669209289266256,0.5686675363644191,-1.3491532055547208
9187,1.309097842456315,0.2663375809343408,-0.9276993282070145,0.36851818741107056,-1.2611192623728793
9188,1.4120999219185086,0.28282847236635716,-0.7009916531831845,0.561155512773549,-1.3115228119759565
9189,1.469781351150397,0.37558491016041645,-1.104858606650014,0.5813846218245596,-1.1383740809000567
9190,1.6044811563679124,0.22195870523805333,-1.1991869364054493,0.5805469800035323,-1.112493887199202
9191,1.585732450665336,-0.05445272873066998,-1.1012814987649504,0.505789930859631,-1.2770028770823991
9192,2.0246431815280843,-0.3427900681763481,-0.5953758311885895,0.7523937885846119,-1.5651292087047874
9193,2.3719928309199525,-0.7331106570844078,-1.5934444552710632,0.6642719789918398,-1.262419745592182
9194,2.3960381908983766,-0.5484893349390491,-1.0796849116655967,0.9089460429861357,-1.3624817387479013
9195,1.8942737797747977,-0.14584488084548006,-1.2961929416426474,0.5435721675812917,-1.3118788056297215
9196,1.8489546135722794,-0.19078998209347098,-1.1970034762596717,0.6163026220108194,-1.2729910219520764
9197,2.534654481911296,-0.7025352079269258,-0.894559933861336,0.8885012063693023,-1.5392971127911612
9198,2.079247711969164,-0.4373925312833325,-1.0382086339836238,0.7523411169768631,-1.3989055293505814
9199,2.388337068011969,-0.36104995442355736,-1.755076126257766,0.8459505970186866,-1.0769759799820178
9200,2.739363360481847,-0.6579247535767304,-1.0132137856325845,0.9988293617117047,-1.4941806204956192
9201,2.801088262759821,-0.6569075108301973,-1.371826350472003,0.9844564925283615,-1.3156215937390654
9202,6.755348474168804,2.030133736965118,-3.9809588894141803,-0.47158243479125145,-1.1177305430573212
9203,2.3112441512452846,-0.8733131632588105,-0.3673484826004999,0.98576483033438,-1.7409360422104991
9204,1.9907793317822113,-1.3891630006339177,-0.02140323919307103,-0.05334796374826335,-0.1308357754019998
9205,2.003519954762334,-1.2961508153401056,-0.10956277056831738,0.059602264406687866,-0.008244592804996046
9206,1.4294984463198759,-1.0670396101455584,-0.6213921759401688,-0.4617999672023474,0.1740640747600493
9207,1.6266729970378693,-1.00056346233824,-0.6263747280436192,-0.2883003319481618,0.15052242629887824
9208,1.937952017091104,-0.9320195447382669,-1.7087510482900046,-0.6585120540025872,0.32203590842440216
9209,2.8370874507044666,-1.1223330575773736,-0.9399063138624489,-0.5020321802715527,-0.21394063939493208
9210,2.2027711481626127,-1.1286155428594464,-1.0217476809195145,-0.45882160974427966,0.01053366089748088
9211,2.123895418784558,-1.08340695775993,-1.0639066896201654,-0.48796797694143695,0.04913858773726194
9212,1.7839565465148592,-0.8405482152257369,-0.3866343846064127,-0.21960826367769948,-0.02851430148773828
9213,2.0901363074600177,-1.1115357119745393,-1.4927303544131207,-0.6929186672871941,0.14981372539811813
9214,2.634277767100839,-1.004866779206018,-1.464688322963591,-0.6371429452599868,0.01661619216079368
9215,2.3953028119772064,-1.0070674722590214,-0.9654309958773125,-0.471674913692882,-0.09734965522651319
9216,2.306099141924879,-1.2547264166347607,-0.8068947277329197,-0.36033568647758607,-0.0730773721618641
9217,2.056318976256056,-0.8188383455244801,-1.071882096926354,-0.5672075148358552,0.004130959432203168
9218,2.0779432319083178,-1.0737666461190056,-0.7786792887235048,-0.46130866370277507,-0.07255474529143195
9219,2.120417225620822,-0.9159506371290274,-1.0496110872365578,-0.4487773795147388,0.027332991607275283
9220,2.1404255884642045,-1.0993831475266496,-1.1009901425867061,-0.3516525427852664,0.11973761469105203
9221,1.9082388188435746,-0.9202409509047942,-0.6496216998874389,-0.28870518354895786,0.023829109819341346
9222,1.996444388729137,-1.1338916442894778,-0.41355414019296377,-0.3230203786433843,-0.12116506992300506
9223,1.5214549945895073,-0.2935445201071314,-1.0099410727477307,0.628416668674373,-1.3634859673510258
9224,1.7177330289189099,-0.893206119619906,-0.5800430673039159,-0.36962459418880167,-0.003878249662061733
9225,1.516613302466756,-0.8843741116666439,-0.7269351093309493,-0.49113560109271737,0.09008157629707246
9226,1.5985560909396472,-0.7161479270303449,-0.4690859305470345,-0.27355180548010677,0.060324735681193134
9227,1.2469556329475318,-0.6529143377284727,0.04517729313767599,-0.30459439310642933,0.019123878632683278
9228,1.286765541084219,-0.6964363953247209,-0.28618860605416935,-0.365174508147955,0.10305691134481029
9229,1.4105937119403464,-0.48568509162256623,-0.6693881216125653,-0.3896659151702454,0.17342450280620592
9230,1.1420751366971729,-0.7654626680954926,-0.3659839082956265,-0.4897274586872669,0.16580973386517245
9231,0.9208506515705553,-0.6323654076705149,-0.8490976305124794,-0.776544218399625,0.3770152809522104
9232,0.9764558082121567,-0.7271477529223722,-0.7267887953832501,-0.7673092193732568,0.28557424768701284
9233,1.0732621833893317,-0.7544797950840826,-0.6045669026306347,-0.6395537027025302,0.22529488192758784
9234,1.0963729020656285,-0.7822843642994977,-0.5844917172017499,-0.5983843341434707,0.23983074399667484
9235,1.108438298570097,-0.6847866228679698,-0.7280977353517345,-0.6516318607695122,0.30816257141885817
9236,1.0785781552657268,-0.7308865956198093,-0.20815848727774194,-0.5464360340974123,0.12426073075532344
9237,1.081077329712468,-0.7733991812259565,-0.015121491246951328,-0.5473193279221886,0.036284955273999456
9238,2.144887726691895,-1.0809252462470054,-1.2200956094219142,-0.21756560969829,0.32998659872192115
9239,1.116083031558874,-0.4300563952131682,-0.44736641947205485,-0.6600817839233161,0.1870379712058999
9240,1.33104094292813,0.32668843950299903,-0.5342132456742275,0.6190301780895521,-1.3841403384672357
9241,1.3362127047646224,0.3191713782627072,-0.9223736521082191,0.6514228081740477,-1.159624049454425
9242,1.1870854013824843,0.2671483630398534,-0.8515338491845219,0.38959523616743386,-1.274729119561891
9243,1.1806941888139502,0.44542381918169127,-0.760336690878785,0.5990962154536129,-1.20421679198376
9244,1.3916353037057134,0.11333643848854044,-0.6475510971184737,0.6328283660121358,-1.3220485436785385
9245,1.229262810737629,0.3655380717000854,-1.0021644270553893,0.582567148079819,-1.1068156619763692
9246,1.3086402156734722,0.24308561157951397,-0.7625711456363984,0.6074054112144647,-1.2460072779469442
9247,1.1906615555389617,0.40333273980424017,-0.8610840363647907,0.5460450336699668,-1.1696396114907566
9248,1.1160665988507057,0.3589619099116405,-0.7377894278318764,0.5353238279089036,-1.2442380009337506
9249,1.3978602516834306,0.42357548382298876,-1.3250116590031535,0.4977711872056329,-1.123685247973897
9250,1.8401549644886912,-0.016365517873124895,-1.115413676849924,0.6685419870537426,-1.3490629084835049
9251,1.7151270915056052,-0.1334424104170833,-0.9609470115958463,0.726351109329327,-1.297592438819162
9252,1.5698092258178211,-0.008805288753142036,-1.1563314548039239,0.5720537424731308,-1.209294266545438
9253,3.017996733745717,3.780085696356328,-3.016149270480235,-0.2571378041941831,-0.9506770520152132
9254,1.0925101877738315,0.18387807882819965,-0.534422450406208,0.44102210540565073,-1.373089626780706
9255,0.8657203223076201,0.2631209512908587,-0.27392727526102145,0.42188483532397014,-1.3766469173438272
9256,1.0317765707220399,0.10242194189913008,-0.5496313810736775,0.4376649450490066,-1.346440808065623
9257,1.308448316310933,0.12984172280636397,-0.9117512383672448,0.695438933382332,-1.1471260514486237
9258,1.244294174088293,-0.013963008509711786,-0.6267331742765259,0.45937001918886905,-1.4084040046844528
9259,1.809398409673391,-0.4147879017496586,-1.1367183567739303,0.742540585849256,-1.2513751473758636
9260,1.5347882994739281,-0.30039308082124966,-0.7812930159860672,0.6260860946882608,-1.4102564706792124
9261,1.6782486053006245,-0.25998791952090355,-1.0039252590736258,0.6904762920642874,-1.3112419158069086
9262,1.8076853444009893,-0.32815035354176797,-0.8675674939068453,0.8129380590277621,-1.3642268153043056
9263,2.489137165929593,-0.8592480440546846,-0.7214814196025208,1.0839996198644182,-1.5124099559842572
9264,1.7188572863501803,-0.42962326586544447,-1.0240925056450467,0.6605203787159596,-1.3704164131881607
9265,2.742202075333671,0.7764192691608078,-1.9655446313707436,1.2082442258701187,-1.0320013181824388
9266,7.244248712716578,1.2317709410034903,-2.4461270465311955,-0.49086339665628337,0.023923130083566224
9267,2.093368463299701,-1.0943203094455407,-0.9900979385842344,-0.33046320386583244,0.11734251709513203
9268,2.322852200585508,-1.104495190580803,-0.310227201524721,-0.26634885549732706,-0.28856791419676053
9269,1.866115050055983,-1.1367634344570678,0.711242278961395,-0.07801020289526504,-0.4493290860369604
9270,1.026350791220061,-0.7772017929950767,-0.3513809223207438,-0.5778712975456601,0.19195397572015255
9271,1.1159314024253997,-0.8585148867874762,-0.6283342859094692,-0.5595904769452834,0.2836640917958553
9272,1.1448318136914957,-0.7146370648688195,-0.6240573734511807,-0.49682611404581545,0.23887625133390458
9273,1.0966875717736904,-0.6650358860753972,-0.2026119206383384,-0.4205766951352383,0.12342812173921339
9274,1.5983818663944385,-0.6689863737803305,-0.37259447320518835,-0.4535247753317891,0.022832294643419827
9275,1.436077822352948,0.16591790565335152,-1.1986469090965768,0.48338939940015746,-1.1377993089305565
9276,1.351112611326748,0.30019778966109767,-0.45205352112137365,0.5950817043101561,-1.4998866258898997
9277,1.4042938808892353,0.19456902497338457,-1.0480522491537039,0.45600833462416024,-1.22384809123849
9278,1.4920673838261826,-0.20837865725379198,-1.689979282824479,0.2593941634938261,-1.134757442626849
9279,1.7844508952145912,-0.6788029987067509,-1.1365766771051444,0.6282809337586293,-1.34840542906937
9280,1.3750248552881816,-0.5139359830049123,-1.5110404774,0.3326148941420078,-1.1633214785022674
9281,1.7972276896863881,-0.5013680391982327,-0.9781223336141388,0.8425035830279123,-1.2610210703630482
9282,1.4690808782328093,-0.13304476036877608,-0.8657789228646388,0.6840618171913552,-1.2772976035786376
9283,1.150739094172012,0.00917504137179433,-1.2559384214270342,0.37954352711046285,-1.093574060798315
9284,1.2853223574104784,0.047695989709750544,-0.7543704230314211,0.6296615536991685,-1.2126165741117554
9285,1.1502207232704227,-0.013097327371156679,-0.5259143892572818,0.5249454787079086,-1.363505035430648
9286,1.046094780530705,0.2478321326832859,-1.123820525903775,0.4263413225065278,-1.0511542680559907
9287,1.3986528914691396,-0.04691289197604754,-0.7062099199625002,0.6625717002105987,-1.2784622783266861
9288,1.2682120652238664,0.05703322845932138,-0.7570343236114063,0.6597651141148317,-1.2300219600498992
9289,1.5460885301094984,-0.3349661804153292,-0.754615049162883,0.736438484381505,-1.3060389128160148
9290,1.3565493362414074,-0.355964267075653,-0.479357588301148,0.5190649237134234,-1.5348716783919576
9291,1.0420123598354052,0.1993962812522434,-1.2342588359011821,0.369087248725069,-1.0642063831390254
9292,1.2287414036414237,-0.19747469870104623,-0.6800896227061501,0.485574828915164,-1.3742575419205212
9293,1.3850973970724327,-0.2259240782034867,-0.7543485294062193,0.6382442104124229,-1.3497711333156424
9294,1.65312961703013,-0.5545939514190528,-1.0924717174936447,0.6003068307378097,-1.3114771671503518
9295,1.2232847865400212,-0.0004602810599953679,-0.6753420003287045,0.5597334189083888,-1.3333412136194132
9296,1.3822434726896526,-0.2526758955821214,-0.9052969373152927,0.5972047347610853,-1.2972830011191805
9297,1.5607183378643836,-0.3479396984955865,-0.7872746036281933,0.789996234704543,-1.3020099392579565
9298,1.3014813886570038,-0.12848211967544657,-1.107867628639686,0.45966491481424415,-1.195073866120679
9299,1.564230929836078,-0.45957614444134626,-0.6199954432749399,0.7312681040754502,-1.4428228992570362
9300,1.6066536213283988,-0.3461495511567704,-1.2803823854462268,0.7553388952182762,-1.0903214546326794
9301,1.2838158951064578,0.0027059989175786015,-0.9285378421384897,0.6014688636604958,-1.1712150708007303
9302,1.5166106374424495,-0.1507636896557174,-0.6673443849510345,0.8014352819130567,-1.363298745166449
9303,1.6187059509610717,-0.31421490256957324,-1.2205749351673785,0.6910653052811279,-1.1546030780160625
9304,1.210168297381618,-0.12732464824054407,-0.6766034813062792,0.600045895131632,-1.3446036128136927
9305,1.5741451913287687,-0.24914192657155126,-1.517091998468211,0.6308665721033426,-1.0596761371750745
9306,2.2222258648791993,-0.7976335296190846,-1.4958429597349265,0.7501579425450571,-1.2690167707886468
9307,2.506500875300787,-1.142857027509247,-0.1819419346898676,0.064708442779,-0.18819133790782594
9308,2.436290696507546,-1.6165091941704548,-0.6115289243273186,-0.07828376007663604,-0.022357603010373536
9309,1.8050502121509062,-1.4013447940498773,-0.20809590171097164,-0.1708828646459618,-0.06902394903294126
9310,1.3225756562461934,-1.1066379673892375,-0.6076082306090042,-0.42744156357771046,0.22261143571129208
9311,2.0544350865177217,-1.5767570493623932,-0.536287543467334,-0.16535423814799866,-0.013028419879196765
9312,2.0343563196965224,-1.6747493406739449,-0.7698930027136291,-0.2499738188631768,0.06455612392267518
9313,1.6466719674639008,-1.446618843322772,-1.0500620489785684,-0.4195655271235305,0.2730139735753473
9314,1.797296831540106,-1.4347408930735994,-0.7713058696983959,-0.12798821028589005,0.26791913836268133
9315,0.7926335418228666,-0.7353500245968209,-0.8743133056843851,-0.8455759738191394,0.4022535533796063
9316,2.1005816178504757,-1.6680616382590552,-1.0882898316012433,-0.04268817948008988,0.3687065076102997
9317,0.9166759306514936,-0.7575315497168303,-0.5806905509987236,-0.614866673100092,0.3357558260708717
9318,1.0519845401984127,-0.9126448748788413,-0.3578455541786011,-0.4723161451112066,0.21865047051554398
9319,0.9803660027352892,-0.6979203332942318,-0.39729547037557955,-0.5022147031104285,0.3004543988229525
9320,1.0454457974958151,-0.7197223265494015,-0.023559760292971944,-0.39719156231563857,0.13907334597817958
9321,1.3119570795450581,-1.0454283322111149,-0.328683616884653,-0.2694895038940051,0.19461750836235808
9322,0.8474221586853372,-0.6822492491000169,-0.4409097026457896,-0.6156466231251608,0.3171076394682793
9323,0.9560225774796932,-0.6732636807841442,-0.3877374342618333,-0.5253959503448645,0.28604941419348595
9324,1.24850836575233,-1.0773634170583493,-0.03661085270926611,-0.30814563180157983,0.06725381252754183
9325,0.8203734526164128,-0.7240507779378857,-0.1502185087396394,-0.5894785628530219,0.20329235628140496
9326,0.8537389640675139,-0.6989582548237873,-0.2297595650917988,-0.554426232080166,0.2471768967689214
9327,0.8137090126668648,-0.6352829081642563,-0.2380651213389306,-0.5488521626999624,0.26208337477379473
9328,1.1511083368332797,-0.9047131972310868,-0.15529888464517955,-0.36399165521338617,0.17921168280248334
9329,0.8774812378330505,-0.7118517576239778,-0.2848448875516061,-0.5868524104736045,0.23379025862037595
9330,0.824521497334017,-0.677889886703277,-0.10590348213947541,-0.5728831746185015,0.19157872158151681
9331,1.00370690591145,-0.7319725283061206,-0.1069680347468187,-0.44248929392215813,0.16952053860689698
9332,0.6845653389016723,-0.5507915336442034,-0.24448650121584684,-0.6613108987456034,0.2759622582149915
9333,0.9082650453116372,-0.660560192693377,-0.3552457560255819,-0.5156220998732112,0.31391120088142627
9334,1.0068130614227855,-0.9079855372592381,-0.0988033814701621,-0.4759837795338027,0.1083820987894404
9335,0.8116572950617866,-0.680892793451968,-0.17368343271575107,-0.6069666935621157,0.19566746419132564
9336,0.8236820110592699,-0.6286885918392774,-0.2155570279412299,-0.5647847092332515,0.231576145833004
9337,0.8298691963189564,-0.6431993073999449,-0.20775061642194675,-0.5586411933113115,0.23799253205311377
9338,0.8205394869504449,-0.6215527215876805,-0.4153580870866168,-0.6080378336028119,0.32203416027798953
9339,1.2253655577718379,-0.5375573827883493,-0.18677776564253049,0.11774805874983335,0.5061647435565743
9340,1.4249559625526822,-0.7786856979039651,-0.21864162711311735,-0.22139725571861738,0.22356633959550423
9341,3.3851732115196334,2.8362454000133535,-2.4474233355533905,-1.3190254371954815,0.33346711792596634
9342,1.100393945313175,0.26722369014911357,-0.5139912748326285,0.5449503113684031,-1.3047561742935911
9343,1.0583629305402724,0.4437193665231254,-0.9025788425708056,0.45103879786425416,-1.1298629729733833
9344,1.0739564490713944,0.2853409150726834,-0.7593967130411832,0.510460451554449,-1.192104860131167
9345,1.1014753627332394,0.2049525508370604,-0.48230069566595135,0.5402982601385825,-1.3535869392915612
9346,1.0674419475571804,0.3038866679549875,-0.9935173887479583,0.4344646598533264,-1.1408460656578834
9347,1.067583894834647,0.29074626148984045,-0.8336008098454082,0.5525039654627159,-1.136613964293237
9348,1.1041367615956217,0.35392755785102126,-0.8631893352310007,0.5776917391583548,-1.1302879693646406
9349,1.151509622961594,0.44876660309790645,-0.8970191288706535,0.6140043321117898,-1.0804252257276126
9350,1.1919191311978519,0.2775541415496769,-0.6951256761069378,0.6181990978042389,-1.2064568504655693
9351,8.824693269464383,-0.6142124521755666,1.0331144378327852,4.525272181851377,-0.5011412471570218
9352,1.4979235940431408,-0.32086604480674075,-0.8641042272163175,0.5226805382736105,-1.453126571570993
9353,0.9943906483617214,0.37568787512337243,-1.1768541715478515,0.35666602457487545,-1.0657124911380724
9354,0.9113344157504571,0.6140225361473762,-1.4163712520349572,0.37487053408487286,-0.8661162736889578
9355,0.9162501775310236,0.4328618428225331,-1.4672404870307199,0.2798224980803951,-0.89705144825497
9356,1.6284857305136418,-0.040517341150225934,-1.2317129155110347,0.7584301087911705,-1.0813406840539481
9357,1.6043857832270694,-0.24657052424680892,-0.8999857722707515,0.6669355179753622,-1.3932735577031543
9358,7.8401688411549735,1.9868039447449002,-5.248140620373816,-1.9470944819643816,-0.7399793792662349
9359,3.554454602461677,-1.0115546553865813,-1.0399274124993603,1.2856294239796604,-1.4591601918080168
9360,3.097693663533699,-1.0868434395542306,-1.2029650858824479,0.9569832794492573,-1.4786406486424546
9361,3.207049963271597,-0.9998289145830923,-1.0219270426364426,1.3413785006112118,-1.4048486174205252
9362,2.065964424397452,-0.6562382013175568,-1.1922490376069417,0.7277283635860669,-1.3785047794362586
9363,3.3839929052820263,-1.1168384141934116,0.14384508249770717,1.5330907822564,-1.9331866302133642
9364,2.0703783212963294,-0.44130473162838124,-1.16860124775212,0.8090622202280666,-1.3029573447912752
9365,1.7277934949008305,-0.047771797565745996,-0.8018593016729257,0.7601674523567384,-1.3507215437815574
9366,1.7597120755290694,-0.21678341922311456,-0.8953470893298846,0.7575324900779571,-1.290464102915537
9367,1.779285462513957,-0.24861102267693927,-1.0945456193644105,0.7140016765863134,-1.243100378182611
9368,1.995530892244865,-0.33732478730563353,-1.0959337611312858,0.8075648958368429,-1.3103148311151123
9369,4.658117283837072,2.3061720178466483,-3.5929555788355088,-0.42849682999289207,-1.2098792656775528
9370,1.5510843922827764,-1.1247165601996691,0.007807931556771337,-0.17526484885672336,-0.02014913187548154
9371,1.264641613485703,-0.7722446501766683,0.2539781558418228,-0.2138781259139921,-0.021302560016027615
9372,1.1041075101599287,-0.8044734546783584,-0.5978722455616293,-0.48756042677831907,0.2984264216596502
9373,1.2382156375778601,-0.7798518921563272,-0.6679562803891307,-0.3850329162444107,0.2782311047662733
9374,2.1646722652799575,-0.4531406567011687,-1.5804727809546941,-0.513816226886322,0.26470988631434567
9375,2.0021255852395283,-0.7425062224468043,-1.1452601010794579,0.5687950888918603,-1.542810752704718
9376,1.4475646335053725,-1.0476266804365886,0.21193405458703485,-0.23250595170416874,-0.16146020697642371
9377,1.1391690088677529,-0.8622026556420029,-0.3467338394098684,-0.4243877976751776,0.13238899039902138
9378,1.2764929326885819,-0.7612613837963838,-1.004110998444774,-0.5687310381982791,0.261239741991378
9379,1.5422846809193713,-0.6699689758045491,-1.1902592914646788,-0.6257040791406403,0.21379341478604574
9380,1.6315431385570869,-1.0092331043112919,-0.6232374920515156,-0.4147183867170517,0.006806010925251032
9381,1.3473612184522397,-1.0809496132254615,-0.5941168403670428,-0.5064117865911397,0.05940016894516038
9382,1.3160070652430942,-0.6003971780559002,-0.7315999630718292,-0.38780346493073925,0.19814270000892412
9383,1.1143059309382477,-0.9207916146120256,-0.43261941053827946,-0.4441880178253298,0.1828050417730225
9384,1.3978958281749934,-0.6566418512686529,-0.7875770858200346,-0.42288395097478,0.1592711799853036
9385,1.1333287099196745,-0.5607908514566117,-0.5701640882452893,-0.3791206962223318,0.23186204126325938
9386,1.39566436958325,-1.1085505517835623,-0.7749235233367171,-0.5393476991140586,0.10693291818782746
9387,1.3186984707254312,-0.9336514162955883,-0.5166344502173634,-0.3727304941305179,0.11855054867168047
9388,1.2807157973201597,-0.8276158449386394,-0.5290673440882209,-0.3666287789375609,0.14423667132391824
9389,1.0869700886815439,-0.6747672598778904,-0.30429664188860567,-0.33984942387116196,0.16775956668753242
9390,1.1280817223255415,-0.9006675011541405,-0.44506957153523813,-0.45871899525973936,0.1436414988583563
9391,0.9345284640214376,-0.4838169919992177,-0.21543720774864303,-0.32671084654923666,0.2561140085859677
9392,0.8956754981504348,-0.7512150889840742,0.18972058170179454,-0.47186533859512675,0.03736689633281873
9393,0.9749130113130324,-0.8217372292945239,-0.5050295366211062,-0.5256729246935178,0.26215628290855353
9394,1.8318266212717957,-1.3524952111734432,-0.6911174994109066,0.21262077071945615,0.43664623404743075
9395,0.7660875419948746,-0.7116493449789298,-0.7993787250362101,-0.8073495815677657,0.41130345809446966
9396,0.6927241948498162,-0.597523930005688,-0.6052118349516695,-0.761868488307299,0.3550420242822207
9397,0.8305966656825227,-0.7225633924767525,-0.6686986237485287,-0.6442397363559006,0.3575192754870817
9398,0.7640070661445558,-0.6001922647419402,-0.30732106296065714,-0.608243468517131,0.2733001268782259
9399,0.7444832599045542,-0.5841219030201963,-0.20685537170074575,-0.6021397028633373,0.24172935872670284
9400,0.7081445744260926,-0.588809231904845,-0.32250565614064325,-0.6567310882998407,0.27636269745787123
9401,1.0619299463362555,-0.9204411949118141,0.18796634364578654,-0.43270530986202255,-0.027741310943475705
9402,0.9632932223285636,-0.8272275040811471,-0.43875701507673437,-0.523123021147314,0.26735247168539444
9403,1.3779054817792737,-0.9905764446027212,-0.5719809613428357,-0.4021169459781033,0.16743332354907045
9404,1.3502038726626373,-0.26885379225537254,-0.12983970482649834,-0.44051714917671836,0.10147928822322397
9405,0.9569634947509434,0.5283592874344876,-0.783315034763285,0.3885460337621829,-1.1351448854703186
9406,1.3611305482426355,0.1759656579771653,-0.7141397639573891,0.5981406023963707,-1.2641007403889795
9407,1.3965385227397091,0.1469086764925532,-0.8715759060532521,0.5998870358732206,-1.212969530638215
9408,1.3907180057496522,0.2558868947862744,-0.5916811384323142,0.7063912478204594,-1.3037958953890771
9409,1.4547413148962292,0.1073591508617339,-1.0664280835228435,0.5888277072698825,-1.1528708438918611
9410,1.7186800099951536,0.00943746091463318,-0.8258777275810003,0.9220170691279345,-1.2400748408597166
9411,1.9125063317936728,-0.3353033221185063,-0.6746276208406302,0.949544152048,-1.3941895268157134
9412,1.5312055990032734,-0.004904253262446119,-0.8828106999712195,0.6172204424272273,-1.3039727648362385
9413,1.6828200827968707,-0.15540820918723744,-1.265093290692308,0.7030647910735415,-1.1123334651680028
9414,2.0173194229219407,-0.3485779135383597,-0.9862833267233089,0.9474237139022963,-1.2512507886413882
9415,1.7472106997714734,-0.08588757949463546,-0.8248922412998114,0.7713093166501799,-1.3339504635088453
9416,1.6506338884442575,-0.06700205723236656,-1.1772942197915313,0.722677341387287,-1.1514711452040944
9417,2.2356435199650906,-0.5330195686270073,-0.8829420381976689,0.9826247159728813,-1.403399732049559
9418,1.9898675372237358,-0.22154204562731836,-1.1671942940808817,0.8898045655772839,-1.1875279434822048
9419,1.9074471812030818,-0.4366789027891192,-0.7735214666015587,0.7502900837440594,-1.4731258311446278
9420,2.341846598349601,-0.6244838796650499,-0.8499170537921893,0.9411984250909369,-1.5077712144399653
9421,1.907525443425653,-0.4257422835514171,-0.8834220417686739,0.7506408621319052,-1.437660094405804
9422,7.626678804686967,2.0117012153060045,-3.8743801172005177,-0.7465983922616625,-1.1515621199877228
9423,2.632082729877457,-0.8880116805490075,-0.1697525345984791,1.4101679709919857,-1.6579765083654652
9424,1.5832016697466882,-0.9263548357509298,-0.017610321498604475,-0.12471030228319757,0.04528173266018167
9425,1.3839404729720037,-0.7849996024684699,-0.5995520984762703,-0.32927335979938904,0.2529622913739396
9426,1.356846832279579,-0.8509269856103402,-0.0870257469995038,-0.27540192850154754,0.06966298360908482
9427,1.5222282271950638,-1.06537868770764,-1.226307831973466,-0.4632349962699269,0.45536610530773824
9428,1.9059860687286232,-1.4095025601770403,-1.291816302252383,-0.36618884012535646,0.3397498105264857
9429,1.6933803784199328,-1.317468479099736,-0.9751363121479216,-0.4461633817191499,0.20355988359721322
9430,1.8654995728333696,-1.4045030725229823,-1.0628587952098385,-0.3746013283304379,0.22638416787120952
9431,2.0196537869906326,-1.5261825303693526,-0.8286648747711601,-0.24724047770807037,0.12669801961832552
9432,2.3031350930738577,-1.518598241876808,-0.5266456144437143,0.17997918307773572,0.16000724718914702
9433,2.0598692721962255,-1.5426360303101745,-0.28160891753873374,-0.0732556778395997,-0.05697737909551413
9434,2.045959146261086,-1.5428167355430422,-0.8978096307209947,-0.15744744893582516,0.2219791599322753
9435,1.980348683460629,-1.465887917113459,0.4371519864832584,0.026303573565332302,-0.2912100138602853
9436,1.1866072599906285,-0.8095599615573787,-0.308142607023031,-0.41068878149079474,0.16586468652372324
9437,1.2779801809854279,-0.6774261500522514,-0.5718843631487903,-0.38429626540763656,0.21835157154272478
9438,1.3755871966025424,-0.8044708075502136,0.10886643898606857,-0.23585773182862851,-0.024068277649168884
9439,1.8388518784382792,-1.4580963767759605,-1.4165377601207267,-0.34069322741142244,0.47149866763921827
9440,2.2838916103015006,-1.4546132734116635,-2.2942851955518417,-0.593064134386826,0.6044380135104805
9441,1.294988511831906,-0.9694127477366713,-0.7078457350378302,-0.4986166770302403,0.2843582712644488
9442,1.5787583641486285,-0.6045281349260496,-1.2269890382328785,-0.24340857576688987,0.5131735137660396
9443,1.185812595146802,-0.930331904227148,-0.6802687883776115,-0.5318631310401802,0.2943574461157509
9444,2.2964889342405685,-1.6446056019645814,-0.7158174704888529,0.15892405496413572,0.2601189104731058
9445,1.1227383352181164,-0.795187771264886,-0.46333814075995006,-0.5420896115416587,0.2259541658287488
9446,1.8900417827718963,-0.9101549570427265,-0.9855554775933918,-0.0839354293030076,0.36535087781745634
9447,1.540540502373502,-0.9657028621506577,-0.6722336248842239,-0.08642516425417858,0.43293818643730075
9448,1.1806994446310188,-0.7358341221889366,-0.30967117636577407,-0.4184706062808267,0.23795984456335756
9449,3.594551496707661,3.486518412716026,-2.255900787688045,-1.1046567437514716,0.5129506623500427
9450,1.105038439152294,-0.7432417351942271,-0.5638233246556699,-0.4641676533631996,0.33088434391344856
9451,1.0550907524210071,-0.6941090826380458,-0.13816902301246184,-0.4844365532942974,0.15614020842202866
9452,1.0441962475065216,-0.6817152906470103,-0.1975084893193607,-0.4984585698421189,0.18544852698390493
9453,1.4472548822033686,-0.9401769921471917,-0.46362849414134216,-0.26495645004671414,0.23214654907263482
9454,1.1994443014371492,-0.7101414223540778,-0.31608023494148446,-0.3653694011807256,0.25198255459376295
9455,0.9595191945517177,-0.5789658409084422,-0.3754231329583499,-0.5404614259003475,0.27747278025288047
9456,1.0818904309661563,-0.7074659553405441,-0.37682857708657547,-0.5183100626492296,0.23639162876181927
9457,1.1815084568988155,-0.9106051851360095,-0.11915387554597127,-0.4544165204224484,0.07300315143001296
9458,1.0279004818678958,-0.6157276947161949,-0.5476313597227772,-0.5377959328427336,0.30990937761501713
9459,1.4175109384439266,-1.0658758439963325,-0.40938166702491563,-0.31967265791101607,0.166744064020531
9460,1.0423196939465371,-0.6726957439299789,-0.22398178923028836,-0.4977230698795003,0.19824134110437247
9461,1.0603812602123706,-0.7206454918156361,-0.271225644271824,-0.5128792782522247,0.20799050456474757
9462,1.3280055134287345,-0.8629319080884071,-0.37291563391845817,-0.3223697316297821,0.2350123627376525
9463,1.1025533787910633,-0.7697269401221437,-0.38451443980480965,-0.5220558452167,0.2266677269628741
9464,1.0861755865050051,-0.651504666900807,-0.40053665618063133,-0.4902005217693756,0.24675064214231907
9465,1.1811945711439118,-0.7511846015336477,-0.4678234255531811,-0.4548696995334364,0.2707192330318237
9466,6.009029982936937,1.382159888539777,-4.950424091665954,-2.6718629992549188,0.5746432668992785
9467,2.0583349246072156,-0.33187023889432166,0.157035987554389,1.049646942761217,-1.7240304898592878
9468,2.000049848821904,-0.42145493256952166,-0.31762348485520336,0.8944624993868768,-1.6175981061641769
9469,1.738520165622402,-0.4545281166733177,-0.7328981283098315,0.5989542661274672,-1.511905388717737
9470,1.9718056903179861,-0.40318714164711905,-1.398426557530983,0.6345798194318096,-1.242747470545919
9471,1.6603087834223416,-0.24404402778583095,-0.9903185859263595,0.6105358360462599,-1.3575788189123283
9472,1.9965444863907669,-0.4212012715591159,-1.0916630351592842,0.7636777006842871,-1.3501001200499865
9473,1.7923878415137744,-0.195898950345269,-0.7654324550037758,0.8305715235225721,-1.3731800964356446
9474,1.8196292102934917,-0.2351976366052489,-0.7128184157441858,0.7757958171630805,-1.463173769960002
9475,1.9758184525969336,-0.22183710566482817,-1.2997277471605369,0.8536525620349124,-1.182578957311812
9476,2.1916958665393387,-0.6118014633006935,-0.1169953863538762,0.9499783482989925,-1.8316579007261242
9477,1.9251227030953948,-0.47573892012280145,-0.5543584097353168,0.7902700803721768,-1.590579075429413
9478,1.7359841107682654,-0.347741732388944,-0.6292124231813905,0.7743004022810076,-1.4661653395045815
9479,1.677247422193056,-0.21205261637033682,-0.9953688772076718,0.6691147838062697,-1.3174648562968148
9480,1.853510315617955,-0.35926516930889285,-1.1435729475847254,0.7787239983402262,-1.2535074758080427
9481,2.071122110138701,-0.5500055900169315,-1.2457154863441422,0.7131394636660626,-1.3248475217589726
9482,1.938404662409514,-0.6194764559145056,-0.9987911086975549,0.7474446577992686,-1.4046859898269077
9483,1.9360859930197944,-0.5446114066741454,-0.00740275698256066,1.006518803523496,-1.7340097714103235
9484,1.9954190946463304,-0.4167987237398996,-0.9171350782581851,0.9652728506481247,-1.3052709564346103
9485,1.5363132523542669,-0.4669843821457784,-0.5776198937140755,-0.31763466372261273,0.24258097958778038
9486,2.151731875637445,-0.169673286221069,-1.2340147041582323,0.603917983063693,-1.4611931447252418
9487,1.4363020308700498,0.17961944847406566,-0.34066610670016984,0.8176410139557533,-1.38847463945671
9488,1.2155047379648467,0.2485214285218649,-0.9023706390841207,0.5563685947180534,-1.1467308082026892
9489,1.2407340285320776,0.12371586332716654,-1.1896241155936582,0.47124719593032793,-1.1024523717978776
9490,1.809672599990042,-0.5236928964327076,-1.375607682510835,0.5698235922076084,-1.2817255578514988
9491,1.724278074304371,-0.2736718141116844,-1.5693910045128858,0.6130113858366328,-1.077902304166936
9492,7.51081558522556,2.0836886760915414,-4.736549870503873,-1.864544849646118,-0.9501647612087435
9493,2.1480239382404176,-0.7348839432696544,0.6610211583361966,1.119313875637749,-2.064908113139067
9494,1.4828020598883178,-0.9785022165673373,0.3146703350590987,-0.18044020061508378,-0.1514523677969354
9495,1.7821382504570227,-1.09528204063472,-0.5286512154920239,-0.3129784186108546,-0.03980444596554372
9496,1.2931101441383175,-0.7258860312517473,0.4787793090251918,-0.17370675230349897,-0.10559032252462028
9497,0.8271098195139798,-0.5409329375605589,-0.2798096479204556,-0.5477035816760958,0.2559199592019819
9498,0.9471803818364779,-0.7899561660942368,-0.4360308993584059,-0.5753914635564548,0.21998081248587154
9499,0.787032815325954,-0.6563694123505467,-0.4910669872995284,-0.6667807999814178,0.28273273694029694
9500,1.2282009347641698,-0.8371241014170001,-0.4348672795857283,-0.34050994111951505,0.1980691058106529
9501,0.9137585624230141,-0.6830140984790697,-0.028071885633412404,-0.4810247219495762,0.1326848880688857
9502,0.8912441673405648,-0.5641863098848279,-0.1660181202397771,-0.4557752543542386,0.21049852805758446
9503,0.8165753144993835,-0.5331797810846022,-0.1323178570908704,-0.5079511686300248,0.20996220536341295
9504,0.7699919049485409,-0.5675579674256629,-0.5037371455763932,-0.6556438719316955,0.3323833321278525
9505,1.2526773298170526,-0.6288962642851625,-0.8340234849189252,-0.41944493074786066,0.27901506077497057
9506,1.8696999895443207,-0.8203298712674181,-1.2153501588427926,-0.48702502062827424,0.17628225349420054
9507,1.5937510782337843,-0.49949825014708915,-1.1453882809454705,0.5850618889731393,-1.3971272982063583
9508,2.307969213677507,-0.46358724088137016,-1.140530991225619,-0.2779308343360143,0.1327606799952265
9509,1.6181132447053257,0.28621496004307906,-0.9110820289422464,0.7445055846765488,-1.3243188347794537
9510,1.4894675105888087,0.020737150186977717,-0.7804706037537693,-0.4637346716102122,0.20186388083779766
9511,1.3790016612391014,0.1329764713645925,-0.8919307037147153,0.5379683731944171,-1.3313064335942106
9512,1.3761406614850278,0.07972349530532213,-0.9985104836428285,0.55439343440908,-1.1882732703724923
9513,1.2172508635131631,0.6260308551891499,-0.7050787150198607,0.5905381026467562,-1.2691762790292884
9514,1.2667542679262858,0.6260778407297826,-0.6349462283607856,0.6365730897668999,-1.2911252363584838
9515,1.3954655888830743,0.060365450387181475,-1.2523136988319548,0.4782334315044632,-1.145268387625843
9516,1.5141006161080628,-0.3200746140241101,-1.393507762814236,0.43492951554537546,-1.17051003227393
9517,1.1882798004934623,-0.012858215515802985,-1.1954989232926032,0.28630060367718413,-1.1741778401840357
9518,1.6094959627658227,-0.03722881614538847,-0.8545093843369976,0.7361157509064951,-1.246812697059416
9519,1.3262099480282519,0.1568672189073319,-0.3946235399759392,0.629569058414732,-1.3992704836388536
9520,1.3325759424763919,0.18432912510889027,-0.5341000633660969,0.6906969552932178,-1.3229054373125977
9521,1.4718866798745995,0.16706989364118047,-1.081754346515048,0.5871570524007965,-1.273477508598368
9522,1.5392015967919948,0.19761858533649862,-0.2234266987635959,0.8150692650716431,-1.523106095167677
9523,1.971860114445483,0.04231735570762756,-2.08211232708978,0.22502029789389744,-1.2030095499971147
9524,1.846208028418391,-0.17628784378686613,-0.9308445581370887,0.6439796501776776,-1.4891352065695527
9525,1.698050497732793,-0.0674287456600235,-1.0587853653757164,0.5429426390065001,-1.4375048749015966
9526,1.4383727924089362,0.12945827500507975,-0.6537326788440446,0.6634856277708915,-1.3229077498650468
9527,1.1543010323259975,0.2676734720895598,-0.6542589118602877,0.5837784812108918,-1.2197606325892907
9528,1.2752748765866466,0.36535589029221094,-1.0002047248335737,0.6022297936060945,-1.046419792189463
9529,1.0180287028676769,0.2770067844937893,-1.215745649382798,0.4009275310073182,-1.0228979242634575
9530,0.27765046291799456,-0.6928583105026866,0.2689693679213613,-0.46173806370072457,-0.017296553203600053
9531,-0.4655551833028205,-0.9775831699130361,0.6433812907329239,-0.5053125894631818,0.1490145659557561
9532,-0.4304578012976362,-0.966726531391577,0.3701782797625725,-0.31795998786273666,0.26159806032979216
9533,-0.16835390500249386,-1.64293920509894,0.44170789724063264,-0.4496837705586073,0.018748018671679904
9534,-0.5751300474922116,-0.9761068186708063,0.5611993930405991,-0.6661408434423783,0.18097437285518897
9535,-0.23016014067699994,-1.533558607690718,0.755515637626903,-0.5521877278474241,-0.11454615413814793
9536,-0.6748318236551064,-0.8218107389280391,0.3546002092823193,-0.6455856087543531,0.3477679876514221
9537,-0.5832520472875844,-0.993006763308707,0.5402681500231493,-0.6428897241754561,0.18821600642122438
9538,-0.444025988842908,-1.2028981022121241,0.696116733139282,-0.4930559076084513,0.08190785930784347
9539,0.09544111768225519,-1.7173615828159978,0.509506588779241,-0.5469349592616879,-0.2488741556833839
9540,-0.218592395335898,-1.5551959143538068,0.7231734764577701,-0.4244142433915989,-0.09077634061422428
9541,-0.4224251860275183,-1.2794025943644864,0.4503765956162771,-0.5668157118277205,0.12485151034558173
9542,-0.5791086876561727,-0.954339809289629,0.260925623799373,-0.5228484788530796,0.3136627492489158
9543,0.8806223250012188,-2.0687694206107436,0.4401033998493399,1.3039108330864406,0.8542228029637076
9544,0.3581990667291193,-1.6830564229628686,-0.0930320602430176,0.38915992546182354,0.6022537454548663
9545,-0.3493220605869747,-1.5678013084167857,0.22572016130498473,-0.5414675054010584,0.14668983620506676
9546,-0.5922521173805118,-0.7129286428841077,0.35176552460740723,-0.3249055458623003,0.4374723735801253
9547,-0.5777129458518114,-0.7379226068071176,0.49917132868472935,-0.2775094329135885,0.37405613341445326
9548,-0.591377107897399,-1.0170153551851575,0.5800214401158996,-0.5000460244798053,0.2060189030124216
9549,-0.7175391044659656,-0.8969571986035735,0.6017146159996101,-0.598050840863058,0.24989873385266195
9550,-0.3859210306149793,-1.4446432956306094,0.2838654278792271,-0.4641020101426703,0.20104519811051305
9551,-0.3962533401533673,-1.43629768437547,0.43371046510126354,-0.4318458452138491,0.11588812011581598
9552,-0.5049415012550843,-0.9223468867973564,0.5325970057171242,-0.4372418392310555,0.27203487334787946
9553,-0.6033187681702125,-0.9876151558227606,0.6427159269264908,-0.5634297829698063,0.1774736071348023
9554,-0.5373673200761071,-1.1876529097401272,0.4180032441595228,-0.6192302234787106,0.19857858805513037
9555,-0.5718151376606114,-0.9208245810395468,0.5297567116956095,-0.478585374731874,0.2656643649323339
9556,2.107619518988684,-2.2328867094023663,0.3752956041472859,0.06619106209426798,-0.4071509853472096
9557,-0.4391964684658036,-1.2454196892327065,0.6082593720350574,-0.493669179890719,0.11645130219608589
9558,-0.5186028309200708,-1.0764929499721778,0.7049963514156243,-0.49405626140939773,0.15455144212697147
9559,-0.4056495166736908,-1.2741232672122702,0.7598712490830806,-0.5641438332868833,0.028125488685774393
9560,-0.5146182760325955,-1.1164240587897987,0.7516166221300122,-0.5549680577936594,0.10184045841544281
9561,-0.3346576564748515,-1.347878609160569,0.7468937684010447,-0.44053120350332914,-0.004492573451643857
9562,-0.5491477542791281,-1.0557876386673024,0.502398148713741,-0.4544603673191087,0.23755262617307074
9563,-0.5967203186276564,-0.9963094139013097,0.5118969012860055,-0.4682441998704267,0.2804259108600799
9564,-0.574543675822687,-1.0011245109887341,0.43993910458509966,-0.32866875179470995,0.31131283422599687
9565,2.6662528803663657,-2.8002653052085726,1.2915702881210658,1.1526967467252296,-0.050934684600940416
9566,0.28855596865598726,-0.6736899759051147,0.7164666187983807,-0.23554378582281035,-0.023720872146526004
9567,0.35947746100280553,-1.028265554152357,0.6514932125825931,-0.38215567841247977,-0.08613904065980994
9568,0.16908658012176753,-0.7415583016581232,0.5566292917191381,-0.3942706136387924,0.04316760813433982
9569,0.16591660568426048,-0.8817942005537217,0.6655205241420644,-0.4499107579675739,-0.019208997718192993
9570,0.3717437350510963,-1.197214934388576,0.2912217060314077,-0.4185840076588908,-0.016480949196235665
9571,0.47020929243873044,-1.0534273045756208,0.40870226774194346,-0.2506940531257873,-0.07362249292697436
9572,0.6141140025721513,-1.2564814902726005,0.8034607650615988,-0.21670728293772967,-0.2888215603484006
9573,0.2057479684314713,-0.7867251432530358,0.2813323868921395,-0.28140753101610916,0.13459024808850445
9574,0.3161533546336349,-1.170573882579621,0.8647053864750444,-0.40918183891033416,-0.2009100456296121
9575,0.1694682345972718,-0.879694566588037,0.5187246222601675,-0.32508464847901003,0.02888764581386791
9576,0.08086314359570798,-0.8515389529280678,0.6704892091816729,-0.4317618792906282,0.032306958628589975
9577,0.10858086480027435,-0.9726686008304767,0.6110353165501766,-0.4569312749623742,-0.00817388979738853
9578,0.07580312692240203,-0.8956290622330934,0.7545171838231687,-0.4731819762651861,-0.04138690053797669
9579,0.20137388194355724,-0.9348101225913287,0.3560049912596198,-0.3257378854207264,0.06493445337205862
9580,0.6536568383266631,-0.710552101418066,0.17442539400363202,0.9656329089436796,-1.5501621299742407
9581,0.3568370588440858,-0.5697527839753613,-0.24330118942934875,0.7560360703624902,-1.373556319845026
9582,0.5171587907501217,-0.78647560536311,0.1091861735975285,0.7947938363020033,-1.5971123453518776
9583,0.31465441548256967,-0.27425109958829413,-0.20877426115380998,0.7593628661750952,-1.381802083589736
9584,0.10753872669651698,-0.28393648358560525,-0.32610734565646254,0.6008989596106878,-1.2844584192760389
9585,0.5508572795156191,-0.6769188137999924,-0.01567610306696374,0.7419457599146965,-1.569630816608038
9586,0.29478795398030955,-0.17634371677992272,0.2536130084376247,0.8764470820033853,-1.4476356186987924
9587,0.22954736430274386,-0.44467926908627853,-0.18329916347122227,0.6167449313966886,-1.4330699921250858
9588,4.6137903457112275,-0.24136302795603976,-1.9323868940657531,4.193940037953969,1.10607099260249
9589,0.15203319530952775,-0.6339871704650615,0.39348399834883524,0.6420207124069683,-1.5636417819628001
9590,0.7705098863540499,-0.7595987508944345,-0.3251323974080019,1.2588510166587266,-1.120389379251883
9591,1.143057918483538,-1.0429705608615594,0.4942147561918089,1.0070192054611378,-1.9233286234303142
9592,1.1546472684601543,-1.3192979762382189,0.6399636851767675,1.511414584284984,-1.5886397054213048
9593,2.7914232324849544,-1.5510046313065822,1.3963104464392828,1.9141421598519042,-2.2219376978293623
9594,1.295488969340509,-0.539167877993642,-1.2372665056259053,0.8493465537610351,-1.1485535107049958
9595,0.23505235836330915,-0.6194901388768421,-0.3227485306925243,0.67290602099608,-1.341030759727608
9596,1.7773575414781864,-1.4404106484727859,0.2248473282136501,1.4488378320551256,-1.6956893472106676
9597,2.6159687028063887,-1.0220538209264276,-0.2622949875563861,2.0651330684349145,-1.2243010216917831
9598,2.652708784337122,-1.5400744548244718,1.8314862146564308,2.0047669159920325,-2.275729863370146
9599,2.985512348127796,-0.4254884861889591,-1.9553285443001507,2.3976378883857614,-0.07291531492303757
9600,1.6065523776168809,-1.305722426592079,-0.125282847023156,1.2223678717643698,-1.5901022479370899
9601,2.1631869624119537,-0.8726378337571369,-0.7549582915310017,1.22638264265745,-1.4744561627920996
9602,0.13891303375443692,-0.8528785464909925,-0.28863633606858063,-0.62023717271839,0.30925991751057763
9603,0.47586913279515475,-1.0378055294661102,0.03277193327920035,-0.36664883067795145,0.08545285719558422
9604,0.9562537840172959,-1.0226901801383994,-0.30511313732897666,0.9456442442045486,-1.4424406389469213
9605,2.1318243909834047,-1.0705596579493621,-0.1738328329232313,2.035848296969009,-1.1603474891620573
9606,1.7214026659699142,-1.2382038575358516,-0.5735810873486415,1.3272937706089218,-1.334260072294063
9607,0.7527069884687759,-0.652539493909731,-0.6020164695572594,0.7564328393702259,-1.3368711167144955
9608,2.984339014428435,-1.3942568659412684,-0.5682206947903181,1.5515649840287333,-1.4944357891899722
9609,2.413479455713692,-1.2375007455274711,-0.49591448559468576,1.8149169650318813,-1.2438853930960767
9610,1.3563982064501967,-0.6704861912588082,-0.890845074542234,1.15187248341226,-1.155539793417475
9611,1.4072692911300964,-1.14741066778823,-0.69661703748148,1.2056400032333991,-1.2304004294368274
9612,2.5498775015114252,-0.5437638529822483,-1.1864074731907273,2.7256036389828093,-0.20727247634744514
9613,0.06046478043272617,-0.3016643417801743,0.11356648275062066,-0.4084032541338631,0.374666946842082
9614,0.07311857748079639,-0.5395389633667848,0.4474052994790849,-0.542588138300898,0.1256513008347569
9615,0.002079537217816014,-0.44317695541111474,0.3189737491470192,-0.5562683519053995,0.22005447578917553
9616,0.14830592218796945,-0.556405461678952,0.39168050532588833,-0.4920252168990371,0.15867205711498483
9617,0.2913533269025354,-0.6163566879813371,0.7261083932257499,-0.45106691447103725,-0.045589848281495586
9618,1.7961599697760962,-1.8714724739961999,0.5537436390733803,0.10577735571660102,-0.41470588406571374
9619,2.5152504353523732,-1.2045702557146554,-0.3571833110703624,1.8885347355406472,-1.2551240830335486
9620,1.678715218320815,-1.1283890225126685,-1.1580345412449182,1.1981951559788446,-1.0779406796197646
9621,0.5724218513306258,-0.15219547423875313,-1.149490903112299,0.7447569448769539,-0.9773159578925472
9622,0.2522586414181436,-0.871269682866211,0.4961167880675362,-0.4834250636545694,-0.007795075496519151
9623,0.7549403785696244,-1.0996516913145153,0.14039643621452352,-0.10421805262912442,0.09286327493542
9624,0.11208612318017072,0.1300333044061771,-0.19669191695232432,0.6978204212212659,-1.244113286421591
9625,0.664963428773935,-0.9819660113960732,0.18958182822872752,0.7455150476123189,-1.6747164556789103
9626,0.27305040801562086,-0.382392994204508,-0.43996781642316246,0.6691217731416219,-1.2481856111025549
9627,0.49901568009609165,-0.6073273759126117,-0.5808647022116481,0.7210551515278981,-1.2219040953268416
9628,1.2424162477453429,-0.6029429557740594,-0.22464143466031788,1.4470339794111775,-1.2661745147637422
9629,0.3751150194566932,-0.6429111580401881,-0.2688659661160998,0.558747718117765,-1.4483824906184266
9630,0.3451545332105792,-0.4677185709672929,0.16060955108924987,0.6988036558960364,-1.4967076889483595
9631,0.8811552135146162,-0.6503316900908366,-0.28547838184941143,0.8448172432837592,-1.497497552182895
9632,0.4072396569681762,-0.5278519518287833,-0.4622326965115644,0.7338481277727557,-1.2488030126970093
9633,0.42329904438771965,-0.5253312548024374,-0.42041382865652144,0.5520364822923566,-1.3348031908798241
9634,1.2114943689569735,-1.1540583925722012,-0.26649769384485605,1.0700974601533568,-1.48518861030982
9635,0.5982594937022402,-0.7256189953817995,-0.006751219091593688,0.9168054795522275,-1.4144367307217458
9636,0.5007484859397763,-0.20739192435504722,-0.4448866276098681,0.9615323037701642,-1.1331748766250465
9637,0.3274943612934764,-0.039379722073727835,-0.3807350988356654,0.7022254847696152,-1.275506151008835
9638,0.3757284257286605,-0.526061515942064,0.1581335543585254,0.7223808950966268,-1.5492121181830725
9639,1.0312556229293801,-1.239744687482888,0.32965172741789506,1.100535543042254,-1.65474965773988
9640,0.3749743853955072,-0.2637715304293779,-0.3646994650050367,0.7893503964354811,-1.2478678743376541
9641,0.13792019419011284,0.19903326569895846,-0.2988956284552128,0.7957490836148424,-1.1139101128527245
9642,0.2969760778887238,-0.3081429519420813,0.059482526678057805,0.6800544138661498,-1.439830844246617
9643,0.8892496325333742,-0.5486669727608965,-0.3363782450912189,1.522249361257726,-0.9554995679900413
9644,0.36165408854034464,-0.5787912750817354,0.22101946421433089,0.7387863314787207,-1.53396829882041
9645,0.6651348209793762,-0.969175018602604,-0.15152811712469252,1.0472408810292921,-1.293673215660492
9646,0.4790467107267588,-0.5467884654728393,-0.35365512164300367,0.745928402958081,-1.3911513146056624
9647,0.47335459173546235,-0.9348461880382336,0.4695852183511528,0.6691447537949187,-1.751589513803919
9648,0.04944292178964822,-0.21438562609974693,-0.1473672804039841,0.6813452598432754,-1.2921027423717784
9649,0.18873460604712222,-0.28748784001983674,0.009777054843600998,0.7598675015861583,-1.3746328268683994
9650,0.32738827660147357,-0.6749869064231565,0.005943263164921757,0.6406193789571651,-1.5008760767695164
9651,0.09685188998418051,-0.31444136908618203,-0.03632025482871843,0.5486420926909831,-1.3761251484634107
9652,0.6269268512648613,-0.7599809934131976,9.082941121827352e-06,0.773231995968057,-1.5738584304695005
9653,0.5520028689009674,0.4349222918296174,-1.0209863838642246,0.5476620190834784,-1.1368997693041833
9654,0.35736111097404794,-0.8010536834764138,0.6228724411830807,-0.47126797247678565,-0.07164108140476076
9655,0.2888954625527309,-0.7607801104282758,0.4927175263345757,-0.46724084260390525,0.020867807959724052
9656,0.46824631263013733,-0.9289063250764933,0.5070540798311153,-0.3486044273605803,-0.034733461875640796
9657,0.6783320079234179,-0.9005573878539054,-0.041026287072481196,-0.3120954862111511,0.09013425250733607
9658,0.13260901186410431,-0.08079617992442886,-0.098796750705922,0.5280777395122243,-1.318782654937111
9659,0.16228182257710322,0.047620229155716134,-0.5150806804715578,0.5878064225018014,-1.1706696008481399
9660,0.6778210315872525,-0.009266881736152394,-0.13207227948767594,0.9276405428797566,-1.4007659688261918
9661,0.594766542886333,-0.340444287570398,-0.3181829853684666,0.6753719363507418,-1.4378704992490363
9662,0.5088186479944219,-0.3546329123174978,-0.09754466653172533,0.7013800957329989,-1.4766952747660222
9663,0.5093474032990529,-0.3913996709017284,-0.15032409600486887,0.7927743110442815,-1.3641346633053735
9664,0.06584725874583772,-0.2561872382659168,0.17162759472745798,0.4999768430000257,-1.4286658813048176
9665,-0.18588895562850166,-0.4683831390279484,0.39474217443049525,-0.5625724470096543,0.2355310341331086
9666,-0.023029019245216883,-0.5510602202625898,0.3604148630865086,-0.4299735877822467,0.22723440791420427
9667,0.9751039908617175,-1.415244787896951,0.4338839138625556,0.13864027791049166,-0.028550510662094037
9668,0.4604739279826255,-0.4224714470468582,-0.4672268019703481,0.7221147217638987,-1.3092957781167978
9669,0.2823665560982709,-0.3569319926480651,-0.2649625586307407,0.6644438664573225,-1.3256648656710033
9670,0.08725749295788085,-0.1372015664314263,-0.09425639641131436,0.593305409720089,-1.305122927886344
9671,0.18008602832134085,-0.15235486729478165,-0.19014149334841862,0.6511013453870707,-1.3356442240615907
9672,1.0847670509788594,-0.6857213156002747,-0.41365939087418635,0.851865220959266,-1.4900851324169717
9673,0.43948116905694,0.06532170953311353,-0.451568922831772,0.6145159723271956,-1.2786911295366437
9674,0.4102745316755756,-0.15661974530544345,0.2839481709802186,0.6927612340928032,-1.5190460252316431
9675,0.122639056347752,0.10930411487708995,-0.04441206228286975,0.6978344636807373,-1.2704622323005648
9676,0.15116955329750972,-0.3528518136672175,-0.6666405391722998,0.42374655940270534,-1.1706230087920075
9677,0.13142370691284458,0.03002466254497396,0.41998647519601606,0.5796028810570446,-1.4953442964525252
9678,-0.03263050307227468,0.13475654023921038,-0.09797781526454463,0.5858146284519863,-1.2266257445715554
9679,0.04297465504078333,-0.10078462234963007,-0.2947269145950899,0.4914158041150049,-1.1996823813725004
9680,0.07779001859631206,0.20685535141362443,-0.19408936504889926,0.7785380338559499,-1.1180782128785314
9681,0.3048032597131284,-0.38886711293011206,-0.3703708648910066,0.6740691788633358,-1.2911924919387217
9682,-0.12432628292559356,-0.03908583958761481,-0.18304478541652205,0.4292254559650445,-1.220264201604093
9683,0.1672682384118032,-0.30756731340441035,0.08618333691758298,0.6309892739394717,-1.3940656498184354
9684,1.3062888467997111,-1.3496223759606123,0.1532000186486128,1.3118871494949373,-1.5904079839313912
9685,0.4202667552339935,-0.6021575076913591,-0.11641934902904659,0.7801279061926268,-1.3921371840006498
9686,-0.031148179484029467,0.07255737104091751,-0.179745780640792,0.6239468105803726,-1.158454503897186
9687,0.16321068522645787,-0.20824834705305806,0.09468065313449119,0.6747539010143573,-1.4050129718685895
9688,0.08810932517178467,-0.0180731728029764,-0.5210930357908573,0.709011810830143,-1.0338387896960946
9689,-0.2212786559184779,0.4303960984844081,-0.09344569839994786,0.5654752513230797,-1.077264743872988
9690,0.05243308387967536,-0.12555374313092235,-0.3112646812017045,0.5109402195776591,-1.2190851346136813
9691,0.5200753369855122,-0.5486137872022239,0.2232287699356564,0.49663159556284,-1.7200218930008648
9692,-0.11632573288617308,0.4430877974301263,0.3882987731197771,0.6178560833233004,-1.2943275917867878
9693,-0.11970065050474633,0.1473138832826573,0.13267152036617494,0.4384234824896538,-1.2722111864176147
9694,-0.05054082782945344,0.08310532360754296,0.030894652400565974,0.5594286480521377,-1.2788242793143874
9695,0.13434152697184568,-0.2831244917427459,0.26742138909822866,0.5121871435478804,-1.5071333190987621
9696,0.2647552274311932,-0.09659381712693708,0.08105998143820904,0.7028704976493397,-1.4392904414844494
9697,0.29517284921310927,-0.4838150443877298,-0.17670437266812564,0.5526921587340167,-1.4149024793977256
9698,0.4665782542207634,-0.387331006454403,-0.24902778336619233,0.6348625534719344,-1.4306944656948701
9699,0.14926731112160166,-0.09094558216485812,-0.09514122758899589,0.6123005946264988,-1.3014499916282305
9700,0.33136904240776327,-0.40863237677879616,0.26999975047432895,0.5597089718289043,-1.5896540810629949
9701,0.00670245822511979,-0.08849087290044799,-0.03972298161496192,0.5617148614176224,-1.3298872594221274
9702,0.05656484650290985,0.45949069360226513,-0.20066326648217228,0.8706687493467021,-1.140083561611484
9703,0.9828460555728075,-0.8868447780954392,-0.2735797760022238,1.0556992470289872,-1.3565108992911477
9704,0.10759747210647236,-0.17412667359333744,-0.26098839391677864,0.5408826662837241,-1.2887304486557887
9705,0.4906954037220561,-0.7364673414398218,-0.0030308645467955996,0.6626046908057657,-1.5483522479417362
9706,-0.13007709647228674,0.5286933961704897,-0.3434674174408014,0.7155588223956207,-1.006385044690724
9707,0.3113815634027443,-0.3107494064318671,0.08158693624488549,0.5790938477144222,-1.4976839347738244
9708,0.34710121891896933,-0.2253696742226188,-0.3371617420420648,0.5715615269160995,-1.332330265710433
9709,0.38967817325478227,-0.26474284182689173,-0.17970018778457664,0.6646896163961977,-1.3666144498587283
9710,0.21664159615756776,0.052347905253521614,0.3064430403105284,0.5641919231550133,-1.4684173611220452
9711,0.07917748867079934,0.22973835617159605,-0.29554077383046207,0.6134759388997261,-1.1961126344518076
9712,0.38537053155529627,0.027775488823728278,-0.1909915403021789,0.7403990880766375,-1.321092616040006
9713,0.04485915368256176,0.06839289308768683,-0.023773699689813514,0.449882908238406,-1.3261365524708038
9714,-0.04766264465692008,0.3843977914979376,0.0020088713418589237,0.5499459824435149,-1.2279198701763856
9715,0.48438924356283586,-0.25013248062824744,-0.10368510054225501,0.6532291630670088,-1.4959842044250136
9716,0.08425704224273309,0.23432071704155885,0.15630541521918861,0.6117124944721828,-1.333230489433887
9717,0.022438042479269997,0.1484542640049206,-0.099750488013907,0.4922760526230454,-1.2625995715681717
9718,0.10244945256442575,0.2374116480829644,-0.10659176411243437,0.5729198683390924,-1.2441322311904404
9719,-0.30085191188682364,0.07896314988064618,0.26714088846084133,-0.6028985354664972,0.43419069201630733
9720,0.1309610094561775,-0.3506065198923594,0.32580967035186337,-0.49722244556554496,0.17234962794453992
9721,-0.05197652114311986,0.14522615049117577,-0.08901387150841797,0.3947206031876446,-1.2249794304236337
9722,-0.01177083317189708,0.4023030099048168,0.1444651209507934,0.5155245580160758,-1.2788313780205791
9723,0.1808401004815733,0.11998255411497978,0.20697352390224502,0.49954808514152405,-1.4494786234573487
9724,0.5735854334294701,-0.14465485206422876,0.3825939865858353,0.6510829712545269,-1.650592189347626
9725,0.2550708952852924,-0.4853544587382266,0.12268028102333796,-0.6037162663672695,0.17219233272391568
9726,0.023803759544674587,-0.28627268029736314,0.6148993782670548,-0.6400152553420402,0.09590420389268743
9727,0.36651630829316023,-0.6083909429456845,0.32223300246699527,-0.5048287023829549,0.04579570085277277
9728,0.5658707507457617,-0.22585996009901388,0.41991592007329887,0.7307910325322988,-1.6016516899259712
9729,2.764451925568522,-0.1301323227528226,-1.4910324992205508,0.7327372113442756,-1.406832453292426
9730,0.29837990467489267,-0.9547557774226364,0.5867080784028847,-0.3671445118003496,-0.009737133318606442
9731,0.5796792490895529,-1.541734800565964,0.6513163896042699,-0.31791990795024805,-0.23560694737795404
9732,0.266487454810346,-1.0036486514735385,0.7386535608424654,-0.3987690000646747,-0.11036451095945873
9733,0.2574804031577677,-1.2217386821415654,0.6463482409134722,-0.5332463491130541,-0.15184584711907687
9734,0.1439862267216181,-0.9091277103409262,0.5546981953536587,-0.4386464179403028,-0.0027848003335894005
9735,0.32293005512559986,-1.212235876286521,0.4896508111774753,-0.3858427899044961,-0.053101525873973855
9736,0.3330253980947285,-0.8501436574374907,0.1485144911948766,0.5929491348347142,-1.5810398465259758
9737,0.3656210183289375,-1.0080959043215572,0.2255664102057087,0.5597450564451664,-1.696769847083117
9738,0.37153405003967643,-0.8607783685787361,0.0008919310825349657,0.6664157470119236,-1.5411287337196051
9739,0.40113273910448005,-0.7376604972824836,-0.5644985602966337,0.5720232691090821,-1.359989178083915
9740,0.33297372735079467,-0.7196585667503906,0.09505064584734231,0.5500004123339621,-1.5689107630914545
9741,0.4860135363079138,-0.6963726201476075,0.1765165724360588,0.6069562255607579,-1.6790006629941852
9742,0.4638996797445159,-1.0217761965379928,-0.07088876076805974,0.4588269868477283,-1.6402250866312202
9743,0.27772996580526144,-0.5737945592472107,0.004987837001262626,0.40801144362367114,-1.5563288778459696
9744,0.4197811027380959,-0.5581672538682585,0.22069234957696646,0.6107063416255369,-1.6522076270005996
9745,0.5449083377908013,-0.8353573849686224,0.13118508361962133,0.6570758233555077,-1.6417171226376481
9746,0.5235494365691015,-0.4399825507762074,0.08703909702941406,0.654459920124609,-1.5638099289207124
9747,0.5286393333905715,-0.5004421572384106,-0.002286529949470415,0.5320260885857596,-1.619395864933631
9748,0.9031478229123978,-0.6635251582633829,0.15433458079871332,0.7376939402993672,-1.7164415812384317
9749,0.3805682764682539,-0.16152421679535792,-0.04646294483110224,0.5856492474894425,-1.4587486976122466
9750,0.11426933564797313,-0.3661494301316734,-0.0038297283389817577,0.5841556501922573,-1.3873758693617342
9751,0.18811707219456852,-0.5001789479709591,-0.05506926385116681,0.44911929298026554,-1.4764571023459685
9752,0.43444869920771806,-0.6974620957195272,-0.20374150099781538,0.5655688250337363,-1.4945609651584053
9753,0.6053315612939826,-1.0051299189095448,0.15494679679843767,0.5443107403940177,-1.7267570254969795
9754,0.6440825194532872,-1.1028411319337184,0.44424502033844393,0.5411009410938977,-1.8742141095708493
9755,0.5397356473360534,-0.8715862797851626,0.15123342190634698,0.5132737928450739,-1.7192381827408953
9756,0.32183422458125255,-0.6079697631035078,-0.013034492105959973,0.413509397566625,-1.546913004814334
9757,0.666560509121474,-0.7161893691614688,0.2425982908374321,0.6093266486061054,-1.776408154217474
9758,0.5844933167250074,-0.9399175245886464,0.15759973324483031,0.4682184316245533,-1.7501884085162
9759,0.5028683378595376,-0.7247730131804796,0.14282810654533828,0.5196506467475982,-1.676196706464947
9760,0.5610022720166851,-0.3300379176071427,-0.3722984877136126,0.6630841008341368,-1.4113206087627488
9761,0.47864492238059103,-0.6216047235509737,-0.31109905900649754,0.4352348712295757,-1.5109679746197535
9762,1.1012078290093588,-0.19351225196516542,-0.9299649331839965,0.4172556822097928,-1.462916466194684
9763,1.340932864322069,-1.0284435948222839,0.9471219083878801,0.8490156975757485,-2.189390153453635
9764,0.41439280101872394,-0.6163997002902566,-0.09987899383012411,0.4901176770343126,-1.5247800943423142
9765,0.7595606421040398,-1.1842532559139085,0.10459792124636795,0.7857393548240368,-1.6758954364584853
9766,0.7803757310604279,-1.2493464731158834,0.16063629524662656,0.6910687855926039,-1.7942089394617116
9767,0.4721870396994811,-0.6398439465105205,-0.03616661909320573,0.5459920529297908,-1.5598394820761885
9768,0.5757533509151257,-0.8873652356758649,0.24178376841178012,0.5227596711629153,-1.7805157426340086
9769,0.28472336696335165,-0.8448636443848624,-0.17752966870870615,0.5877524368405317,-1.4540795744005868
9770,0.715934751090615,-1.2323950870335887,0.4093709155235463,0.6737414783438178,-1.873305729342016
9771,0.3647540819034127,-0.5400818486711964,-0.8480880943200254,0.5663477294859852,-1.1909378972669205
9772,0.43859940219671817,-0.8267061532629385,-0.006066393054231281,0.662860601006673,-1.5541723962537919
9773,0.38817981308912564,-0.9026980130067428,0.020153206686730537,0.5409331919878643,-1.5803506780177488
9774,0.35439373176416245,-0.7221698611466917,-0.059625301365528155,0.5878133223172686,-1.511846226499678
9775,0.6315772962603307,-1.2454658272081935,0.13808710314150424,0.6837360851911417,-1.717771537929395
9776,0.7220810532517323,-1.3420981279982604,-0.3571732498090739,0.5995501918544811,-1.5876215716998558
9777,0.5712661999829518,-0.9415578198163209,0.40549911158107993,0.6786630622588322,-1.7702201867729133
9778,0.826586196957591,-1.0418600479559852,-0.028568287524686233,0.8852821085569466,-1.6139581027199086
9779,0.49144965060099943,-1.0478473788306644,0.3127308613616916,0.5382100244829712,-1.7603105865174224
9780,0.6700450425163258,-1.1798716796348308,0.16216775248550352,0.5832334392287172,-1.7831502732615143
9781,0.7169831432703918,-1.0127242945859576,-0.12990279339679975,0.6363767761063518,-1.618748097716558
9782,0.8406306559910075,-1.103076286028704,-0.052797447406491047,0.6627435627175652,-1.7192516442651105
9783,1.1302967095271377,-1.43939395241978,-0.36167207155689496,0.6195529862809338,-1.7044820950353996
9784,0.5310300249138502,-1.1038739663139583,-0.13688476364985397,0.6467052818340904,-1.5717024752869138
9785,0.6068141233963923,-1.2286359260193596,0.2606600869826267,0.5509720654894467,-1.8323823990489587
9786,0.46415073515535893,-1.0117997866676833,-0.23601230467455442,0.5587436238699502,-1.5148655814525005
9787,0.44237097226138433,-0.7887474786384252,0.2865881245340075,0.5129689986480673,-1.7341894340709225
9788,0.3244904973468731,-0.7421322119172418,-0.02589807370759241,0.5292386875520085,-1.572872788631659
9789,1.2716529815934243,-1.2631008249830074,-0.3831786729501759,1.4809082955924122,-1.1499577126046745
9790,0.6465555821866559,-0.9482352121827546,0.07752288039725737,0.741433537781462,-1.666913130580704
9791,0.8764506071856909,-1.2177462280555331,-0.5804736080164639,0.5894233377655452,-1.5440849836347157
9792,0.36044970632836215,-1.002623145028171,0.1892659821260523,0.515033469294416,-1.6985327234800196
9793,0.5336162507898171,-1.1220660772544027,0.14837428351765714,0.5579489448569458,-1.7308169471712411
9794,0.4984995711748942,-1.102813686408205,-0.02179389004430401,0.5758085736039977,-1.6258509946344364
9795,-0.006624195124705058,0.6198231280749825,0.09893438021377825,0.9782579645660799,-1.1353365307548942
9796,0.10537109373608543,-1.316872090122746,0.6187407765941001,-0.3960060361057118,-0.03826595185580917
9797,0.21770157394815587,-1.3026520809514337,0.6922230191673849,-0.32991941005055514,-0.11570390367303371
9798,0.052543553562302246,-1.2467208159509384,0.5360667378542022,-0.424078022890469,0.028999146462505863
9799,0.4471553741718686,-1.0449125982305232,0.15931812069129295,0.7579773202288244,-1.5923035680978055
9800,-0.0033446788060204928,-0.721474844826308,0.0018872982944972499,0.5676547523341144,-1.3795483297262459
9801,0.10728836535481928,-0.8503598638973581,0.09481551552058587,0.5510810370741626,-1.5026149446684942
9802,0.11087960866444649,-0.826343663341465,0.14170989759031674,0.5864486960605346,-1.4992328517037805
9803,0.23599484167093926,-0.8768629143389095,0.18303814378782463,0.6523005529628692,-1.5488448670436752
9804,0.10044260441586249,-0.5681186097741128,0.0536450528447398,0.6508479674606531,-1.3910763169709137
9805,0.37254668536386654,-0.9515332368823699,0.1591046778462623,0.6852520188974975,-1.5984681516619086
9806,0.0972689850740279,-0.44716335316385875,-0.0908022481978658,0.5734414750304316,-1.3383196048149997
9807,3.021147890457901,1.607740619250272,-1.2807753657454408,0.14731812323357749,-1.7263111823498982
9808,0.14010186202839045,-0.7502339188633422,0.17514711623808202,0.5668476933348674,-1.5387217015788197
9809,-0.17315253607733147,0.561912169852366,-0.03973162766971439,1.0383799940930338,-0.9970937962008762
9810,5.771282467912556,2.0124764254850738,-2.580479297478046,-0.3472098302564849,-1.7908210150832231
9811,0.16988594789280245,-0.8126043623157622,0.6300257358693879,-0.49316859512887656,-0.010338581174861208
9812,0.15526472462779864,-0.9598766523482326,0.5290764823454853,-0.5248521375430976,-0.03937103453484854
9813,0.3221082512658263,-1.2056998446513554,0.7294253818283236,-0.4829373053320808,-0.21127489903997984
9814,0.015024480750144257,-0.8548806155474808,0.06035052787026789,-0.5126655100134756,0.21958515389787864
9815,-0.13434519468386902,-0.631367199836003,0.21656834962184196,-0.5298746019285914,0.27758777606655194
9816,0.08554214764148854,-0.778757554788242,0.7698903910875553,-0.44692937572815056,-0.038665293553762047
9817,-0.04407643329793878,-0.6840825224409914,0.5469018180832863,-0.5367474143990594,0.10148022629728826
9818,0.23913220040723565,-1.0431692068667768,0.45470187210792373,-0.35502120723842606,0.04453799915244321
9819,-0.08973862833154485,-0.6180672619027728,0.1771941433335213,-0.4747087428253579,0.2717580690575861
9820,0.2668304537558894,-1.0491185844715547,0.6299467435327903,-0.37686546151905553,-0.0844043937983187
9821,0.08107402425486626,-0.7255392334080027,0.540155952505671,-0.3651998668623651,0.12081467344880464
9822,0.019658297662678546,-0.9087842715012789,0.46511170345892233,-0.552093463242452,0.061348658805170424
9823,0.1450572460859075,-0.9420396242084578,0.5486424002176905,-0.3948241464740109,-0.006275959524851048
9824,0.7529108474968711,-0.370453219173363,-0.5799796840307119,0.54624062947683,-1.4759596352756186
9825,0.4055290348743754,-0.44136191773779904,-0.5621099463132152,0.6612490115029018,-1.3253175390727554
9826,0.9185368154074448,-0.9111200615791096,-0.08776280518977429,1.1333885248827102,-1.4921732073282525
9827,0.3506978515213991,-0.7906049233798226,-0.35137919755537544,0.7751873499009502,-1.3571534201866406
9828,0.976380584587737,-1.6217611586406493,-0.4145559395835584,0.6879158594544326,-1.6242768982732965
9829,1.163732096147481,-0.9421919929967201,-0.17882334332855565,1.40300899630675,-1.3313335703236173
9830,0.009098189934616382,-0.7986375738394067,-0.28910185325804294,0.5161970055043891,-1.3677672215714691
9831,0.1920386581380411,-1.3113598059502205,0.8177379251092881,-0.3683474666018368,-0.17280709156210497
9832,0.0438072927951643,-1.233807824895392,0.6070677467868448,-0.399670217931664,-0.044228774947415325
9833,-0.01747884673526891,-1.2395960436361488,0.28652239809150987,-0.4564846090273438,0.08114275544205281
9834,0.07468581132467066,-1.2005947420525918,0.8029386901476208,-0.4098307214596545,-0.1152310485041735
9835,-0.05614000130452084,-1.2079292640285502,0.4783049406478024,-0.45292872742828594,0.038871294623567275
9836,-0.024655290077201835,-1.18742558416955,0.7056904287392354,-0.48156470019670283,-0.038189876329079143
9837,-0.054562555957898516,-1.136623019475391,0.5195799453343064,-0.38904523809325864,0.07391067514194499
9838,0.19974414609202293,-1.6008674302247776,0.6093421432978476,-0.4161862368091543,-0.16132733211883726
9839,0.10338080237768968,-1.3840083794767886,0.5802789858640675,-0.40190370072458886,-0.06705359662287616
9840,-0.01826479984113623,-1.0834158083536225,0.5718235935213024,-0.32690615807091533,0.04768686466614884
9841,0.0390934742788899,-1.2236460049122466,0.6832949009746734,-0.3699395496431394,-0.04115780423681179
9842,0.06074287835089964,-1.149185583787055,0.6475126411743942,-0.27821746441647655,-0.01693392722724751
9843,0.13045936200573263,-1.4021921533396415,0.5802310962460964,-0.3281948994662819,-0.05010627230333702
9844,-0.13234267036875186,-0.9811517016741907,0.4225096674290724,-0.35267450803142253,0.17225053339207255
9845,0.29259631622563925,-1.5761304200686923,0.3378788448343812,-0.2552293263637014,-0.011875767392250351
9846,0.38826853333515476,-1.6954433170827627,0.36132914830037216,-0.24534204305263488,-0.06713215204997734
9847,0.2848717973059237,-1.716478276897706,0.3865531762657162,-0.35572650408224715,-0.09714362471445767
9848,0.15631359356192312,-1.5104347633145216,0.6527161535413559,-0.4203819514914702,-0.1679868744992092
9849,0.24151218778387443,-1.4820606888599221,0.4537804335661552,-0.2498576638344597,-0.035895903615951956
9850,0.2824703117584214,-1.7275568550155904,0.4724916524540838,-0.3490607726641316,-0.1369058964416546
9851,0.5802170800870764,-1.7596510089209292,0.3254955407648588,-0.09772567636069841,-0.0587936845044767
9852,0.5569923981313606,-1.9940775356345455,0.2653716708965341,-0.3127711684750175,-0.14913270453681937
9853,0.4723852948249852,-2.00839298973281,0.35490193409168275,-0.31199433882577027,-0.15916232657076476
9854,0.7545074597838223,-2.0553224868651307,0.2753049022823533,0.23343634630324328,0.14351703824504833
9855,0.8040054298852894,-2.069380019570758,0.2041106711293083,0.1422729638711546,0.0909857733896128
9856,1.1539867467211793,-2.133640093502965,-0.03574600891500235,0.045974815872739494,0.026867544909628387
9857,0.6654440906877258,-2.1370642995677214,0.4939305494994831,-0.09950163027357545,-0.14595691858226972
9858,1.1118387709737474,-2.28791924361407,0.039093599239405676,0.14007534205542704,0.07544276994707952
9859,1.3140917914221568,-2.102129500807675,0.03733323287835734,0.6204584010595808,0.35434055137041304
9860,1.2819781598872768,-2.1278346248026603,0.1492516762430925,0.6299805462911057,0.3266223897479517
9861,1.1764211395644069,-2.0512943666728436,-0.27609293674559987,0.5840932417993532,0.5610891112571583
9862,1.7750311818801057,-2.324210456514547,0.04039713183477523,0.3711246671986395,0.07145293665055549
9863,0.3594597706781307,-1.0446375347941896,0.12949163014266404,0.7038802114710415,-1.6173816017066553
9864,1.0844242004518907,-1.5651670269946496,-0.7559939062712198,0.8969827598422399,-1.3549165793973328
9865,1.2438136654467848,-1.495441811504605,0.5016347687561268,1.049075076084355,-1.9178490622966629
9866,0.48255650873662126,-0.9411873510848866,-0.25651762808822653,0.9345093710696106,-1.3137806027404348
9867,0.6775636419499321,-0.9783827400887806,0.06523036557267912,1.6359148751686823,-1.0508655737273256
9868,0.7819602790199927,-1.1517567738203676,-0.6139980197175309,1.0906191764640731,-1.176952366867792
9869,1.0169637343025504,-2.0820189942693212,-0.04067535315239843,0.2687462813761072,0.26372018444218776
9870,-0.1720986314361155,-0.7523573085352584,0.5604546926784794,-0.43205003248989543,0.15855002057337123
9871,0.7267093190109721,-1.8181411591290948,0.1947958050883834,0.08750760192836379,0.13289810531459156
9872,0.061901801287950226,-1.1143258757485077,0.7919132011348797,-0.4309649226862784,-0.07249229277040346
9873,-0.06662909969438444,-1.0469252975840173,0.6932738130316297,-0.4369846665857536,0.013936491142107113
9874,-0.12988053334134306,-0.995413981856571,0.5010974641348913,-0.46083237649576964,0.12954129192746705
9875,0.06927105775174529,-0.8609958153623084,0.2354902758299245,-0.269516801602457,0.27563897206500954
9876,-0.062107841506150105,-0.7017633778670267,0.8228794669251577,-0.42708757481164805,0.05271420508752216
9877,-0.18487881015178514,-0.6254880437947757,0.6403892550383529,-0.5043458741196856,0.1807929899166377
9878,-0.1073061720031457,-0.8508708010103831,0.6821938276042434,-0.5197214398744054,0.06681462568618175
9879,-0.28831220588099155,-0.5172291020027997,0.5429077943221667,-0.49822292588371775,0.25758671229704655
9880,0.1396629227386309,-1.0344166201595575,0.5127812780767899,-0.31763306899733046,0.018785447248471202
9881,-0.050855303611083515,-0.9135228636299008,0.47593133028789736,-0.4374051049471822,0.12450217408686126
9882,1.2493312620976698,-0.15990222726242595,-0.903001433637301,-1.196863358927312,-0.073547274471094
9883,-0.32653848289835774,0.5922324307956642,0.016725902861346394,0.5898814788686377,-1.015993709461849
9884,-0.2214808897038793,0.2907928181281811,3.1367895874157674e-05,0.499713299205517,-1.174313720392011
9885,0.0027527737052632966,0.11931468751897968,-0.2347942061402183,0.6830590241887177,-1.182054156491237
9886,-0.2138501668103468,0.2777418241267075,-0.17482826254450706,0.47985511196424196,-1.1214967071797752
9887,-0.21813129418401558,0.3486911298205767,-0.2369328106933976,0.5610817497196324,-1.0507749551075187
9888,-0.1079180500882622,0.254566724596909,-0.2501600018949793,0.5993002687432775,-1.094049115091516
9889,-0.024412385116860533,0.04689160129678052,-0.380797086440676,0.5409684894020341,-1.1216594845773593
9890,-0.035983865610620294,0.08230527730282357,-0.2326458277450102,0.5060408642846019,-1.2276187446520248
9891,-0.2328749094887314,0.3968458002207363,-0.25363141397917077,0.5393887146951256,-1.0283942192238715
9892,-0.34086064746161765,0.5615514325773195,-0.3122706234456298,0.5224164731389658,-0.9366086273431222
9893,-0.2435718990066157,0.2310025194361092,-0.34069509933511455,0.46268286967827943,-1.020538920664772
9894,-0.06706602883680496,-0.20263181497967803,-0.2952251680051592,0.45435864307346097,-1.2210956868654768
9895,-0.12256983538587111,-0.15340317085679814,-0.36315172255902584,0.42273015747248693,-1.1495079197452478
9896,-0.14028044474914386,0.008655134327062948,-0.15145825002208016,0.47036470768547206,-1.2081746534470674
9897,0.48377002658871765,-0.9218064851847455,-0.18030090545187286,0.6554454018341836,-1.499979861285104
9898,-0.03527683904895718,-0.024886111638260485,0.12454623324032359,0.5623007124448883,-1.3159774693032689
9899,-0.005576547212533188,-0.001921197055978131,-0.21292145302728,0.6224483318638633,-1.1970173243365025
9900,0.00914174770295061,-0.14647393283711904,-0.5289869614051621,0.5541094926176638,-1.1175197877568677
9901,-0.05044328811962204,-0.19443007969380158,-0.10093896821782557,0.45338427564632133,-1.3052001722879785
9902,-0.21527974569123784,0.06897056999020314,-0.2980481946062512,0.39612404040565924,-1.1359230921520784
9903,-0.00795760927240979,-0.03671235971115359,-0.10286559494590121,0.6493589780450323,-1.1987152764971127
9904,0.16992096337002724,-0.09808623285603693,0.3165172628501529,0.708347750944656,-1.4380913537930653
9905,-0.2693027602649348,0.3295175096538863,-0.17976402109902667,0.5519156855427252,-1.073120741086843
9906,-0.0701653162083465,0.024717742265802266,-0.23403529516368402,0.5819721768718639,-1.1373249586098417
9907,0.03807981302583104,0.06473875326377161,0.4159160808833846,0.6047360788193492,-1.4459290388041381
9908,-0.2819136544587252,0.7106480034472202,-0.5746452695361113,0.6160108559651063,-0.8499172608617157
9909,-0.10270214642991833,0.3843220753911333,0.26630786003493356,0.6579340031508855,-1.2549591944904166
9910,-0.24134681276799197,0.4459087405615665,-0.08672363962741943,0.5984583397568343,-1.0502563977981991
9911,0.0024029190975497416,-0.0654491410804764,-0.014607536103069935,0.5644336892328131,-1.3151314731312687
9912,-0.026899479464706656,0.2738396649595941,0.32560315206526796,0.6768185300689398,-1.321480922224199
9913,-0.08527532612841318,0.07852609744917535,0.12680491036458127,0.5586416359347749,-1.2693886097205584
9914,-0.15831813718185064,0.1503212920662781,-0.07197057883558144,0.5460027378154912,-1.1870314402791027
9915,-0.05722965628427442,0.03112333803366639,0.18622733526448623,0.5187560652323954,-1.3336451306581218
9916,-0.10814724190500108,0.11464549490604106,-0.028174020495723977,0.6246704675049396,-1.1845468814696045
9917,-0.05658206938667525,-0.03197320671085249,0.05808941633752015,0.5513439003066082,-1.2852375818125459
9918,0.06072453035253542,-0.08808416655866187,0.34174167170176806,0.5760440705981666,-1.4468302754034723
9919,1.8952769508881704,-0.9727620009054104,-0.8055195485951362,0.9602435289704849,-1.526000810229876
9920,0.5556413876493005,-1.2222946223936462,-0.17297920824580243,0.989263085067035,-1.340027530880859
9921,0.029228968797452386,-0.6802646489641455,0.6313527850740712,0.5056421131456511,-1.675509353969332
9922,0.06682715771091542,-1.3657410663035943,0.9327592673239243,-0.483913951844803,-0.21221492796280558
9923,0.37614083645573954,-1.673636494060531,0.8801252995806151,-0.2902613320563998,-0.2940431663195782
9924,0.18304204805868834,-1.4644598200033805,0.8546587500519853,-0.382706580665769,-0.190611388148105
9925,0.19277507758096565,-1.548164613413442,0.7663496768613991,-0.3553543947184715,-0.18562360217872398
9926,0.24146721972063015,-1.6446350277205486,0.39665084528009376,-0.29050288792104717,-0.02408133479085674
9927,0.4435273517103269,-1.8183125058843015,0.9532513411739255,-0.30787961534008396,-0.38526037566057064
9928,0.12247036703285229,-1.4804105851311966,0.8017594108106844,-0.45534444194408547,-0.219007631206099
9929,0.18526874236868918,-1.4861126738510075,0.433923879093368,-0.24446792011765925,0.0212061349891027
9930,-0.21658821367554754,-0.9450001357601352,0.7033629399281603,-0.44054327161266466,0.10108547926405403
9931,0.23934813911004701,-1.4720646667997166,0.46861953501626946,-0.2768530635763971,-0.012096455361367933
9932,0.175184163004503,-1.320212229115026,0.8382474695940698,-0.3540417453485193,-0.1350640481902875
9933,0.3131645745786875,-1.5250659980570849,0.8101457821386715,-0.3543764272866142,-0.23794242081985253
9934,0.051910929871391794,-1.0640053187409837,0.8609111889653221,-0.3763736529676556,-0.0509452863713251
9935,-0.03301166793402057,-0.9427729291696073,0.23123453384350698,-0.25887370846895225,0.23212094224827806
9936,-0.11452455662176543,-0.4988767738261866,0.2477597584116261,0.66213641581959,-1.3872995461347841
9937,0.4814961757445237,-1.3737969538885377,0.45859019088911196,0.7163505651098836,-1.838421868217698
9938,0.27160163929069386,-0.7371409941096104,0.5104115395056247,0.8489237310401433,-1.6359092394464736
9939,-0.14815963456312303,-1.1699228679379254,0.6409996210821091,-0.3434592144767103,0.0699357044588495
9940,-0.1938059170027901,-1.0697369387268219,0.644033566462165,-0.301885386793199,0.14020443031650218
9941,0.018960912274937913,-1.5143283349080672,0.6542849624062596,-0.3039401420976757,-0.03635278987286937
9942,0.11257015875550178,-1.687015812282161,0.8727942194582182,-0.4330307985476712,-0.21378886043700474
9943,-0.06893724561916027,-1.360943061457924,0.7441308160805827,-0.3933809436068114,-0.030321601209853312
9944,-0.22274279160087854,-1.0991148924557586,0.5127985315038346,-0.28304373218077633,0.1963077488715768
9945,-0.039062894487178354,-1.28789225447684,0.7653307147881745,-0.33666680256221093,0.01119985982435714
9946,0.013751294925382254,-1.2839047668332464,0.6212054705003006,-0.22399690377726608,0.04448887021114731
9947,-0.16894727643763377,-1.0640909877036318,0.7453793664162532,-0.3261009685283447,0.08966613224825887
9948,-0.26201778479376175,-0.9570795777903522,0.3901969261522061,-0.29036285756372776,0.27786661975745813
9949,-0.10211594472726705,-1.0175440608604138,0.6923403236565404,-0.2442696722337516,0.11589189122279028
9950,-0.21247242845091652,-1.1196820948330173,0.5832656366704376,-0.4065252044655589,0.12615907422114694
9951,0.022107688502534258,-1.3339023834837525,0.6470816390435421,-0.270947261295081,0.018020692813051926
9952,0.005680271610062002,-1.39912452991878,0.8663035996791014,-0.41618594764333267,-0.11353514400255812
9953,-0.04958363811917099,-1.2362532862809734,0.8567053453756237,-0.42278316475962735,-0.0466626579332612
9954,-0.1559186243808025,-1.1206356087092104,0.3857159815698089,-0.2534248829181119,0.2287044292785933
9955,-0.2662162436811749,-0.9652688269373777,0.5233609430768684,-0.33057890347337804,0.22918636191815164
9956,-0.2966845103708294,-0.8006721183214621,0.4608218454873668,-0.2362223367722239,0.3387358654798072
9957,0.006771912256420034,-1.3532361115240787,0.9018711600671071,-0.43190723789259505,-0.10507074198664
9958,-0.06841241571678783,-1.2413153430379344,0.7611814127450969,-0.3659647274400224,-0.0018740927640256333
9959,-0.31650526041148536,-0.728039120494911,0.5732977856665464,-0.288766741094737,0.2965843629970909
9960,-0.1879912944761575,-0.9624762963615968,0.6700331785893194,-0.3490052361556269,0.12079730176803974
9961,6.894987852105905,-0.47518798353207936,-2.2597682275469615,2.4545074470008994,1.8598764861346477
9962,0.06089309617864346,-0.7692474451442564,0.5640665530553465,-0.5082486699302218,0.07457061194854597
9963,0.04162896209730889,-0.7287748549952172,0.41917452313991554,-0.5000965093759419,0.1574387465065967
9964,0.29371864555508453,-1.032345380524888,0.45742375367902516,-0.3160456907646339,0.08878640093242135
9965,-0.020519443542196984,-0.7255036251079408,0.3443775266597582,-0.5464835523765161,0.2005178342933012
9966,-0.025247510262540525,-0.5888567121740035,0.42562097256235276,-0.45921512143253673,0.1876772876301453
9967,0.03332415830927588,-0.717775555586496,0.5845963834998167,-0.4563435249212864,0.11437562388918578
9968,-0.07005819204667482,-0.5017370300843997,0.47919281294374716,-0.4433945839473835,0.23688477933582244
9969,-0.015715453712870715,-0.5373187290670942,0.471327825508066,-0.3030443968122818,0.2306213943958947
9970,-0.06374130562340297,-0.05856641074688515,-0.05448511671859622,0.5984305801294093,-1.2254282551233344
9971,0.15075637108461304,-0.38926768880433027,0.24942550323998922,0.719785436598326,-1.4133508833352408
9972,0.31076426328511947,-0.6249945173756235,0.03378818879037835,0.7415112755703068,-1.4442974297798619
9973,0.27068076740285296,-0.5851615926496675,0.08488788176935351,0.7322746104871943,-1.4378338746391783
9974,0.21949876673206065,-0.6460545522069371,-0.09864792959648609,0.6609278460132049,-1.38437820738699
9975,0.16297538477924153,-0.614605850307646,0.19278878986157785,0.6831033386678339,-1.4582567297354543
9976,0.3797425841297368,-0.8265474462943676,-0.0684525967092283,0.7152691076139428,-1.4895527605603605
9977,1.199547252570217,-1.6381286505299617,-0.08064526301604018,1.0857363826872264,-1.620273031501109
9978,0.2716084492578759,-0.3796377378336349,-0.12177019351035957,0.8062981927690928,-1.3304136408232383
9979,-0.009313696193278735,0.061425869221707355,-0.06306545092041972,0.8226883248103937,-1.1698666087114649
9980,0.12307980596201439,-0.3044188092317489,0.27455901658415116,0.6702844466553088,-1.4334467357782077
9981,0.12438999368196325,-0.4417046031509337,0.27118988930456794,0.6401579184331907,-1.4889969436772603
9982,0.010838418331676971,-0.33758005848080497,0.0779679382596344,0.6620833949783003,-1.328136987712301
9983,0.10262980760899407,-0.23004227353080134,0.13692455869259199,0.8466042586463035,-1.3458234786551846
9984,0.22484889118220913,-0.7645850276126955,0.0982555838638735,0.6389431862035667,-1.4821357728388864
9985,0.14337694451581134,-0.6179407501025437,-0.024567980989423685,0.6834997971337887,-1.3964937492284883
9986,0.26910593661484405,-0.62907860076989,0.5538718413424165,0.6210263091897081,-1.6595547174112366
9987,0.37415758576180397,-0.7036508379269146,0.20260492986777454,0.8265451082837443,-1.5472850962114797
9988,-0.13240430717098187,-0.1237752708742008,-0.19753430575168723,0.7319937732429858,-1.102001037167259
9989,0.16150392127253385,-0.49587791763416494,-0.202033708744492,0.7720294484847113,-1.2591322736033228
9990,0.018269915497646422,-0.1220268721936983,0.3040144796037406,0.8021816996944959,-1.331578176511234
9991,0.6551296672891855,-1.0554008992382804,0.39411876955641834,0.8390392708111774,-1.7115893092788088
9992,0.39870473252990013,-0.9029807638189371,-0.052997757251091106,0.7271520376741089,-1.4755826144634996
9993,-0.023153598711651156,-0.4289616518138699,-0.2802751285378982,0.589718541002704,-1.2221584098210616
9994,0.35955653262558346,-0.9148905247769618,0.40722141739440293,0.6479939177937514,-1.6957995747178625
9995,0.24113779129038396,-0.9461329661418837,0.09135187050555515,0.6764693630614961,-1.5392740063657522
9996,0.19071631761788654,-0.6842988315176161,0.16154991145481643,0.7839272994953183,-1.4278801432945476
9997,-0.03997027830049034,-0.47380758847921534,0.21708811243121914,0.6100277708096901,-1.393907611532842
9998,0.3419753277979645,-0.8504102237143762,0.1917646294479516,0.7775533733242116,-1.5366270395394312
9999,0.1308449125770807,-0.6146520222142096,0.15196096950786137,0.6932106777934552,-1.4308836772381752
10000,0.18890605668008253,-0.5357324803708234,0.4886780326038238,0.6283909868005354,-1.5870775278350342
10001,-0.06918500221755307,-0.3125300044573643,0.22144123351333292,0.5907770226427108,-1.3590994710630842
10002,0.17439850017457587,-0.5539901320851065,0.11287771965251843,0.8159679723176745,-1.380966894135875
10003,0.11696964446617363,-0.41143883431721423,0.2638759613147584,0.7720898261942261,-1.4189621549873999
10004,0.49295098050857206,-0.8488407249816454,0.3935445849894955,0.8167001344379173,-1.6460629971304905
10005,0.08178089355742652,0.08606579300872604,-0.2873389864030232,0.879355138725856,-1.1149099928892745
10006,0.11580920794563924,-0.3990726554054997,-0.04156713992498631,0.6580952208383989,-1.3552750960320081
10007,-0.15051735321404372,0.017678212592436855,0.14481852660952602,0.5964687654549657,-1.2535604207668838
10008,0.01504827436952365,-0.3375498705900066,0.10466425279231564,0.6633576945982702,-1.3639174122346227
10009,0.2715684187528138,-0.6267400696538404,0.5031972620339208,0.6399356460771826,-1.6338547561436738
10010,-0.13177413374709504,0.39916741845453013,0.39764954550133363,0.8573230950726839,-1.2171378189161088
10011,0.13823506822009282,-0.6645470895433506,0.31238362202020536,0.6265964418862805,-1.5455767622388126
10012,-0.09287574099668947,-0.014199505334416126,-0.06890355789766628,0.706259183300162,-1.1749010810718485
10013,-0.05314755694181995,-0.17367385574800884,-0.10611924439144678,0.5837222593206329,-1.221035506421332
10014,0.050395009342958264,-0.47139812620580634,0.48671729101698874,0.5966661193181315,-1.5189839549682376
10015,0.11227668529946262,-0.858132471093691,0.144250654174538,0.6553597873359325,-1.4956484389447429
10016,0.6478846952897889,-1.2713291047316775,0.12376946781536012,0.8781076879342493,-1.6565971909334158
10017,0.10646781796505597,-0.04041101734190944,-0.2993749804525961,0.8671039758913199,-1.1039923132165657
10018,0.020351881427746785,-0.33338897007959345,0.16222003367575155,0.6618324283428785,-1.361452465791984
10019,-0.0797211503092299,-0.05025247419377033,0.19312585411983568,0.7221259618618076,-1.2769293340537984
10020,5.917872467573113,2.3251061147072525,-3.348313172939197,-1.3803749833456351,-1.5762986869859468
10021,0.6819266128195223,-0.8575314216034524,1.0650693411112846,0.6096594429414569,-2.020318930604544
10022,0.0064688983117065614,-0.08398282509626702,0.40205144067271953,0.557997079908739,-1.38868496158383
10023,0.04123897773638057,-0.7533466769099122,0.5987355723477112,-0.38418207396290416,0.10804904075504325
10024,3.952760632399048,0.7081443752620071,-3.060408522591888,-0.8758343564366875,0.49347892957848455
10025,0.810720897238547,-1.867408706490109,0.3485755709191074,-0.28910428626485435,-0.24920787920842621
10026,1.4499261163412989,-2.065038704320969,0.4368929763914631,-0.07592564730101709,-0.3242152638347048
10027,3.822393909435054,0.013970887375399678,-0.4454788292917894,0.6961541177554335,-2.126492890659303
10028,1.7057833326131553,-1.0567836135846196,-0.8953715309751462,0.6481959707653072,-1.5467757155480406
10029,1.0126022286909846,-0.6497529543952636,-0.4519435396266767,0.33213061765632834,-1.745435040571023
10030,0.6079028924966846,-0.9756297701495881,0.3363962587278898,0.639530271229245,-1.8204276601877836
10031,2.5441267001908034,-1.0534992085609198,-0.344307185533016,2.9944904641672263,-0.3185903066546257
10032,2.675255686841429,0.7171552747579073,-1.7619052398527235,0.28156307779598555,-1.4500087246561526
10033,0.9911138312338477,-1.2903820289050012,0.558021628892596,0.7486719342621163,-2.0052038092460114
10034,0.4595260225878765,-1.344714402504081,1.1955375530900498,-0.5910106336273364,-0.5030215174470425
10035,0.038849673163920476,-0.8815045034623832,0.31300930831217555,-0.6084412639532453,0.04806453964823218
10036,0.45566028090849986,-1.275046142220792,0.41034243520718044,-0.44860530735386017,-0.1426034805527692
10037,1.9468053090649229,-1.3736313441786812,0.07212516468646586,-0.2393981386418823,-0.3871563684357914
10038,0.6595165899712688,-1.587444198231682,1.3249718671297204,-0.47680943602696635,-0.626784306050981
10039,0.6035481276541991,-1.2310561431409761,-0.5587598489838606,-0.7100197371141074,0.05430217708931367
10040,0.02140923556952081,-0.5218183530420163,0.08207102142429111,-0.6464478360999879,0.2628919941670165
10041,-0.2517475543594213,-0.5017021584760479,0.21666863547381057,-0.820744990249212,0.14766874634571797
10042,0.2527219863541777,-0.16625451090471968,-0.17321348017790164,-0.13968918802300256,0.57751082850964
10043,-0.36081285924438916,-0.4411320440489231,0.2969320607861364,-0.9446653644868341,0.12235477940482098
10044,-0.37435049454098984,-0.2908156442695554,0.2560027815143107,-0.8608252745289982,0.1987235880600111
10045,-0.31138491852309363,0.06305722733920167,-0.12518874529018478,0.12427035530636152,-1.3249099040827184
10046,-0.3701356603703454,-0.41035712623267867,0.2899072468287218,-0.9112677267129305,0.14576022587468432
10047,-0.3450066466154445,-0.5397425178370292,0.3186133639144874,-0.9979241516675118,0.07540782457598354
10048,-0.24509753940651044,-0.604771560583673,0.26532002340458555,-0.9255981623587064,0.0848135048607514
10049,1.865057097819947,-0.8300213371746286,-0.8883305874110183,1.2262277731734024,1.1441089650211245
10050,0.4970704785691367,1.6117077578387526,-0.6585280027819818,0.42172923534014584,1.014035750588793
10051,-0.36937118162050003,-0.2519718294714641,0.2639561188214545,-0.9489504975812122,0.1825771936724456
10052,-0.28471663467267455,-0.44563263390133007,0.24165061861686868,-0.953289597869408,0.10815298351114934
10053,-0.29682733438956094,-0.398521899128003,0.2627153792609659,-0.9595270083449075,0.11791046700469568
10054,-0.3309142465296958,-0.3291383803734844,0.2710578956372357,-0.9774373124677255,0.13830328223676197
10055,-0.3217614357820732,-0.3615831980586144,0.26035168268824904,-0.9621015479624276,0.13668777415054267
10056,-0.3148130353625335,-0.36297198631233235,0.2724802750926357,-0.9602656267001807,0.12920413162261946
10057,-0.2613319993405459,-0.4184811973640886,0.24301935113352335,-0.9761279351494939,0.10091409854159773
10058,-0.27108340919573404,-0.39174032619780413,0.25208193228799525,-0.9715071849062066,0.10728868100642776
10059,-0.2933227869851012,-0.35711311817980906,0.26209982327373194,-0.9857566836744496,0.11608479466805871
10060,-0.2939144739114483,-0.33965360847360054,0.2550354397122701,-0.9740905685059936,0.12318933183889855
10061,-0.28564569330282874,-0.35096214511457546,0.25409125913191644,-0.976436607145929,0.12652592085358316
10062,1.510452941721898,3.929303460134823,-1.707692450207182,1.0700042609694553,1.8102980080789743
10063,-0.39363926121537274,-0.23605479396388557,0.276265485736557,-0.8920609546944513,0.22258431491344932
10064,-0.3559944951642733,-0.45782446900554175,0.2970413119441671,-0.9638733310116204,0.10397126529313842
10065,-0.34562467635784155,-0.5414073596281789,0.3124090718027444,-0.9794016305401374,0.07533556512331653
10066,-0.37671269065029644,-0.4557353923779971,0.3144417079021876,-0.9905160273437034,0.10575597950926426
10067,-0.38871616627557914,-0.4259832918417546,0.32147118067631725,-0.9779745123645389,0.11654091446220205
10068,-0.028009622387160905,-0.42473283853750105,0.09696242425548987,-0.6504923457946284,0.28036439596609397
10069,-0.39561218825455,-0.3922950348240417,0.30957888036674597,-0.9774666077596426,0.13082678106715598
10070,-0.3993778687667051,-0.3982775586278468,0.3204271637030231,-0.9760813877542491,0.1281612496640151
10071,-0.3896214519365716,-0.43580395493436747,0.31040157247685074,-0.9674204917405081,0.12200073469397775
10072,-0.38999370057904986,-0.4533208314623797,0.32321366177020344,-0.9842707024592626,0.11083076499554483
10073,-0.3795911766155765,-0.4722246878494589,0.32225834070504905,-1.0079919201660648,0.09861750027349162
10074,-0.4058740672382588,-0.4171278193503094,0.32890526028230394,-0.9859704509062344,0.12250422621902565
10075,0.0696804956861403,0.25330219385688085,-0.14257673169578786,-0.21722897204481614,0.614838032185287
10076,-0.15489937765631254,-0.2581708760629972,0.20162397798376197,-0.8401484907819867,0.23380537463675954
10077,-0.19755141862296843,-0.48778214873632664,0.25220339386274504,-0.8876676943599906,0.13807227930341057
10078,-0.3157584254649071,-0.059761347546631205,0.153459118028594,-0.7455466232765608,0.3062192814343524
10079,-0.3503153851599417,-0.31310361728927877,0.29353724687971144,-0.9861289507956318,0.13599213988575554
10080,0.150972821339449,-0.528035949306786,-0.010580730385782604,-0.5095936416930418,0.29338589908071216
10081,0.824499444711386,-0.673516491800179,-0.40054294326683854,-0.060826875563798365,0.4113764368750065
10082,0.045088966104628946,-0.4683411126088089,0.030676944307247867,-0.5277027014247262,0.34247734950368164
10083,-0.3740876480725026,-0.4845118947629971,0.317894077028772,-0.984213059280903,0.0981103483660414
10084,-0.3138357431695205,-0.4888382737038942,0.2755612760144565,-0.9255776767978394,0.12834971641020895
10085,-0.3552447580521942,-0.37623891913719537,0.28048505415929853,-0.9106775974791261,0.14844239528924455
10086,-0.3825140177541709,-0.4547516569387746,0.305260672719073,-0.9474971802549026,0.11542275229000372
10087,-0.3973808215857139,-0.45915474984461646,0.33473983984903083,-0.9939430886323576,0.10703116325171762
10088,-0.11326322610708191,-0.43580927412705195,0.14204634706476776,-0.677999633870831,0.26641970408599647
10089,-0.43841513176309943,-0.3034674286238579,0.32605754626465255,-0.9545270835865313,0.17019608004024922
10090,-0.35792823116798234,-0.39827888361720254,0.2938355126935132,-0.9241969263556936,0.1624467326934972
10091,-0.42989305339073197,-0.37852453860883123,0.3388715414695974,-0.9858330732714032,0.14432558891389044
10092,-0.1072279320160963,-0.563984921315165,0.18067005170412598,-0.7574052039680899,0.21870938913247373
10093,-0.44235231832610816,-0.33766439191927705,0.3348520987148342,-0.9767949234000445,0.15925242852264462
10094,-0.4408736989955923,-0.36118095071501866,0.3471383426821545,-0.9876369431985966,0.15305743042466977
10095,-0.4376891777753284,-0.3539973204626505,0.3412557429783631,-0.983380299861864,0.1514053800919289
10096,-0.4331870688738852,-0.3876919152688793,0.33898033621337087,-0.983584670047469,0.14118444688501008
10097,-0.44998572197837655,-0.35412283673445316,0.3580539264504715,-0.9889307873199032,0.1502912507774452
10098,-0.4434370854295829,-0.3610541991121821,0.3470113089343074,-1.0050934850859212,0.14677444877585508
10099,-0.4575677908225551,-0.31915673274529527,0.356622246756471,-0.9942060352629376,0.1625863155359723
10100,-0.4519414786848661,-0.3351961343248544,0.34726886960931513,-0.9964898674132756,0.15746817711460714
10101,-0.03390221044249498,0.05406024026971843,0.0077513548310531605,-0.5200862939773011,0.4393316987019452
10102,-0.47410293870270276,-0.1278128516203296,0.33249345512538886,-0.9642389679031059,0.22080130092455716
10103,-0.3744600540789432,-0.46410334271379167,0.31894568058526046,-0.9934799495776846,0.12203036083114867
10104,-0.45571999616770487,-0.3001007485307164,0.33000375046122776,-0.9261589483437689,0.19062124475367678
10105,-0.44684236961991863,-0.3703722739629589,0.34788222888416914,-0.9794345744922767,0.145683131314026
10106,-0.03966326434950297,-0.5506344861837433,0.1410095955495494,-0.72115182186526,0.2404388765839317
10107,-0.4541750480024974,-0.2988346055171784,0.34963126166679753,-0.9770257750030739,0.17345680637458724
10108,-0.4598978913609175,-0.33443834535344086,0.34482999826598193,-0.9682148936649008,0.16338515897298847
10109,-0.44164814659702883,-0.41161498082406195,0.3529627478513095,-0.9889657687443427,0.13444593795282136
10110,-0.4396277106005595,-0.3925002137307324,0.35070264617564095,-0.9846044210680869,0.1394234768375494
10111,-0.45864851583478006,-0.33480713945373486,0.3424598946394262,-0.9578908962597749,0.16779736113363725
10112,-0.45688027777463946,-0.3624419729154109,0.34851406094428494,-0.9917037633860301,0.15372804329014989
10113,-0.4571492667878566,-0.35682113526235815,0.34788030227065037,-0.9827066199791814,0.1528284014052272
10114,-0.4650869224153554,-0.3122289767049911,0.3602679118448514,-1.004581282367801,0.1612830463144331
10115,-0.46021329945051037,-0.3230402954486397,0.3569828786968972,-0.9995981847907125,0.1550768920022554
10116,-0.4645339293684856,-0.3187394003193586,0.3539031607360865,-1.0112873965613576,0.15912715639591693
10117,-0.4496850725083536,-0.35677761521329715,0.3605014777210961,-1.0194659363850886,0.13829347902772704
10118,-0.46093662389224266,-0.3159117241746904,0.35884974643962636,-1.0136322664156112,0.1548945349633065
10119,-0.44364886827087996,-0.3590733629927206,0.34838297646771105,-1.0164845154313251,0.13966391681356344
10120,-0.4381964115861117,-0.3901526337954705,0.3591797866431632,-1.030125709582458,0.12768809507613385
10121,-0.42553644591735557,-0.3898336870964555,0.3473092904116677,-1.0125097854498213,0.13216526797266734
10122,-0.45024413405305835,-0.34082755648558893,0.35516648441058796,-1.0174503863398334,0.14561466717494925
10123,-0.4527063277122796,-0.33735673338861794,0.3550087066552355,-1.0131093041626085,0.1471396180464372
10124,-0.4315036404954056,-0.39192429350671415,0.35320228723046837,-1.025514369548478,0.12157073298864302
10125,-0.4524400922391873,-0.35480257916864977,0.36019663244562256,-1.0216501238552718,0.13872939689756825
10126,-0.436898604023236,-0.369997957067361,0.3514023290109385,-1.0127298584136704,0.13160790009196793
10127,-0.44963769034117734,-0.32941820485319057,0.3586831760995088,-1.022378099859049,0.15033414546691568
10128,-0.4447985916535394,-0.32506834513019184,0.35155517355372196,-1.001282454997911,0.1517832364982756
10129,-0.43467816716266494,-0.36520594082347124,0.3609712068061723,-1.0302062169934092,0.1280192231540555
10130,-0.44498556420134355,-0.32251740083920577,0.358408836445843,-1.020224682258623,0.14605557945463035
10131,-0.44155556590585515,-0.33971964538890365,0.35437808604264975,-1.028625601916045,0.13883669004478585
10132,-0.453758957609815,-0.3036370621781751,0.35788442144251975,-1.011960495578225,0.15301332234721415
10133,-0.4410881409887501,-0.33773329292636495,0.35907733961694105,-1.0371471434109703,0.13650680951235497
10134,-0.44208959280109267,-0.35838853878754895,0.36227149017422805,-1.0477598957562315,0.12897075363202695
10135,-0.4514711112058825,-0.304849352205826,0.36147580586770633,-1.0378638347834899,0.14646708865754382
10136,-0.4408737996611476,-0.3507788268152416,0.35386023833535385,-1.032951502348297,0.13210335150702823
10137,-0.43479410478876074,-0.3644492542780701,0.3503004279865053,-1.0380503462891033,0.12739703610737407
10138,0.27743122741502513,0.3597901496617445,-0.2821049481912844,0.12964185774961287,0.9068211908773145
10139,-0.36568680651227115,-0.23301101704205848,0.2981310471051102,-0.9126795130816057,0.22330071446645192
10140,-0.5245448904829906,-0.21669027932969537,0.3590512354265646,-0.9281731320798399,0.21994725444514396
10141,-0.4874112841617203,-0.4483247352540144,0.3795751090921764,-0.9927017823750025,0.14167660113211625
10142,-0.33000876582955047,-0.4401283485373088,0.29143675302186084,-0.8550234679120103,0.21972484600800782
10143,-0.45944136358453036,-0.5071152237795441,0.3738257566085888,-1.001749872355021,0.1156654737904139
10144,-0.47881508287856306,-0.4406426199034839,0.3865992000059139,-1.0252771030564742,0.12647730330381812
10145,-0.46825440083803976,-0.47066102494912376,0.3759765278044456,-0.999701931209339,0.12533945803245272
10146,-0.4598438380241523,-0.49119932541612044,0.3886590340451607,-1.0322362121460291,0.10794338797862756
10147,-0.479922528980542,-0.416269440661188,0.3714470045058608,-0.9968567684205006,0.14157884659724654
10148,-0.4809585882800684,-0.43214768981386203,0.3947859684996982,-1.0240003339515589,0.1286321674616249
10149,-0.09871973499790095,-0.47878385619151187,0.1293848693292598,-0.6520229578069998,0.2537959002183434
10150,-0.5045010950551556,-0.24261078259975608,0.3817757548750057,-1.0413576638572328,0.1807828769462096
10151,-0.4539910957957813,-0.3759560000288632,0.3673324993353774,-1.0516471843859345,0.13257241256001967
10152,-0.42873304772771326,-0.41502817321448665,0.36295584072491627,-1.031101555479317,0.12423259711969822
10153,-0.4553687489749416,-0.36440365775822553,0.36469921150398743,-1.038001321904875,0.1407416174258604
10154,-0.4410769874238778,-0.387331823624614,0.3687241219349257,-1.065044098523006,0.12025411607027739
10155,-0.42744569338006433,-0.4205809361020541,0.3657636478261571,-1.0578679313708585,0.10347549457877463
10156,-0.4170018057222401,-0.4253809171037381,0.35895814523202957,-1.0444315307355558,0.10917328892701174
10157,-0.40810835162160275,-0.414719018874906,0.35625743318305675,-1.0681523867787595,0.10665256376542775
10158,-0.39999385013491034,-0.42061407665434786,0.35228657910675615,-1.06390564464672,0.10302484144178738
10159,-0.41427424654162653,-0.3985749220225093,0.358466964876953,-1.0608565950201412,0.1134541206525652
10160,-0.40190578813775135,-0.42026514321980196,0.3596615114000754,-1.077015043698011,0.09663789693963667
10161,-0.3763636214148066,-0.493503145441387,0.34534574194299955,-1.0883007174034867,0.0711215534067086
10162,-0.41328765170158976,-0.416229167796734,0.3641531757020985,-1.0740740293990387,0.10169779726070564
10163,-0.4087519129367638,-0.40589561546251723,0.3594830671897792,-1.0683209857100815,0.10630771621050367
10164,-0.4172595720691041,-0.39179960065150476,0.36414478027453173,-1.058955199666142,0.11311290332267335
10165,-0.41114918524024313,-0.3994758151556394,0.3588747735341874,-1.0781742956633507,0.106127804719686
10166,-0.4154531476799099,-0.3683193457536458,0.3589969387421103,-1.0702750473343492,0.1198450804421963
10167,-0.36202304863831264,-0.29890615213065275,0.3242505495693073,-1.0495704862195367,0.15180515550503645
10168,-0.4178766738118197,-0.3156227294221434,0.35747506325690104,-1.0930116388335887,0.12287493368347796
10169,-0.4206505791029008,-0.3009983719227423,0.35954399483865485,-1.0930458390724986,0.12229738514058976
10170,-0.4240426573655358,-0.2843041425754401,0.363838470632717,-1.0977371493858041,0.12773341724967746
10171,-0.4232890844245095,-0.2730715765863095,0.350179327654181,-1.1021488393111372,0.1320034096213692
10172,-0.4274659370872718,-0.26511567062957175,0.34713597417690434,-1.0755787955394285,0.143506724297668
10173,-0.41664614246587983,-0.29526650040660646,0.3536292650773015,-1.0883273638412072,0.12519541102983336
10174,-0.11663191912571458,-0.44894393899403423,0.19687833102453,-0.8703583097885865,0.18211850127255422
10175,-0.24768066131390257,0.22041207001714014,-0.13088319233228102,0.1255512709744938,-1.238946854895537
10176,-0.413591371282086,-0.2308401122362751,0.34317051384805886,-1.0775604513692973,0.1444915821024095
10177,-0.40124601365832424,-0.25318901541730043,0.33688694815016396,-1.080475195601879,0.1370385344455849
10178,-0.399363948525876,-0.2592269422748668,0.3284652231078635,-1.0587718177201004,0.14061395924741749
10179,-0.4190082835831589,-0.17907213041535833,0.3410086060399896,-1.0678847073449098,0.16562857580325416
10180,-0.40573527119359837,-0.2348772057360854,0.33001101523112286,-1.0683676455244389,0.1488081497946219
10181,-0.4008748082231482,-0.23241260721741072,0.32196634704945354,-1.06761696828147,0.15065565264552278
10182,-0.40565117026608133,-0.2363831496471962,0.3334912909902011,-1.063627223391542,0.14796031058796236
10183,-0.39852803092987577,-0.24336761908877502,0.34275290832853617,-1.0799817218172252,0.1368736056891919
10184,-0.41226975149303147,-0.20845634447444197,0.34035865848180547,-1.0514525946300237,0.15718279215560388
10185,-0.36048850681404837,-0.25716758868321354,0.34812304703994185,-1.0430342981515244,0.13704708263623522
10186,-0.4042375900373478,-0.2370657422437497,0.31892678824697784,-1.0657029058498306,0.14913096711889437
10187,-0.4000264490862617,-0.24539739377531514,0.3339970729528041,-1.0551501218973909,0.14304128166800162
10188,-0.3370616019822931,-0.22966476217664344,0.3456960838908748,-0.9974590332772801,0.16033552772554616
10189,-0.317644984161143,-0.2940194401548708,0.3112002609043793,-1.0152381026420232,0.14772065480462107
10190,-0.3554238705185202,-0.20964484501421699,0.30698181663720253,-1.0108760241605963,0.18022559009543665
10191,-0.40098538676557133,-0.17986338944787833,0.31582141685226306,-1.0373939123376141,0.17214948133505423
10192,-0.40185932209722863,-0.19786967359329066,0.3359552384128013,-1.0676573815105979,0.1593616935876412
10193,-0.3920717199229783,-0.2366064997876371,0.32285096269231384,-1.0675551176319884,0.14911258757159546
10194,-0.3736180813052893,-0.22797126476144122,0.3184375214084691,-1.0614195884934874,0.15550293785318112
10195,-0.3875656835024716,-0.20353862048559582,0.31289363654982405,-1.0163573052727675,0.1725717799004918
10196,-0.37133356655979244,-0.19670565798686976,0.2958094644147246,-0.992930426512046,0.175285650137671
10197,-0.30526245838115795,-0.24108675665841453,0.24381472512168623,-0.9308954159686952,0.1884768925683472
10198,-0.18785545345078977,-0.3510692984941312,0.22160074614296613,-0.9583605663803468,0.14045753247107923
10199,-0.38634048137213867,0.4033461083779097,-0.10330985597656187,-0.09157574062500197,-1.2981016591281902
10200,-0.3687440119730993,0.36854960962366423,-0.09695086207981338,-0.08501401648461696,-1.3067684234428136
10201,-0.12880840177741146,0.10975706293542607,-0.1658152003132024,0.16285733480032202,-1.2903710022792558
10202,0.5364624430122774,-0.23151600311053525,-0.45164850214777635,0.7941788639837786,-1.0288910034886234
10203,-0.3062326068122937,-0.13446856954996173,0.2724023770157586,-1.0571239502608678,0.1722834080508066
10204,-0.23942256479585564,-0.1903967322026166,0.24022858191283067,-1.0410638265467835,0.16506264134883425
10205,-0.30614219349005206,-0.09316997438611145,0.2619316318520446,-1.039136147135247,0.19716573229960738
10206,-0.27821482578537543,-0.12188423123110755,0.23719137694281214,-1.0393351924443208,0.18664820315192124
10207,-0.30298311120295685,-0.13044953178680108,0.24702006736095072,-1.0915616265553223,0.1668407959715736
10208,-0.29279306304440217,-0.0969554248984011,0.28042393337147403,-1.0744828738642245,0.1678950001924019
10209,-0.30336224789974003,-0.08843958931688507,0.28297977206083946,-1.0416029423966886,0.18733420474872442
10210,-0.3601683305926545,-0.04061200351668204,0.2654920970150753,-1.119068823911664,0.18613542046447107
10211,-0.3608750243909866,-0.05717482506728521,0.2940393227912806,-1.090243451626602,0.17683815662364566
10212,-0.3383926146012878,-0.08509716971630728,0.29350827315399713,-1.0705941456657952,0.17439367953254253
10213,-0.3132967295307027,-0.09152712201140052,0.2881119477318289,-1.0788633422270075,0.17085604887417188
10214,-0.36664198848157903,-0.06062537528159527,0.27148757665867,-1.0891324769056814,0.1868835592298826
10215,-0.35746007710407784,-0.08264853761596679,0.30524927172048283,-1.094818197955818,0.16452155119024164
10216,0.18886963839386,-0.4538908889150358,0.0623138015377697,-0.6268523477737978,0.28975745812197534
10217,-0.35856687988470387,-0.10059507157121082,0.29924926109153044,-1.099263132960032,0.16090558360872953
10218,-0.36731307720538786,0.04055025970625582,0.27284113032958884,-0.992903368278281,0.2240418840919043
10219,-0.2491787888005815,-0.1342088133306413,0.22734479585596287,-0.9829218170554177,0.21090739663246377
10220,-0.3639897860004989,-0.019591691261937896,0.2734548709988135,-1.0739289556049927,0.19389961548687326
10221,-0.41367937989922837,0.24082396969717235,0.2509043530067678,-0.9287717246895563,0.30765475911727647
10222,-0.31214125661743075,-0.12380518903708526,0.29520580898036614,-1.0907451125647623,0.14753089129835315
10223,-0.3882759124589949,-0.01215957252573715,0.2703664800249653,-1.108262889705502,0.2032709788228323
10224,-0.3845531186730615,0.04882062093853946,0.2959556523915314,-1.0400625771817928,0.2208770534606926
10225,0.021431923197690536,-0.36789736011437285,0.057130870589379046,-0.7083565552410732,0.253210371326358
10226,-0.5465015193909075,-0.1233484668959696,0.3600453056434131,-0.9669356176480626,0.23432141244819932
10227,-0.48274247733031667,-0.2631515182378769,0.3584722690189863,-0.9713242533693435,0.1863734306313772
10228,-0.47955144292963936,-0.3069569412826243,0.3690004818756207,-1.0194562780355405,0.15834028404455103
10229,-0.5197814409192526,-0.16972307618999052,0.366491768907143,-0.965647177114009,0.21926512724084157
10230,-0.5018466314417281,-0.1838861930113685,0.35150843550898603,-0.9846248100980486,0.2090543200133611
10231,-0.5178378632873122,-0.2335990308582142,0.37040718882970414,-1.0168232662862202,0.18484058455708136
10232,-0.47842158749304853,-0.25034871456651253,0.3708306873136784,-1.025883065288091,0.16893475331979088
10233,-0.4609327308708029,-0.34834301008484037,0.3699997261495783,-1.0615816344885796,0.13184917520051723
10234,-0.4862797814881802,-0.24436369574691755,0.3683941354707615,-1.028314692036799,0.17085341843684954
10235,-0.48788710955980436,-0.2196459540253427,0.35314932562847257,-1.004425509006068,0.1931901633626132
10236,-0.4703191875092901,-0.31403696872391373,0.3524114035224537,-1.0219730281732085,0.16235426666123548
10237,-0.5056234806650355,-0.1574672855586083,0.35274808293585397,-1.0076950800364874,0.2084673965194647
10238,-0.4676449585071242,-0.2836342573839377,0.35703449751233446,-0.9960231441036171,0.16747795028446452
10239,-0.48162993323523795,-0.2508118706997242,0.36929279621112093,-1.0471228266594939,0.16550453479157506
10240,-0.4908442737553147,-0.18302045401036846,0.3528392540708172,-1.008954626731948,0.19921856087380974
10241,-0.49532501464959017,-0.23156900899254437,0.36050541472396647,-1.0237290839924131,0.18275395907075948
10242,-0.5169705685375944,-0.1839952585045993,0.37677936270109574,-1.0141525902698454,0.19532707349242567
10243,-0.46935728452550357,-0.3065832546464183,0.3614010865488327,-0.9935868564505255,0.16443093567337352
10244,-0.4800607374153197,-0.2734167857252386,0.35913694623098036,-1.0058233327446926,0.17530617021852643
10245,-0.4774708341777943,-0.244179002266774,0.3599941217070517,-1.015925231451161,0.17794835223447136
10246,-0.4824522163462745,-0.19734322486713174,0.35947425047700193,-1.0268824027968968,0.18843760894504916
10247,-0.4693013332623449,-0.3144686135957366,0.37097000313245104,-1.0474875265864005,0.14791497039222273
10248,-0.4911716883888269,-0.19678942027869004,0.3636852477464888,-0.9993113198109657,0.20046618715662973
10249,-0.4855932540143275,-0.24245848213621018,0.36201794391820563,-1.0155455794072035,0.18234915142885708
10250,-0.4823646318175544,-0.23845200093742752,0.3700562505739146,-1.0330096809129776,0.17500130309183018
10251,-0.47144614521252565,-0.24459773770813772,0.34894596024932384,-1.0223523608616636,0.175511179913769
10252,-0.48910676964370814,-0.17348025968546635,0.3557871528334715,-0.9740220582994247,0.2057492875060138
10253,-0.5116112241224757,-0.1964104912306927,0.36668388430911053,-1.0577138799915171,0.18589167638295218
10254,-0.4810011754451084,-0.2769065846628284,0.3746484045293288,-1.051856311243057,0.15469018627203604
10255,-0.47811059196609584,-0.26193732740514675,0.3629156999004616,-1.0342479550026362,0.1752650374297259
10256,-0.5045698274891487,-0.19879935674475593,0.37264331756341834,-1.0087262266799741,0.19979917856922869
10257,-0.4966799225759246,-0.23937500778700307,0.3675328910847143,-1.055658105528874,0.17194454695047487
10258,-0.4358472050871193,-0.2651523349929211,0.33164640243405114,-1.002550769906149,0.17923003742333024
10259,-0.46937075484533686,-0.2601753115687307,0.35661381469109943,-0.9927891693091951,0.19184095546019245
10260,-0.4823038962990112,-0.16757654260817695,0.3191765376821268,-1.0220663407975514,0.2123958038990817
10261,-0.4678354909118184,-0.015025792087373365,0.26583147479243713,-0.8894031359642752,0.32065857275128545
10262,-0.4950557488958323,-0.2750256056801137,0.3819993619343093,-0.977469733308188,0.18963156471587414
10263,-0.5081360863401102,-0.21823501097466136,0.3696712871846898,-0.9447700497656133,0.2094962794276431
10264,-0.49902818152025474,-0.2264556266785013,0.3590708634854259,-0.9303068665594512,0.20351702127230484
10265,-0.5037542127069361,-0.26179884498571865,0.37825846079674263,-0.9830195152171224,0.18607230283233822
10266,-0.4919833545300748,-0.313818304857503,0.3774379918739021,-1.0135162006932077,0.16282551076655696
10267,-0.4612697872155589,-0.31012729724178534,0.37912840207921994,-0.9697823052619641,0.18262071525059853
10268,-0.4672197377631081,-0.3649218496324467,0.35072634050906887,-1.0048051078732136,0.15893780843273683
10269,-0.5080897966067679,-0.15721667567178685,0.3482238614306418,-0.9092322065255446,0.24032048260745775
10270,-0.4689307559062091,-0.36509265185650536,0.35285609753147756,-0.9946302668443683,0.1636397881025801
10271,-0.5726061814018141,0.03377356443955435,0.32482147637857833,-0.8348180202049843,0.32471510303325357
10272,-0.4913230529108434,-0.3324929742594549,0.373381738227104,-0.9836606130482523,0.16697391461325695
10273,-0.5104991627195772,-0.23500729302775952,0.39263892087784935,-0.9661955293301652,0.19586953368416
10274,-0.5021470723131642,-0.2908313020148553,0.37202268132248,-0.9781424634980295,0.1877993349915192
10275,-0.5077909000881989,-0.22784999221186739,0.36765275243649287,-0.9623037778829048,0.2197917958765846
10276,-0.5176025098072061,-0.25431746529488136,0.3618468949094156,-0.9747106387720595,0.2054109234122782
10277,-0.46240520018628034,-0.32840972877619234,0.3617988932462734,-0.9639972899554266,0.19344951575535627
10278,-0.4829745113537819,-0.33868149190668295,0.37466809288322284,-0.9919679863108382,0.17758716053204085
10279,-0.4544221693224229,-0.3653028735451608,0.36316914292795555,-0.9447624203907843,0.18092638096672137
10280,-0.47629931949991566,-0.32013371996972956,0.3466307759798469,-0.954478904138416,0.20393760996233787
10281,-0.46817911552110725,-0.338310811863982,0.3500603736017781,-0.9593737799743427,0.19243715489038948
10282,-0.42991760932274997,-0.37945482965145705,0.319712998927411,-0.9249976231417063,0.19740141244181694
10283,-0.40765641995671226,-0.4623346251571327,0.34271387611400694,-0.9254926742339512,0.15635259717785796
10284,-0.4030463208012815,-0.5756177259030951,0.34442910936925664,-0.9729279793478263,0.10604710227718055
10285,-0.3756297888210159,-0.5805357701151419,0.3303165770819495,-0.929667302125647,0.1149585645574934
10286,-0.39284618743316996,-0.5802593194002073,0.3154119432566518,-0.9209225010301147,0.11882840298119086
10287,-0.4119452562425154,-0.5646054793806471,0.3387262978567107,-0.9345039136106742,0.11186782536021356
10288,-0.3757850861903926,-0.5815345496201371,0.32613403182326556,-0.9490889559728409,0.10700903690056762
10289,-0.36489683367314907,-0.6265493921178342,0.3378385758129046,-0.9643727252005075,0.084482754757206
10290,-0.40600630618335315,-0.5619620694179892,0.34480012148811295,-0.9624013450831147,0.10776638306101673
10291,-0.41000874706946216,-0.5237223923213781,0.34877429346920175,-0.9412573991370764,0.12038130265458875
10292,-0.40096029769103986,-0.5773355217263412,0.34480111866122193,-0.9613838843700782,0.1086667719675054
10293,-0.4371171467762589,-0.4916381886402403,0.3440725652384021,-0.9396157169235066,0.13453421343327124
10294,-0.4127252263267546,-0.5174775787339653,0.3442265199678182,-0.9488888068632503,0.12998226035250587
10295,-0.41312034729085395,-0.5445860039187964,0.3542992404275473,-0.9611031994303862,0.11621410892979991
10296,-0.4502803929580122,-0.43308150873197254,0.3499946133412753,-0.9443900831959687,0.1581591109178134
10297,-0.43049127071749316,-0.4875970757204866,0.3480884192472246,-0.9746604824585586,0.13405928906814685
10298,-0.4375272035646005,-0.49001309945204996,0.3621672647546126,-0.9747893150166222,0.12797064805973554
10299,-0.44463821400707265,-0.499835547313342,0.37141681898167284,-1.0024838535558191,0.11682055254789575
10300,-0.47489025342471947,-0.39882311231701273,0.36942929356109117,-0.9691986500121048,0.16192178671219162
10301,-0.4723475132845264,-0.38659263736457067,0.348985123877232,-0.9366261526642853,0.17467241942128867
10302,-0.46313040311991777,-0.432008013380873,0.37118571615332835,-0.9819887440497563,0.14563746955801773
10303,-0.4481146073464465,-0.43877206500004595,0.3625419241025038,-0.9624753821808277,0.15369234370138501
10304,-0.49524236742576444,-0.319995016141672,0.36028153573732224,-0.9467086848391504,0.19375257099612309
10305,-0.46673987875829015,-0.4175342088478991,0.3747308586058616,-0.984739408269365,0.14830941639423215
10306,-0.5003689262523958,-0.29603462028673655,0.3519314836857982,-0.9170424115080186,0.20708510758582213
10307,-0.49455328644749363,-0.36103284304249167,0.3716711770730879,-0.9717270745784348,0.1746663920446251
10308,-0.49874990505450273,-0.3127963462642986,0.36113080608498604,-0.9518688032131758,0.19903670856189623
10309,-0.4616530450332188,-0.43701092375722494,0.3747915831817125,-0.9735603757043019,0.14448698881621383
10310,-0.5018973541063512,-0.25124381646547445,0.3498132097935342,-0.9058204385919038,0.22562704239724451
10311,-0.4069088417114602,-0.2721879338656036,0.3070362424615003,-0.8831854970602068,0.23435586874028908
10312,-0.4796318060005712,-0.3458672775075055,0.36491467713998654,-0.9949109677159474,0.1775631885449835
10313,-0.5232906129294733,-0.33390236312375743,0.3747239089090678,-0.943514206529121,0.20872386542424834
10314,-0.4968898789564943,-0.41168175138030916,0.3894323008983122,-0.9783121779646777,0.16542381734946343
10315,-0.545700925088451,-0.267971632476292,0.38371095701193564,-0.9389937379905081,0.22295421183719716
10316,-0.5005527201577262,-0.36850716268771694,0.36404392631896193,-0.9433985117514437,0.19661052060988127
10317,-0.4932108742153106,-0.34457156260652366,0.36388690525674733,-0.938693035294084,0.2054182997745866
10318,-0.48669234096075864,-0.35349772083300796,0.3689344020709381,-0.9332557511243323,0.19981848029715388
10319,-0.5372842224873761,-0.365991405813351,0.3892628730716457,-0.968284094343031,0.18322282629797323
10320,-0.5095828423488007,-0.4528492277169586,0.3995094125711458,-0.9995380677825332,0.1449954389257722
10321,-0.5228429640208534,-0.41751258977253103,0.41222543382567867,-0.9910089474648974,0.1496709210201774
10322,-0.5176603863401839,-0.22490510910147812,0.3499554304173488,-0.8499424732691838,0.2490666032655188
10323,-0.4944420669304662,-0.4154315741483028,0.3758784589833537,-0.9789602003329749,0.14997989639664128
10324,-0.49427474366877927,-0.3966324287004088,0.3981101187970764,-1.0020061613059872,0.1518698215574255
10325,-0.5047203501153221,-0.43519296733646246,0.41293217179496494,-1.0325880616356036,0.12451479910308004
10326,-0.5000875279677097,-0.434191778147777,0.399200705547374,-1.0199718776269597,0.13745254199696852
10327,-0.4992189007141577,-0.4476351798634062,0.4017340644651242,-1.0323605874592077,0.1255091564443986
10328,-0.49919407896603246,-0.43878675786492444,0.3939989460580819,-1.010236298083523,0.13998546605878
10329,-0.4766933829880244,-0.4887690501836772,0.4016883337275512,-1.019599814828299,0.11678723051367981
10330,-0.5400013659625901,-0.31657541225156993,0.41034224992709484,-1.0110962215911616,0.1711439827136068
10331,-0.5192364787846829,-0.4172440448673568,0.41059099649891206,-1.0303028402572199,0.13451962462852635
10332,-0.516875159566342,-0.3866107362639458,0.3943200713786039,-0.9915365848974973,0.1663041754387276
10333,-0.5128708332720948,-0.42139872045674387,0.40168154687892643,-1.0051143290065188,0.1509977939734365
10334,-0.5035100734436181,-0.4409527044656081,0.4045337690788671,-1.0046889829360375,0.14085478252355135
10335,-0.5482013722388746,-0.35812155591916084,0.40913636753433913,-1.0123659413935426,0.16896305503320022
10336,-0.5068189089936213,-0.4534833798457016,0.4151954509904257,-1.0359926627637595,0.1261754050309287
10337,-0.5307376077844832,-0.33676299108899155,0.39029927062567554,-0.9842808771240386,0.18327466316072225
10338,-0.4833377320214862,-0.45437299023892597,0.36208519513998233,-0.9759446727898236,0.1446102578608554
10339,-0.5613537773620745,-0.24574307572945855,0.3818800430042829,-0.9486285924432742,0.22256390026733164
10340,-0.5666973740428766,-0.27968598128143823,0.3957167586935266,-0.9921339405158005,0.20330617614597227
10341,-0.5480954363148732,-0.3740669503191917,0.40906928372437057,-1.0050536697529975,0.16851921082634314
10342,-0.5555190380050123,-0.32089554985375457,0.42246400950028773,-0.9953640945688431,0.1830036844444709
10343,-0.5376757501116634,-0.35485119503381185,0.4110373436162473,-1.0253178841292074,0.16250164377333287
10344,-0.5436050764809902,-0.3843421608465685,0.4216693516748896,-1.034434635618806,0.15261804036420087
10345,-0.5017355528175949,-0.37324918711354976,0.38338289143492305,-0.997554511414104,0.1629822300956251
10346,-0.5451382802750048,-0.3022949943076422,0.39892103235070825,-1.0137984214111913,0.19004505238423097
10347,-0.5349148067273181,-0.33907015894795267,0.40852468602311975,-0.989626469859225,0.18074212536497805
10348,-0.545370200856097,-0.20539952967861783,0.37520958948225874,-0.9036681584066356,0.24202361078691462
10349,-0.524988768148958,-0.3002866749573262,0.3593381240989966,-0.9252949970432122,0.20591992673523
10350,-0.54216595220897,-0.2516864131936211,0.37110009593400406,-0.9478923143662923,0.2202546684753069
10351,-0.5073204092108538,-0.3262292784721214,0.34628951198468666,-0.9397005897604153,0.20129320299995362
10352,-0.5001081409400269,-0.3659172881562691,0.3734231877449928,-0.9662137876877206,0.1702685478643641
10353,-0.5462573324677183,-0.25421076001489157,0.39118305932030484,-0.9413029260955385,0.21422892289569512
10354,-0.25066455942641785,-0.44283388056373707,0.2412795110869204,-0.8173337833098905,0.22455944122330554
10355,-0.6609042652663412,0.14380118880738962,0.3751320437579335,-0.897145976873806,0.3744461103977743
10356,-0.5794141430266747,-0.13745529623004568,0.40758458203499026,-0.9661120603017787,0.24033790818410766
10357,-0.5945163874272533,-0.11261330907770489,0.38929351736598095,-0.9624873366451142,0.25549411163373437
10358,-0.5851378263790046,-0.12709018969737873,0.3957873888770708,-1.0040492933798273,0.23702537293561868
10359,-0.5934988334920183,-0.0750206106074966,0.3993605461704506,-0.9961441987370623,0.257909344327336
10360,-0.5984298414642722,-0.06615087979052417,0.399231267318907,-0.9970932535459694,0.25870131098617805
10361,-0.5631337331874819,-0.192500650684783,0.4054631854715788,-1.0242307539445572,0.203097218158022
10362,-0.5852484499763898,-0.11369766719091223,0.39564408825198405,-0.9976676773081693,0.24316985707127978
10363,-0.591425034424189,-0.08808584140772643,0.3922882973604854,-0.9869547498821944,0.2530373551460964
10364,-0.579307298577299,-0.1271221965997687,0.39681613962335494,-0.997550698985638,0.23614762283574595
10365,-0.6023080879760984,-0.06409913612716994,0.4016080100952327,-1.002607616570846,0.25862024691942614
10366,-0.5913330221784665,-0.11308381342799743,0.40192870819053306,-1.01685183585472,0.23988666241730355
10367,-0.5909010404779037,-0.09599749199343993,0.39824632165516055,-0.9978335452204915,0.24705424431543552
10368,-0.5978150548291972,-0.07940093703960575,0.4003371396476549,-0.9876349853886506,0.25740096495913267
10369,-0.578035027795212,-0.13820382384088367,0.40002268924094153,-1.0089824031057095,0.23214547539275363
10370,-0.5945206858355191,-0.08517183410326751,0.39265701247273044,-0.9897111775263852,0.2576405385421368
10371,-0.5755069412048692,-0.12943911204998057,0.3874836212592314,-1.0108784622306535,0.23956733730108493
10372,-0.5686779861635941,-0.13200909054177118,0.3865160220338646,-0.9784349835545464,0.24126708121669715
10373,-0.5808623026159351,-0.09594294197237338,0.38870602142571165,-0.9876709660701438,0.2515143458951115
10374,-0.6053552378768917,0.006863396877774957,0.3592404344374191,-0.8890314503599748,0.32228321597143206
10375,-0.5742823438313888,-0.1173230178246877,0.3690068448831286,-0.9356022695530933,0.2667837955090007
10376,-0.5636122677876135,-0.20182249295190047,0.38556039915267204,-0.9892788765833352,0.22765652819647508
10377,-0.5530467064327874,-0.08392577038917179,0.3630558126384352,-0.9406397378197505,0.29703951143541446
10378,-0.5059032514263916,-0.20016432190043001,0.3815374323959385,-0.9176631695591351,0.24535692859417102
10379,-0.6044968399763845,0.5443654971499724,-0.07529878491664627,0.11376848180826787,-1.1295208001848083
10380,-0.6229629569185406,-0.06832294661790034,0.3708580374806478,-0.9856307509417314,0.28564587460330637
10381,-0.5683582788985303,-0.131780017403703,0.4099387944782148,-0.958781987645004,0.24292028510059685
10382,-0.5765802902465372,-0.12290506548024858,0.35502193750209154,-0.977323882182812,0.2643790217279692
10383,-0.5949190216295631,-0.042659585857459804,0.3968506272142599,-0.9577383556420418,0.2806207731121091
10384,-0.5625729866505914,-0.0999406548447462,0.3751583571997578,-0.9609570451144157,0.2616461352835802
10385,-0.5885117262305511,0.0065562052701183164,0.35307459591267504,-0.9120843887987741,0.31165138411007404
10386,-0.5606979070679854,-0.10616605815076821,0.38790728253103524,-0.9649703772888932,0.2548609317234758
10387,-0.6168619969728127,-0.029162584135309505,0.3978007251970848,-0.9632452183196865,0.28639317658113617
10388,-0.6193678194723852,0.022413823387000403,0.39142061840065173,-0.9427272732871873,0.3121508253315599
10389,-0.5666092677006074,-0.09965367769240564,0.37673862034569244,-0.9466198585729798,0.2656686673631789
10390,-0.6178065948722943,0.10030468721257688,0.36029996665698394,-0.9062807399784636,0.3397079669769857
10391,-0.5511406954045491,-0.08926159905763417,0.37531584537800505,-1.0142037527236023,0.24468281234507586
10392,-0.5797974193142028,-0.007809646408694272,0.37686722814289725,-0.9187336419374271,0.2951441382782778
10393,-0.5621808068575826,-0.12161108677372687,0.37826652085594625,-0.9677471641262005,0.25467870035228707
10394,-0.565646547096683,-0.05287712770726467,0.36208265349944285,-0.8941956895527973,0.2891862946761736
10395,-0.5839809565652245,0.02463491197271801,0.3662698581719731,-0.9442518436414007,0.3071760400269648
10396,-0.5671946965605992,-0.08851912144807804,0.3975898874098689,-1.0046957432551815,0.2410759717830418
10397,-0.5690624160132949,-0.001281936310617519,0.36160687473986375,-0.9309762012856935,0.2970371642044346
10398,-0.5450272113714264,-0.14016570224341554,0.35849805507221905,-0.9679534891805328,0.24696594342820694
10399,-0.5719240650496329,-0.03510065918663257,0.37904849272130653,-0.9611741609569276,0.2802603510921143
10400,-0.5739642202734545,-0.08052694378258446,0.39142766531993484,-0.970586355471562,0.25527449109751527
10401,-0.5757985216818532,-0.024984781107226572,0.3731343686478852,-0.9519506312278602,0.2829369256665401
10402,-0.5199367614763822,0.07988254663129056,0.3132535957698956,-0.846954564802471,0.3180767582006036
10403,-0.6378139544330674,0.03953672101314413,0.38600825134460187,-0.9309064615174796,0.3229122899076222
10404,-0.5311266742862587,-0.13081856141436352,0.3527839571379091,-0.9108169786093877,0.25223216422129413
10405,-0.5628029273994267,-0.13905652729548454,0.37256591742040174,-0.9676321128355094,0.24742404962897183
10406,-0.537926032484992,-0.1844868769655591,0.3552523841357359,-0.9895047064886452,0.2347062708816616
10407,-0.5660555334752173,-0.11050032693256803,0.380070980918723,-1.0095272291260704,0.24407936131192803
10408,-0.5210968999846516,-0.15548166670867428,0.37434540234646974,-0.9818752412220466,0.21777731804560968
10409,-0.5862755900726364,-0.050577297211326304,0.39090994518204647,-0.9751456543206575,0.26944994065585487
10410,-0.5901558019329091,-0.020780210316453177,0.3819844764633733,-0.9592671017622942,0.2819547193382435
10411,-0.5760764303708173,-0.08008396629940509,0.3890651287861742,-0.985332630712211,0.2531108166625143
10412,-0.5889544116019776,-0.0628570553076009,0.39738399567692334,-0.986084521886268,0.2608158681680784
10413,-0.5661837105050371,-0.08176464352316302,0.3973288183715761,-0.9803765756572563,0.25661815678001737
10414,-0.5719227665501747,-0.08410563075797567,0.38822785047276376,-0.9944197848480121,0.2507644811464413
10415,-0.5312837619978692,-0.16983275250184718,0.3776216049957753,-0.99495979453454,0.21528221269353578
10416,-0.5216379047670556,-0.15172777360293116,0.3640355048849116,-1.0017268687888687,0.21858185614185427
10417,-0.5139155059079017,-0.14893877035895184,0.3766312221125593,-1.0076577811340655,0.21272560992708725
10418,-0.5604357032404775,-0.10065373999391519,0.3889596802165038,-0.999689616220151,0.24085941844594894
10419,-0.5491540179430691,-0.12141948255324561,0.38611396800422243,-1.0093469262952324,0.2294612073633771
10420,-0.5710454452027234,-0.05375222867665062,0.3774799148209852,-1.005558335943877,0.2515298115236836
10421,-0.5465776846481833,-0.08412264603900624,0.38248331092239995,-1.0223933914410932,0.23670365835164334
10422,-0.5611670462904148,-0.03852992702086363,0.37131383018706077,-0.9583290822379933,0.27273280637327396
10423,-0.4964489972685607,-0.08948399901275539,0.3473361712152563,-0.9523245502118428,0.25666167460482603
10424,-0.6584294506726722,0.15679280536149637,0.3907799943821569,-0.9436637915298972,0.3667847586118818
10425,-0.5611061033761828,-0.08309192772346374,0.37690005059970555,-0.9867717660389884,0.25234792519224597
10426,-0.5095031962548935,-0.05867829091112325,0.30902488953846763,-0.84632068707329,0.29052485275880774
10427,-0.5236226797448057,-0.02696960311233112,0.303825372998112,-0.8709577502191352,0.3000320711786702
10428,-0.5308858813772749,-0.11523648337833847,0.37747239812659783,-0.9916295761230784,0.23567266695427475
10429,-0.5609222881601071,-0.0798720553726261,0.36211877393662517,-1.0245362717732582,0.25217650974105893
10430,-0.5288643102553329,-0.1294422940641573,0.3786082924115687,-1.011418618792144,0.22701803285299704
10431,-0.548905579630348,-0.06396917724919902,0.3566153908793815,-0.9704649234386831,0.2653182350917303
10432,-0.5659827081188271,-0.03173294652131197,0.38382643814548584,-0.9461032400564727,0.28058453582658566
10433,-0.5317720507180299,-0.07304159385348234,0.37545058131273384,-0.9669034800707674,0.25458099722626015
10434,-0.5332875538204538,-0.12549742437299663,0.387787561080228,-0.9777765429837382,0.23449883271143146
10435,-0.5038748248927571,-0.11393135004372316,0.35406011308929947,-0.9695830979886837,0.23744338590515646
10436,-0.5028128669210428,-0.15511385941216,0.35842717395352425,-0.9685781266674458,0.22918472395453915
10437,-0.5519561617293104,-0.051191285928597396,0.37520164911201487,-0.9776021379020591,0.2619447832918879
10438,-0.5185459355221907,-0.12975074465437964,0.35812594518275703,-0.9965587300798688,0.2320816778177493
10439,-0.5635243612134864,-0.013195220301711049,0.36832128732201036,-0.9155334371431991,0.290594355084843
10440,-0.03817775720480705,-0.4525070136917864,0.13537993678045054,-0.7255130838130363,0.2280253090870957
10441,-0.5682385291831582,0.3410853802031986,0.35751737987497534,-0.974271568552805,0.3611943856758645
10442,-0.4979795412958797,0.15627735611342425,0.32716735680842646,-1.0573671266074538,0.2894145902995807
10443,-0.4570971997011333,0.137991646433449,0.29555860398061073,-1.0230199672570623,0.2938069312315763
10444,-0.45149239961882454,0.10547943400289035,0.2985121635350331,-1.0133993611146226,0.28106080885567397
10445,-0.38429777900941964,0.0288779143366885,0.2825254365086819,-0.9881508162208767,0.26923924525188747
10446,-0.4672077263190445,0.17125126404781923,0.2999560334122585,-1.0329258940162311,0.30038952097889543
10447,-0.47239590610310006,0.16799352624218525,0.3215853860902387,-1.0383517603255485,0.2838192151916654
10448,-0.49975332461203786,0.2500348094270962,0.3214719082394952,-1.0139696020218922,0.3112892333776681
10449,-0.44502505339813303,0.16039305590363642,0.309937809930819,-1.017018914927297,0.27674584349063186
10450,-0.4889986206370424,0.2461476362486128,0.30645065054396664,-1.018054115318378,0.31133739923767634
10451,-0.5330580514863069,0.29648535603827,0.321136157880122,-0.995986940259204,0.343417610516991
10452,-0.4761952955254994,0.2796068175190298,0.28097646492575407,-0.9354187331731607,0.3374132085506786
10453,-0.48602309070766614,0.17483310254069173,0.3251886619939106,-1.0474665330624198,0.28214840022404997
10454,-0.524509834155317,0.35850694470282257,0.3146340684700932,-0.975771866892709,0.35472640802339417
10455,-0.5194564485628776,0.3686096673379977,0.2948016784179248,-0.9258995544291807,0.3684915369524998
10456,-0.4764402990706056,0.18585177765369112,0.3013610677219292,-1.0157704273840358,0.29569717900910614
10457,-0.5113258409596347,0.41514059452469926,0.2837616508320971,-0.926410222281467,0.376329599419106
10458,-0.4591825860921216,0.17782018310507666,0.28957757621853325,-0.9491365947532427,0.31851764045168346
10459,-0.4928653516405576,0.20015742914610712,0.2953828335345887,-0.9860852696253218,0.318217764623316
10460,-0.44568009034605177,0.5472310817805638,-0.0967033159022633,0.044441070469090994,-1.206507026470722
10461,-0.4713387396256469,0.5313983536238702,-0.03682227966187201,0.024614614914607987,-1.2022030649735778
10462,-0.4824759377461284,-0.031835617329249014,0.340182357533162,-0.9961956372965804,0.2528029904914058
10463,-0.471539890703358,-0.011526827751614187,0.3099628115463445,-0.9566692532413913,0.26847193102285577
10464,-0.47964261816631554,0.1405906463107291,0.30048542860763544,-0.8707453999134317,0.31178853700914216
10465,-0.11522889404352152,0.3037426736101406,-0.25831315374751573,0.31013118490072816,-1.1075300923510938
10466,-0.4419312867367595,0.47149017409308064,-0.1337590914393046,0.20718152781239624,-1.1333967371376112
10467,-0.5062390747162988,0.3855904589837223,-0.0445765536238225,0.10550664826587862,-1.2215227084263405
10468,-0.4249235890936315,0.344324606782832,-0.14544392355439298,0.14602272766526186,-1.2030118882589638
10469,-0.5479442849729421,0.43763109536273637,-0.03445059271214486,0.08526635590860449,-1.219720931184019
10470,-0.5517020224735877,0.4487206723700095,-0.04260452911988848,0.0798300892172913,-1.1997276218717075
10471,-0.5667616871022302,0.45093610213961083,0.005430733496021792,0.04215447249491354,-1.2223462749610756
10472,-0.5799367286374919,0.6665446236919368,-0.07323036041402134,0.1674590908471897,-1.1238601007332067
10473,-0.5577073347030954,0.42289544531564827,-0.02959018844103877,0.05920244789974216,-1.216301294237831
10474,-0.5785617556886625,0.46989911076673124,-0.022232276338866423,0.04622883100885802,-1.199875873501354
10475,-0.5754290527304893,0.0023924320520053955,0.3718415509539241,-0.93503534875359,0.282476335930055
10476,-0.5221425837103099,0.12612147833427417,0.24443980967686302,-0.8208723010572683,0.370203092248497
10477,-0.32751572581549687,-0.17362578806868142,0.24186778778224186,-0.7911634955805343,0.25786987353646346
10478,-0.44232574810946257,-0.28540982948338006,0.3122766072713117,-0.8430940324639551,0.25105937867275246
10479,-0.49422278339095854,-0.4249791641771522,0.33804906355691,-0.9276320675351676,0.18263946558295382
10480,-0.522343499536536,-0.3402653408604308,0.3567633396130533,-0.8947117546088265,0.21472781576398056
10481,-0.546316968835753,-0.36035143282779336,0.39587340051834385,-0.9271205585521763,0.20192308260948216
10482,-0.603874458422623,-0.06336245965037589,0.37584351126486554,-0.8402558579478444,0.3124423399598679
10483,-0.21385051059272378,-0.14667578852850027,0.27060881474637927,-0.87389998772763,0.21309926678371086
10484,-0.4286559236065358,0.12003981350697379,0.30807047948083016,-1.0249183555491228,0.25821852948350305
10485,-0.4759119426125076,0.1762806050245194,0.31676122798749706,-1.0377679937142827,0.2881335086753147
10486,-0.4749037022127349,0.17983622121670909,0.3196578521393615,-1.0105092364516195,0.2958870234740335
10487,-0.5092391515572589,0.2501594490084337,0.32694649192746916,-1.0184426643028384,0.32628891989664077
10488,-0.49410212956971217,0.2362336235783374,0.3182115104237239,-1.022257423785525,0.3195483476236129
10489,-0.49384907499882086,0.22408985265286033,0.3165538042345046,-1.0279914542467337,0.30888396348744934
10490,-0.5390882467781775,0.3365483353551545,0.33308869505112254,-1.0152651466578346,0.3541673757441067
10491,-0.48138736302957563,0.19751743853567122,0.3112281239203075,-1.0257958965631833,0.30268449660609525
10492,-0.5236357581723559,0.27761029818539923,0.33025246361969723,-1.0241494225072454,0.32888594611162353
10493,-0.5026048893480392,0.26833360666527395,0.32153206789117916,-1.045976903610378,0.3130874180050666
10494,-0.5316436951302536,0.32089836541964734,0.30901027128033454,-1.0306124082641523,0.3472517257479096
10495,-0.5170294179858258,0.30084595245586715,0.32508164926869504,-1.0147891367155166,0.340979100984038
10496,-0.49919111039540265,0.21653045371394739,0.31983978993205636,-1.0318677051039549,0.3038868282281669
10497,-0.4846389162446365,0.23947130267353883,0.31010063541548,-1.0120842609113023,0.3124255634075306
10498,-0.5282925328019714,0.27409409915338495,0.3288857909981925,-1.0056768310912645,0.3410572668627544
10499,-0.4910620772019131,0.3026251277385857,0.3150200628396481,-1.0070679016806694,0.34006617761894975
10500,-0.5154454795001959,0.30859431485323496,0.3137887664576649,-1.0060216776582478,0.34773674863895876
10501,-0.5073074698905775,0.27678152013290824,0.3164549907952118,-0.9972870348868782,0.33953278557537575
10502,-0.5198388909013358,0.28588374406055045,0.3194803142751782,-1.0014037010014158,0.3381132498520379
10503,-0.5080756946769401,0.258761121838047,0.32532427161960387,-1.0020198795975468,0.328430855981189
10504,-0.5059086854881345,0.25802445696680876,0.32764060549668,-1.0345127124483136,0.31922348783784643
10505,-0.5175655297277868,0.28860708491425474,0.3239925773170589,-1.0175752809601586,0.3397335682972588
10506,-0.5067019155179772,0.26394968375418576,0.3220138226258338,-1.021499653647034,0.3248141267604973
10507,-0.5214056574163298,0.30798369951901045,0.3278567105961948,-1.0219050405676775,0.3403700698886767
10508,-0.519036950035846,0.26773682475854454,0.3247078586490297,-1.0220468711235924,0.3277601291678763
10509,-0.5064941025487459,0.2606891195139448,0.32218159899073595,-1.0247947276597096,0.32458586497688513
10510,-0.5018708763927135,0.2596095970566419,0.32308080643424547,-1.0192164147219498,0.3240213510439336
10511,-0.47623396837607884,0.2433624423633076,0.31794958086554853,-1.035682371308921,0.3044263593357357
10512,-0.4842923210091857,0.23266176327190974,0.32278777128786146,-1.0444223900437064,0.3052474815393315
10513,-0.421733484909297,0.13454426892733892,0.30238900146527026,-1.0617070214692674,0.251848388157237
10514,-0.44289332277615284,0.17077329389949686,0.30764834801349916,-1.045170072914552,0.2683730145249521
10515,-0.45942699622451433,0.22070439030882955,0.30532129588439627,-1.0465244364406656,0.2931577496537336
10516,-0.43728075702571306,0.168692878376958,0.31183832410848566,-1.0701982593229062,0.2612852607249607
10517,-0.3973308285720828,0.0678367563491983,0.3125108529809147,-1.1071273639215085,0.20929688938471672
10518,-0.3854677759064412,0.08048919118046131,0.3040295275571297,-1.1137374943702305,0.20415194791859137
10519,-0.394185074879878,0.10569225786479239,0.29577380211356497,-1.107122190709491,0.21526451903643928
10520,-0.45245409737112385,0.23866037017513358,0.3162317769417354,-1.096041340629684,0.27918728370527346
10521,-0.4280460544767847,0.14523633157423976,0.3110832799934168,-1.094295750248083,0.24510326687203832
10522,-0.4365519630150836,0.21332771535816294,0.3164745822393934,-1.0890311946301567,0.26297884643094616
10523,0.047198141765845886,-0.3920159015191242,0.11684208895807749,-0.7638581860253597,0.23728021343491826
10524,-0.5179301296169063,0.18712257613242247,0.3223894313642289,-0.9850551631300478,0.32782025146285443
10525,-0.454911458561827,0.009098448347559702,0.3082733628272821,-0.9888724713067877,0.2605567144744697
10526,-0.48129038374350525,-0.2567414843901939,0.358527361472995,-1.018391415058664,0.1893409535651874
10527,0.49681238185874144,-2.3829698549399514,0.07033007352352671,-0.5157931559280424,-0.10681458876368946
10528,0.539648694506676,-2.377591617431824,0.04200721666968654,-0.5021175609128183,-0.08217970672662847
10529,0.5756470484949207,-2.355879035403975,0.02495660429447984,-0.4315977116144897,-0.04822904466306943
10530,0.4753628128272634,-2.370306015200112,-0.06723648976622565,-0.5736094168718103,-0.0639209047847448
10531,0.547278186109592,-2.427655901762918,0.0877359324317114,-0.5089981660972379,-0.1266123698823318
10532,0.5425387180633672,-2.4242696203268963,0.03052325101855229,-0.4992401147645523,-0.08435696069735199
10533,0.6738288961874852,-2.5102500909192487,0.1241620250205273,-0.47092563943094295,-0.21740302754116886
10534,0.4732177927733648,-2.3885264515099873,-0.05569328179902473,-0.5668586001807694,-0.08056261238515529
10535,0.5624020148491855,-2.4394907953382425,0.02951063742669912,-0.5723424000198847,-0.1358134472095455
10536,0.5932978427261575,-2.4575257102055783,0.04130331571158115,-0.5516365126607274,-0.1337194864392691
10537,0.6160258855341441,-2.3525369448026163,-0.009298632041260834,-0.47697971094039465,-0.0863076656420355
10538,0.5834329381455592,-2.4300493134729644,-0.0024545595415573873,-0.5779669911664361,-0.12167851434566401
10539,0.609279806855349,-2.451902701146123,-0.009222622372860274,-0.5486414936344499,-0.11830047276162291
10540,0.6256955287984433,-2.4203530741653974,-0.025478248065134493,-0.6036343480921854,-0.1552291992672879
10541,0.6274993697516735,-2.4555508178427896,-0.013094681745764124,-0.5296371821109712,-0.10357243176469327
10542,0.6222044952960532,-2.4411781610370964,0.008908398914916278,-0.4898436253107891,-0.09177145109185096
10543,0.6236280140899324,-2.4395516974512095,-0.014649623917851394,-0.5564486810884016,-0.114960835603994
10544,0.9317435481844478,-1.8163450683258915,-0.2747185880895688,0.5442940548546565,0.6070476643333145
10545,0.5423505752023589,-2.357852400007967,-0.0657424116605865,-0.605217009991226,-0.1034057651472205
10546,0.5812310610587905,-2.328749174418838,-0.10629676210999255,-0.573361270105939,-0.07229505957622352
10547,0.6065911056951133,-2.417537852995207,-0.08158903005495219,-0.6709289208840188,-0.16024438848312764
10548,0.5822831946411253,-2.366244786624395,-0.027334677754865894,-0.5093342162849132,-0.08481385534622563
10549,0.6060767396006215,-2.374724192082519,-0.04840672840835751,-0.5187578314515383,-0.07828231744520553
10550,0.598959388791557,-2.410422541196176,-0.04653229498637137,-0.5739123677906146,-0.1075358753937982
10551,0.6079898354887474,-2.400725444950668,-0.05278346212187861,-0.5889951463127366,-0.11706795225424957
10552,0.6877261694678156,-2.2780430863649443,-0.00823742261269176,-0.31235290195579324,-0.008393131837588271
10553,0.5997803206634446,-2.33647629207242,-0.15134978716282035,-0.6410435851461291,-0.09873901761929339
10554,0.6390430060211887,-2.353463880638652,-0.019827881923666066,-0.5996598653116496,-0.15806823349041282
10555,0.6490885585766855,-2.380135388867727,-0.044880307671969086,-0.5577366657577009,-0.11883021918394512
10556,0.6343656752251579,-2.3757578014932825,-0.004744779563843748,-0.5759069208482255,-0.1395616616561442
10557,0.6432048818822933,-2.37147429415514,-0.068987472566267,-0.577157446670218,-0.1177511665993955
10558,0.6234027697004391,-2.3041396146993804,-0.03353327953302909,-0.468541793077513,-0.05440027215190094
10559,0.650941184054669,-2.3079791317679925,-0.037508690578196294,-0.5200967847834291,-0.09710578970100628
10560,0.6583543765172578,-2.3452052136098605,-0.09404908815558193,-0.5431910409356634,-0.07876743661531461
10561,0.6777340670056182,-2.3000792569713733,-0.01854448525871018,-0.45482251996855744,-0.06801384795546035
10562,2.235816967999031,-1.5862605573709665,-0.8060342957786175,1.2922293390975752,1.142986831472429
10563,1.0411137908648762,-2.1745369807562627,-0.25127679575969486,0.23978087433638592,0.31270172366030513
10564,1.4260072189955044,-2.564523075155574,-3.4448412221010876,-2.438052606662837,0.5952806749381993
10565,3.2126787540696538,-2.088306060015985,1.0178858701972897,-0.4037209823696906,-1.017597871134865
10566,1.668157435397709,-2.038150983794909,-0.9796513770394459,-0.9844152078098266,-0.14710901249995706
10567,2.3239423045859846,-1.7965419673921335,0.9179101813163147,-0.48539718345051885,-0.9348678329532983
10568,1.1447277566094665,-2.796149216555737,1.6892866113888114,0.015904250431073873,-0.8303762291573483
10569,0.2624246768453244,-2.599555742841581,0.14074642689179842,-0.6448960034622959,-0.21155249962500944
10570,0.13044413608514274,-2.6713033658427516,0.08863197635984058,-0.7856092894191149,-0.18779215712329295
10571,0.12285948316272664,-2.6906082452536086,0.04404376042963981,-0.8406194678330067,-0.19946998705596075
10572,0.13504108348678553,-2.728238556576793,0.0055571496453960915,-0.8934481499872744,-0.22039094621169647
10573,0.11586886999684973,-2.7136726295209157,0.07888476968782049,-0.8254875540012112,-0.20767040658713984
10574,0.1508037567026606,-2.3085205025178808,0.05452306151069979,-0.46376157406042723,0.0018670929569520012
10575,0.07108913729380803,-2.593751131215679,0.21672802693566265,-0.6670796864922796,-0.16663152611068804
10576,0.092157779764652,-2.655200145006361,0.16805200968285897,-0.7560785672018547,-0.21328586233866106
10577,0.07366731641962922,-2.5630417285852385,0.23561971940808157,-0.6177290007836337,-0.14880901678928923
10578,0.3884586521220265,-2.121817436636337,0.1045302265563029,0.018644925657483217,0.18630339989573835
10579,0.1691723126385864,-2.5217026901149895,0.23215837268888462,-0.648413151973097,-0.21082863692078116
10580,0.10421222688288809,-2.5287633732218056,0.23260307244836748,-0.5830794770776813,-0.1266691590977807
10581,0.12377349999857949,-2.6523351195767058,0.2826478873627947,-0.7054708260467649,-0.2437347073370421
10582,0.15358304180593907,-2.615229883678033,0.2447742393069841,-0.7274508722351926,-0.26098105460825627
10583,0.15144857353404556,-2.5895786067516053,0.2511576289217926,-0.672184234200491,-0.23020118372702641
10584,0.10232656929748572,-2.603902024660535,0.2934728595999914,-0.6251498227899469,-0.18762627196741238
10585,0.10414364958097772,-2.6546457801110708,0.23050223397420774,-0.6794119343226012,-0.1922185012478272
10586,0.10284447827085383,-2.6519171272228466,0.2520638616307056,-0.6722893936148805,-0.20042220291642715
10587,0.10237866550668887,-2.605819678221989,0.2797970565737181,-0.6329514326229547,-0.19314752018332543
10588,0.09233312692520501,-2.591754062531838,0.2801272617896177,-0.617559494963045,-0.17734341199613318
10589,0.08786123318010475,-2.642710630681548,0.2376935699309027,-0.6966929643213344,-0.19973506438780605
10590,0.07741662260501984,-2.5909272479049847,0.2753729169697459,-0.6139216133440492,-0.16254713807683968
10591,0.07832750581075838,-2.593850658152121,0.2606660351282141,-0.60149611108322,-0.1497798812564658
10592,0.07441500038571866,-2.5843748237332647,0.3050238301967293,-0.6303771250886512,-0.18664700756938996
10593,0.08156376461702933,-2.6170744370587165,0.2814082841247808,-0.6429464667761715,-0.18910483433716524
10594,0.08575212621036034,-2.264691398688218,0.20427485673273862,-0.25839393448867454,0.08860047744203851
10595,0.08287789434203864,-2.5081704803476654,0.27848754079275434,-0.5105959552226091,-0.10464544078561662
10596,0.22823907893013407,-2.5869222215531797,0.08846496289721444,-0.5372883477451793,-0.10623629449441986
10597,0.11727226692354442,-2.5478340979686624,0.3016086309525338,-0.5150065713709595,-0.13822002381493415
10598,0.15296462777439296,-2.475104087235884,0.1596962908388529,-0.4082559595326833,-0.01933452849750054
10599,0.11223918508932945,-2.5577153072464585,0.31618128019771896,-0.5365422937239612,-0.1573597532434587
10600,0.0919160478761136,-2.458218081702915,0.2649946646348787,-0.42149014747074964,-0.04612094586685741
10601,0.11020476212895738,-2.532759158504864,0.30089214514924656,-0.4992016604971323,-0.12385969050167656
10602,5.687231693047819,-1.0630390139098667,-1.3667973658303225,3.447610468237336,2.4790787529804694
10603,0.41299418177999536,-2.301850325732197,-0.2376095437672919,-0.4600048870231624,0.11348661287622883
10604,0.5335906600727028,-2.3045639215147267,-0.2637714805653641,-0.4171804688397781,0.12002860279057669
10605,0.47335903669992163,-1.7612611882250433,-0.3348708743793547,0.6218039472744159,-1.485953868333042
10606,0.44971003664743786,-1.8242540926970705,-0.36656903973658617,0.5537664603678494,-1.5126250637978158
10607,0.492225427052693,-1.8311664216023589,-0.5949703213046522,0.5503648096392293,-1.4287077080181494
10608,0.5443913016019518,-1.64073806276635,-0.4271967728561156,0.9349979415610854,-1.2816982287998202
10609,0.5024318550643007,-1.665944096862994,-0.31722350537903443,0.8867353255693078,-1.3511462472116451
10610,0.5256683256797637,-1.3949406660997234,-0.4420612739648987,1.2069327156729983,-1.0898352068489776
10611,0.6699388212973479,-1.8403686287544518,-0.662155415785233,0.7270397547927459,-1.3432039517434498
10612,0.6740911916463784,-1.6619361242220838,-0.5067600504260822,1.0236191488257276,-1.23682957441639
10613,0.9057928846432984,-1.8284931017932036,-1.2299894299976506,0.4608897330637923,-1.297087968218436
10614,0.7391835672114535,-1.7334655245501787,0.13880097600756253,1.0531951459756106,-1.5630854076091352
10615,0.5985393472259791,-1.5405094266252997,-0.09883043854631302,1.2290815278254361,-1.2789497432306391
10616,0.600990024417981,-1.7401166823154497,-0.6051866857299867,0.6532665567325273,-1.403718173710164
10617,0.5393553685560745,-1.648504003362783,-0.4437056865600771,0.7744571900072473,-1.3861927876137738
10618,0.5188275579204245,-1.4936916609425401,-0.47617170260035474,0.9431236700113552,-1.2282378198053803
10619,0.6300380745274377,-1.685776744447632,-0.37076632450304337,0.7473985381170605,-1.47146406550803
10620,0.5293096220369015,-1.6364158110636173,-0.1071164542846477,0.7658004882068222,-1.5547577280792537
10621,0.4355046067453273,-1.6007099449260207,0.019712011659444514,0.8785930833849276,-1.5117705682936355
10622,0.5538627827419963,-1.5577247732458082,-0.4074820175622812,0.9121591066630746,-1.3232465464941672
10623,0.48401523749397335,-1.5585802698249107,-0.7632674290158616,0.8360367629710994,-1.155045861524442
10624,0.46187444300684544,-1.5573348404144574,-0.034290563653434025,1.042044473358079,-1.3822009338346797
10625,1.205096832187116,-2.060111639278656,-1.0888195930734714,0.34749016813255423,-1.5180137752961005
10626,1.0652388561010815,-1.9420192827781786,-0.6820896004266174,0.13951147024922117,-1.8067158755626054
10627,1.274553491333885,-1.5053834704827334,-0.46256557451894137,0.24278406130329303,-1.8789005990473502
10628,0.9214514694767617,-2.598197357969559,0.5731707271593689,-0.5726862705410886,-0.5904370828217077
10629,0.9182537334081419,-2.2469196840622665,0.3973874977349617,-0.7074496333573534,-0.5344215821115776
10630,0.4127918522019877,-2.6614194270845153,0.05502285894391933,-0.6224480620793987,-0.21993910811448777
10631,0.7754362757386466,-2.5491677785319955,-0.01809531384465042,-0.663050043891094,-0.3115800324055433
10632,0.2960533639772158,-2.5314378886480235,0.46099723082902017,-0.3892396242654152,-0.232775054526105
10633,0.19235543790392,-2.5434187513586113,0.11389733059418142,-0.45591088383222766,-0.05578648618309181
10634,0.1692600773302996,-2.5131244073328562,0.17612354174813363,-0.4361663423079445,-0.06323102171249502
10635,0.38286117584738794,-2.5698607329044236,0.019435806370501022,-0.5437459396997307,-0.14320939198343285
10636,0.20661070722930672,-2.5433745714693443,0.33091996078881913,-0.5036510031416331,-0.2052631315139985
10637,0.1945600131871202,-2.5903019241467073,0.12348992349897385,-0.5063788265710202,-0.10499229322555102
10638,0.35415396545905653,-2.617869157762839,0.06845612336953377,-0.588196269400489,-0.19526954581898145
10639,0.1692121865365335,-2.4832103156869807,0.3825458572703993,-0.26323708550641206,-0.05996599734675695
10640,0.1888208193968126,-2.516849511253468,0.38158832827735906,-0.37195614885205375,-0.1393444526737465
10641,0.08847485874719785,-2.4391443703937497,0.23580141157615664,-0.31932889908277967,0.02832017072272399
10642,0.18638174122291537,-2.484354639334681,0.03439986921379271,-0.27433666549301317,0.09468410281092274
10643,0.09666695876999301,-2.4043978955281107,0.10338181144175193,-0.35938770929148106,0.05891846513138476
10644,0.15394410918980123,-2.3159773421997834,0.10756041627826224,-0.09476948233234714,0.19103695518713512
10645,0.17485875727336786,-2.1832690605034544,0.2682827820926152,0.04918808561775727,0.20507312988022827
10646,0.17862538452076349,-2.3686188541434037,0.366707654388657,-0.11090964588751637,0.049094106954961914
10647,0.2096291032268966,-2.203290477062497,0.12157599047077414,0.14565709496329224,0.32535966036391795
10648,0.053376365224038116,-2.3597704298353572,0.22395610238189262,-0.24055175286495525,0.10135599254693871
10649,0.08978541583631922,-2.1727430287864284,0.23358277477989392,0.10447987450643222,0.3014984820770399
10650,0.11509865428449043,-2.271627015231634,0.057123413208163915,-0.10091921170104455,0.24677452110427286
10651,0.06124495739566469,-2.3998944686447303,0.15052192248686144,-0.28660180432162546,0.09121714307919918
10652,0.1562140704377824,-2.2774167526124254,0.3000499831026519,0.09538606440807089,0.22320711259575865
10653,0.04082303933792008,-2.2253160678391395,0.12753849617782442,-0.0507871110673814,0.2718259806954569
10654,0.035971457939387795,-2.5596551181975458,0.3624054910335696,-0.47602451780639404,-0.11332745798956886
10655,0.12160007564240664,-2.4153174518539853,0.16174019536131642,-0.26176803227183976,0.07180573153541459
10656,0.026135639546732238,-2.5266784224616448,0.2957845010713818,-0.46158049584999317,-0.06476797332652368
10657,0.013711160982128451,-2.254606949846472,0.16850470662379635,-0.1044375120862847,0.22762670364902962
10658,0.34046747052300036,-2.546371009550611,0.007182737762951896,-0.2112834803076333,0.09362056656316815
10659,0.04917873718064473,-2.481611471425028,0.4240811338088661,-0.3746083924785711,-0.08901973915275618
10660,0.48333676655049856,-1.9161629888166511,-0.08982110926473322,0.486187548523802,0.5787171781429148
10661,0.5060552708006282,-2.20644487918325,-0.020749435026446213,-0.1500155928125629,0.17139634428237427
10662,0.638269146412602,-2.2563274117529772,-0.030734970912364483,-0.1914349580713613,0.09746093729575644
10663,0.6630042528766477,-2.2281805486744894,-0.03877621249520737,-0.17223471006931007,0.11028420575769113
10664,0.6826980808118964,-2.265608479436422,-0.027381627161909648,-0.138329249839152,0.12218487721180306
10665,0.6618602448145892,-2.3230096746581292,0.06506186645658424,-0.2174885956071123,0.033326583292467106
10666,0.6877886481433347,-1.6170260066620763,-0.34095102231676383,1.0182737567506375,-1.2885549283558888
10667,0.8849028507066011,-2.2450604910259067,-0.14006859150401407,-0.0034521716197484175,0.1865025219489615
10668,0.7507645943371387,-2.144018511129479,-0.10889395210893388,0.00028818272552066796,0.22655696628460834
10669,1.028968849603524,-2.3564179531094287,-0.440865048121515,-0.23686590103775793,0.13825531409066527
10670,1.1723244209632357,-2.4168824610157733,0.0003759439408271019,-0.08166400999016535,-0.0367125935369731
10671,1.1832084203913151,-2.261499580981357,-0.9100929176419158,-0.3668273987126092,0.22614878151388704
10672,1.2299297772899005,-2.2363590051183633,-0.2998950807251897,-0.11597349698361217,0.0787105595249639
10673,1.2292337117372267,-2.2701658064889543,-0.3569911862705546,-0.40180214596968267,-0.09463230386888657
10674,1.3136416757836513,-2.4609671098204307,-0.34242365573295713,-0.4955271183875904,-0.153654192892601
10675,1.5675564535440327,-2.177974739588834,-0.6962119376971712,-0.5923433025838658,-0.10298424012014622
10676,1.6886763613974465,-2.1613482040316847,-0.479315005461024,-0.6112812214643129,-0.23700447854931278
10677,1.8067206432490603,-2.212148700802889,-0.6378978029907467,-0.6019414503705472,-0.18423653401246046
10678,1.898680454367801,-2.2817728370223946,-0.031194466748392585,-0.4113945628621118,-0.42504842496339923
10679,2.1084875640977954,-2.0949538032526758,-0.7767333908163853,-0.6549721391414501,-0.19886280211047233
10680,1.760950092936498,-2.296900924545109,-0.16578785287545872,-0.5142340282477297,-0.3567267909448168
10681,1.5573401618028198,-2.237262939865216,-0.4424805285843195,-0.4363782693232436,-0.14009246459786145
10682,2.1089445054487714,-1.9921983289609624,-0.931163953636341,0.5794902687328644,0.7046579678692269
10683,1.2583315897694618,-2.181070823467261,-0.1689517436402149,-0.4198305107543089,-0.20354823754292353
10684,1.1993354170415016,-2.1819187228818104,-0.4510390654375988,-0.4666594264774681,-0.07649221816429692
10685,1.3316336823372286,-1.3792542562341996,-0.9076624647811128,0.47288195127065863,-1.5773135763643393
10686,1.4369789831701814,-1.7203242853642524,-0.7384270897632194,0.4626190624480881,-1.6945622196931966
10687,1.4964652606619109,-1.6496095319548714,-0.9914804778500254,0.4245881181756724,-1.6066135356133793
10688,1.5383802771020212,-2.3614318908643135,-0.0313765383255371,-0.192498504441453,-0.18954700716569392
10689,1.504006507923606,-2.4126049872004356,-0.07660179173403402,-0.3651342235278572,-0.29060177008275856
10690,1.1573330121709913,-2.346783156111883,-0.20813349637604284,-0.298713010568019,-0.07671914497485
10691,1.120420018252122,-2.3680121701308123,-0.13309712964151715,-0.3080224144906826,-0.11123478295341073
10692,1.3463810177319866,-2.350110392783063,-0.38209089893521014,-0.38831710974308936,-0.11486198274973043
10693,0.8494004759953703,-2.126781908781172,-0.403611743976327,-0.42725760146733766,0.044470219848454264
10694,0.9692664915302275,-2.2474849034988327,-0.12269311336669088,-0.34678214321253675,-0.10707803219386249
10695,0.7627611972449359,-2.2416269818762884,0.006539951276423981,-0.26254677920276714,-0.02751631515332414
10696,0.8528894816021768,-2.238038235422579,-0.10283813821446756,-0.31744319466838417,-0.03797323456816067
10697,1.0960507349974278,-2.281767675974782,-0.31338872751983243,-0.42722244079896926,-0.08186880837795191
10698,1.1873672156805857,-2.0575867277400843,-0.35149029415399113,-0.424379877329676,-0.08132877204781831
10699,1.3842019838751096,-2.244425663794379,-0.4785421863976116,-0.6374849765000216,-0.18964905592011794
10700,1.3169691459666797,-2.259764942975131,-0.4308575572858477,-0.5603218336564303,-0.1625769062019248
10701,1.6120018120659294,-2.4430936627217603,-0.5752602956186292,-0.5773733508700993,-0.15888460804843504
10702,1.5147804667783573,-2.2332327194980732,-0.21945670301040363,-0.3334209496562729,-0.20223874852564278
10703,1.1687435610984462,-2.206895233489424,-0.06303101456619997,-0.11368420893062042,-0.030302402821245286
10704,1.200948932249327,-2.2073177408494318,-0.28190397475621864,-0.2200865046776264,0.0026597069970470686
10705,1.0660907073820032,-2.23309726587827,-0.060442955017375836,-0.13729541857551136,-0.011958554170566705
10706,0.8797999319445856,-2.1364921171746785,-0.24410192161356975,-0.09463497974027495,0.1853562193241974
10707,0.9011080993932407,-2.2789601679692515,-0.1234886566366082,-0.238433271456936,0.01298075666892359
10708,0.8781336466802759,-2.287578609768163,-0.1210845819965425,-0.2607460743853321,0.0032571259483922545
10709,0.8355323738954133,-2.221297450256127,-0.026566158611066447,-0.18801970040714183,0.032229300097112924
10710,0.7659830517692685,-2.294006815041511,-0.12890515416668458,-0.3112745776250353,0.025701961155753985
10711,0.7521637551486254,-2.168041135959181,-0.1468696635963605,-0.16476054036607726,0.1388498903848599
10712,0.8575131246239616,-2.190025715134447,-0.07167547435429121,-0.12634568888582612,0.07607283149534164
10713,0.7902270947222949,-2.1167991879156816,-0.18779859816267605,-0.0788419405844617,0.20246447814307314
10714,0.7786065579392208,-2.1097474039188318,-0.18405369737650745,-0.12183319732978065,0.1723536661805537
10715,0.7939267570574301,-2.2183812095298507,-0.14134904591059094,-0.21020115285893373,0.08642372262364385
10716,1.1515319705973217,-2.1278942413232484,-0.1572701251813757,0.6421684408388039,0.5250433122849177
10717,0.31623350038845627,-2.5965060943045026,-0.0384260003518748,-0.6587271250796046,-0.15056605473851586
10718,0.3800844030961598,-2.484728949037441,0.13099781495577756,-0.49332895180944575,-0.1573504491291494
10719,0.5544571650996624,-2.525804118919378,0.22377943487939964,-0.41552523851130374,-0.2102155742557941
10720,0.6043957511734023,-2.2680688169767644,0.19473323664670197,-0.3660373023775197,-0.18052381847467402
10721,0.25620922027498105,-1.618389501914061,-0.26610681420188337,0.6119133841086419,-1.5090740137158336
10722,0.38543734973921,-2.4941676742486245,0.3387375461486578,-0.41884164965619286,-0.20782871086865937
10723,0.3710288895900603,-2.2084330152682923,0.28693133562899215,-0.32077267430459894,-0.1138467518186217
10724,0.36863340162543395,-2.0889739311148707,0.3254088958432135,0.04256993167344887,0.10517426371323406
10725,0.47080107430075285,-2.2215105149213543,0.3911211951693694,0.13259210185306328,0.0911758257291927
10726,0.4609424648717928,-2.150351921785067,0.09725141406784993,0.22265343307896082,0.313779956674593
10727,0.7124736782284729,-2.3741276995107925,0.0811549182036145,0.09755237624355442,0.14548523042227976
10728,0.6283689231521761,-2.0700534408275955,0.3022569545265307,0.6822601051284206,0.46574957130179356
10729,0.3237765200717459,-2.0770873800975953,0.18431862827237488,0.2725275360089219,0.35703017807022835
10730,0.844059822265115,-2.4941567522656465,-0.13186409429319987,0.15311070269706467,0.26949177781622263
10731,0.6285046031945254,-2.376938378377795,0.13849514975172447,0.20547880873676053,0.23111283072821204
10732,1.091343108482506,-2.4624878035518196,0.1923490857271123,0.49547527171527433,0.27469713599566314
10733,0.7066331160697923,-2.5986114420221607,-0.07497525547583257,-0.3551199538561378,-0.06409457257808035
10734,0.5013223117430823,-2.2469282414038116,0.06116788995607505,-0.04719398183087169,0.13522632594489345
10735,0.6117968757030677,-2.2692394066967627,0.13306559696712333,0.43815368354641016,0.3992633171640043
10736,0.9499988788772895,-2.482538234904001,-0.1537486470364974,0.25119100131519734,0.3306010945710589
10737,0.7292469358499567,-2.269163866029566,-0.22339341453955744,0.34132633019639247,0.48632711936376927
10738,0.8475297082849574,-2.404814167809573,-0.002717818531548586,0.14882063345101515,0.17446439826713578
10739,0.6828001287957365,-2.397601436961717,-0.0947116043524196,0.03978722484654415,0.21767116432349967
10740,0.9132708877427402,-2.446689009637515,-0.19355083663372621,0.15270533671180572,0.2833594389274581
10741,1.676714382820564,-2.219559970967429,-0.31938007097225285,0.47243332592070997,0.35517577593655303
10742,1.3820216196812511,-2.2762881921362204,-0.4203494822400989,0.4097856903787147,0.48017877751210775
10743,1.1508420317786265,-2.2568935013573994,-0.2018952603528289,0.20188218409493294,0.2608562793430182
10744,1.1129044976653142,-2.2054532559688433,-0.3264559831995495,0.2622498738062013,0.3812876504325661
10745,1.17697173764664,-2.2712109204271305,-0.36529227896820626,0.3064370104700811,0.4181371662396543
10746,1.1064346098296352,-2.269669488734793,-0.13627741500637494,0.3436392261656249,0.35051809505704135
10747,0.892337758432504,-2.2460632341418756,-0.21521186118836316,0.22618596433594776,0.37723687862895755
10748,1.2526362534690996,-2.278774088655211,-0.23215461418789662,0.4644717236368958,0.4372123807532065
10749,1.0506423287901439,-2.12416385135207,-0.2760253861473904,0.4983348025820374,0.5566228714583162
10750,1.2244517088922442,-1.8415754018536126,-0.6233505903757051,1.2534895326515334,-1.1549607130647752
10751,1.1055385533216595,-1.447252136537419,-0.6568118522372542,1.7403022315783137,-0.7812047266575338
10752,1.0709294164197227,-1.6389178676694223,-0.7805024683744395,1.3078822116033026,-1.0016655298372374
10753,1.1912700079466423,-1.7507578037854625,-0.6031571574503167,1.1724392310629055,-1.2329698625536456
10754,1.536428560157488,-1.6807071332092518,-0.5942472621318925,1.7681794270778013,-0.9001595938856235
10755,1.3967022800130895,-1.7762290634381404,-0.896959400722304,1.1720334879449514,-1.1312200676662896
10756,1.6118745824937444,-1.8207277867682026,-0.9298575695294099,1.298892726455366,-1.0414389899927192
10757,0.9855988792054048,-2.0659679427515925,-0.32895003547593343,0.8250332429588297,-1.5820076745575955
10758,1.0670005088507484,-2.5793864742145356,-0.45971890609070276,-0.5891551342583446,-0.10418497904773695
10759,0.9716432424515214,-2.691847886693129,-0.2637765400860493,-0.9142686998697789,-0.36503124570010936
10760,0.9568999162091169,-2.2974098410926955,0.11186318558799686,-0.6507073580818491,-0.37688854620250983
10761,0.5812038166115522,-2.4004405369667126,0.24640317819681826,-0.42575851611004617,-0.2502562862413293
10762,0.85346005121606,-2.577341030355649,-0.12199912479979663,-0.021255303331150447,0.1275205891140119
10763,0.6848738623272923,-2.5276710823732675,0.008779056910575053,-0.13807931219827155,0.009198326707907064
10764,0.9186805341926707,-2.586292769468546,-0.31207181514766574,0.07257105288262164,0.28744454272870035
10765,0.6713431006773352,-2.6188353511328337,-0.1824658497833148,-0.036687021648699275,0.21010900298254906
10766,0.9888598642158097,-2.6664684805720165,-0.362902400195142,-0.20658576524461678,0.10936381322223519
10767,0.6862450314572267,-2.4353998552179568,-0.3531520649660928,-0.16747244428865318,0.19364949896836012
10768,0.8984751572615991,-2.5266200356269573,-0.2335361080705058,-0.7715447387485542,-0.28634437094357906
10769,1.0556193259270343,-2.6769586065017235,-0.6901461030783524,-1.0568111017772748,-0.2394593421972159
10770,1.3819745243636647,-2.2684788128778357,-0.6314526395850497,-0.6971893389194097,-0.14526779795425473
10771,0.7375392902187421,-2.4938196222966886,0.07478276188493278,-0.6251359487714713,-0.3218642701588088
10772,0.9878426429655087,-2.287759839686262,0.012466104666310932,-0.748899226247098,-0.40094312229564316
10773,0.4938357864555288,-2.249465133931369,-0.1148926166047451,-0.6206386503685091,-0.14446825686147063
10774,0.6698687207003272,-2.317557213703861,0.021302741169368266,-0.6391669546359156,-0.26962601115856016
10775,0.5936418432566122,-2.381869053740639,-0.026992294984021996,-0.6368038438291802,-0.2322215302102688
10776,0.6809854797413172,-2.4224670361542633,-0.2050494415312223,-0.6973159864980788,-0.21138097917054635
10777,0.5980496699210496,-2.4566422569796624,0.09990044908483386,-0.6623783547455105,-0.3155042197937159
10778,0.5302203317939347,-2.4400464008319998,-0.16520045000333325,-0.6332429343997459,-0.15885943855881363
10779,0.6240903470288317,-2.4269328857987844,0.015788331483089987,-0.6527623235351421,-0.27645905984148544
10780,0.48015905384074903,-2.314830887334443,-0.019123358128956897,-0.5512349305376298,-0.16150900164523632
10781,0.6775000038090718,-2.656016206719567,0.12035679075696207,-0.6335058774776899,-0.35639144331177824
10782,0.5703858442764361,-2.506376880829594,0.07773391380711105,-0.6217313023198777,-0.2797847093745736
10783,0.5130139127458401,-2.5025609657140566,-0.10495506830249038,-0.6640193162522433,-0.19682077656204966
10784,0.3699885008314693,-2.4993364845750046,-0.05392284623904154,-0.6112531192360464,-0.1491120400296953
10785,0.48199842841649143,-2.5381993038151127,0.22784967704108977,-0.6167669312165202,-0.32138550186212284
10786,0.4776275335236457,-2.2362720063263497,0.08300825370424503,-0.381900985868902,-0.09832303855806523
10787,0.30239898517972463,-2.524934742508501,0.21487067460619863,-0.5304033240766899,-0.21024629593885188
10788,0.4273153898051815,-2.596883342730587,0.06284451008116959,-0.6589150234239085,-0.25942029223398694
10789,0.21250055512579116,-2.5226349938150405,0.27184555950692935,-0.46133433638911414,-0.1539138540503194
10790,0.21526172092000714,-2.3472246257703673,0.31680737068303466,-0.17187111746761016,0.013754784745324497
10791,0.25389642699615006,-1.8805866147308636,-0.13139903428669608,0.761830193073559,-1.4951131669889317
10792,0.2901601930108386,-1.8847207521636267,-0.010428002520593008,0.689770577899802,-1.6189449654640071
10793,0.3093272886373144,-1.8182010721864097,-0.03935393907055747,0.9304588841889047,-1.4606336915585676
10794,0.18753497567085703,-2.3765962225379376,0.24346766682409457,-0.1450716628785104,0.0778095471791562
10795,0.47505258484040225,-2.477312191839457,0.39014270687632313,-0.020380219749744577,-0.040325603851757645
10796,0.335683782333976,-2.4524964316037194,0.32143791980367886,-0.09905162893097468,0.0007154639844823137
10797,0.22009895352453387,-2.5728535374864308,-0.07684608055295478,-0.439678510127042,0.036888813296328524
10798,0.3711961655527064,-2.432530728522298,-0.03455388368299073,-0.1055052289857917,0.16577589349346147
10799,1.4473856001702137,-1.8863154006263652,-0.0933884898187911,1.169653020390872,0.7960517873002222
10800,0.3906686489398657,-2.209384017540434,-0.32457024133840867,-0.36486528573762883,0.23327100353967103
10801,0.6302017256401486,-1.951412202981008,0.07689907909991503,0.29587442842510164,0.3591537595165952
10802,0.9449921850906144,-2.0535435681024303,-0.2665033487304602,0.19584091570349751,0.32476360510696467
10803,1.1738633893760912,-1.8984279233843413,-0.5943434372029751,0.6776538124455446,0.806617040992206
10804,1.9298108713454978,-2.1674381554072157,-0.25727065496393836,0.9854602973211141,0.7113773918507922
10805,1.1504491466785307,-2.2236214371591787,-0.2093696919379343,0.5578365839916007,0.5036153032277191
10806,0.7767796830474515,-2.6900219892539123,-0.30872916790029686,-0.4884429164436283,-0.055160465314840104
10807,0.8501000326595808,-2.5910332037879282,-0.22271250564342573,-0.6446013885355627,-0.21141107428494849
10808,0.6924361480508069,-1.953963722494815,-0.5519033930863313,0.3047731616768466,-1.6973693124413087
10809,0.7405681575391682,-2.0106381182771447,-0.6225272197943071,0.3565971752160131,-1.6521325611707303
10810,0.3321354268046159,-1.5963002364467407,-0.1488619948475338,1.0650260249624062,-1.3059366193516777
10811,0.6268386998823352,-2.4131888624604514,0.16135902818007905,0.030053837356477025,0.08169084389274807
10812,0.6320875035633832,-2.3937913350104227,-0.23809129642634738,-0.1069117801849335,0.19515608263017012
10813,0.41024149377654295,-2.23955580304871,-0.06552831762273341,0.02398178687725519,0.26001060733584314
10814,0.5443688442044187,-2.456158110365266,0.04449753578929389,-0.05769924288279632,0.09931503057399974
10815,0.7320813990271282,-2.4695082178393157,-0.020775982772515297,0.08307096107357576,0.18081515636966797
10816,0.6485960323506834,-2.540920142125705,-0.15739227965851432,-0.21448995546372468,0.07799860872846649
10817,0.632335378836425,-2.5175826878930545,-0.09438215319451447,-0.48991931121599475,-0.12555279032264924
10818,0.6404012130518691,-2.511071273259377,-0.18255420603634379,-0.5029661271408141,-0.09885943997638094
10819,0.538388404409714,-2.5243770412957427,0.07879277691385134,-0.5786469913016984,-0.24553499353317776
10820,0.7575558544510956,-2.5451375679371333,-0.2608925043967519,-0.789981851766712,-0.2416134959394259
10821,0.6732042254266448,-2.2825266389380894,-0.16646587990726908,-0.7378081656585694,-0.2187554057365913
10822,0.6953111608492599,-2.426221857296683,0.0770530041969297,-0.631259084181799,-0.3015028843349
10823,0.4643500780560394,-2.393895748933594,0.20461485554330167,-0.4159206656592926,-0.18151202913716868
10824,0.6282718989310407,-2.5906096673965995,0.005429008984694803,-0.5084836131537835,-0.19456913803325648
10825,0.5552460104932166,-2.5189400713662953,-0.2247414755698825,-0.39254614279315514,0.03266128909464819
10826,0.604545893793659,-2.428290156051999,-0.06811527056575499,-0.584169050987455,-0.19112729771984704
10827,0.5378350932252497,-2.395587557284884,-0.0895098119986996,-0.5690699120764849,-0.15507125912298084
10828,0.6217682939067295,-2.640785177365603,-0.013015494102147513,-0.6623494453179872,-0.27815908797429034
10829,0.6437697224957963,-2.513155433081797,0.019250142979213982,-0.6682204130890748,-0.2958508721672995
10830,0.4773362724721505,-2.4681687142468416,0.08394569429924927,-0.5075909260514798,-0.18107799713141917
10831,0.37883534650623524,-2.391559301815909,0.09262613749284035,-0.34958874022275627,-0.04269329212002693
10832,0.4574077694949845,-2.4652981527513513,0.07302424046249245,-0.5069691737687133,-0.16449453913163942
10833,0.3775553798093841,-2.422913924613828,0.24051668761363476,-0.3630652443004174,-0.12711068399450387
10834,0.3292531321454234,-2.4301411054544273,0.3806527409121823,-0.263777328261602,-0.11560234045886413
10835,0.24464028560745915,-2.477936673224061,0.05353515481537735,-0.5173587990537024,-0.07488095790557449
10836,0.3364297414644486,-2.4172204747920447,0.40940604142170395,-0.20480162840693955,-0.09254968414395948
10837,0.19320891183537459,-2.3735490121404506,0.024193970398725752,-0.40270110421913435,0.045904101832379474
10838,0.25117630829779775,-2.150125686249132,0.25667654349285224,0.028678516048872178,0.1796101246008029
10839,0.5760495883013628,-2.212988739418668,0.039895876671246534,0.28697545673935754,0.3407584479438598
10840,0.40125455715322933,-2.548191061579554,-0.18206086316452708,-0.6329850265649402,-0.08417502546655219
10841,0.29294018670202543,-2.3969779133367197,0.05918296490791717,-0.4351248653208198,-0.027392174859302496
10842,0.2794387472372719,-2.3630949454078682,0.25542812739266063,-0.32440308625592396,-0.04764211913582752
10843,0.27452692143215524,-2.4352571837493637,0.08843892628418011,-0.45969046208506753,-0.04617888131070454
10844,0.281967517120752,-2.5282287514558304,0.1714623317588263,-0.5043843027843518,-0.12084948712761402
10845,0.27046879068864693,-2.524011481707203,0.10248576842188586,-0.5369878256023364,-0.1019189696071906
10846,0.29320595672588184,-2.464690806766871,0.18397632498176023,-0.46966505233996697,-0.1130312527571112
10847,0.26970005071712755,-2.4260583384985095,0.27088855618750346,-0.41837446641447945,-0.11012459484625206
10848,0.2889906848904385,-2.4015642250728244,0.10988882707185499,-0.430006718945283,-0.04278218162682385
10849,0.4697670613122531,-2.311056161081193,0.321029831771263,0.031127736471231186,0.06586118758895484
10850,0.501035324496883,-2.479533225172757,0.17847462879779394,-0.20278544381056213,-0.024807100459182076
10851,0.6339687447633421,-2.4502263866260328,0.24383177614662963,-0.029309769119644145,0.0031373379601033354
10852,0.5607224304404481,-2.522869720988661,0.20295935966990858,-0.24156698487572312,-0.09087623712011966
10853,0.48817632915485104,-2.4014823018698066,0.1521164454410845,-0.12858162065120643,0.032861796730698556
10854,0.8363492302291057,-2.484184822062524,0.19099606097509453,0.13081343114997623,0.07801857024733787
10855,0.6462329239711084,-2.099012986869379,-0.2462905425023254,0.1307909877119457,0.35584737964678803
10856,0.8467927553031193,-2.3955368816844134,-0.06234698414657115,0.13121978584195607,0.20576011229319766
10857,0.37461285422057267,-2.281559344573965,0.011005188529612426,-0.08101509369866605,0.18140729994291147
10858,0.710434216954335,-2.387746969250098,-0.3702552055860792,-0.1979192376506434,0.18654781147064775
10859,0.602501010448281,-2.6048511396955685,-0.4545815184379012,-0.6329721235262777,-0.014516152580527736
10860,3.6871891077959438,-1.2273922294815145,-0.5342341219166138,3.05627046573416,2.0641449148197824
10861,1.107322539233789,-1.5314351300535618,-0.8067526259379405,0.8103778058345484,1.1011000048722948
10862,0.5877796977943964,-2.296499524198263,-0.046231301463853715,-0.3943935147293702,-0.015709535091651967
10863,0.6694316882276594,-2.1439755884499365,0.08343649400015167,-0.18852383988895674,0.020580003667648814
10864,0.6543214034441939,-2.2242071648068804,0.11430112476169754,-0.32555400050832745,-0.09263051666763689
10865,0.6534677745349687,-2.299778846481323,-0.1571779692585616,-0.4294740945916041,-0.018813123195377684
10866,0.6208059544611113,-2.064130729176222,-0.07903738778048987,-0.058155475962157026,0.20974830713917672
10867,0.6314048302308893,-2.1247758568291917,-0.01378946203160783,-0.035890169012225366,0.18143401150575791
10868,0.7062240574879366,-2.170307390490035,0.002094356993099451,-0.06499584729331119,0.12660198428403416
10869,0.7960859527118173,-2.1925993905412526,0.11997966655018774,0.03185782092684754,0.08840049286887448
10870,0.6770436513197732,-1.6366709616546429,-0.42682556044909836,0.9025434647142119,-1.3459440495601356
10871,0.7135127757566672,-1.649542478229228,-0.5399225407069529,0.9362170569568308,-1.2876596685335717
10872,0.6290662642283535,-1.6684811743356913,-0.3871279974299939,0.8082528672302404,-1.4148972473792787
10873,0.7594438514645696,-1.632290687627603,-0.4610987997384877,0.9403900381706973,-1.3380691266311322
10874,0.6662943785874718,-1.5218044492604235,-0.35232535820143596,1.0752332587019409,-1.2612516569598005
10875,0.5161347765770882,-1.505739062443786,-0.5227097895405265,0.9289312741075094,-1.2093120707292353
10876,1.0126515550041035,-1.8930403982563533,-0.6387215099436299,0.9947253667119886,-1.306118530927882
10877,0.5002389769853539,-1.8020381928363167,-0.9297726531015184,0.2470689276343075,-1.4634576238173438
10878,0.5543547785422039,-1.8372834505622178,-0.6245738591734822,0.5678996018803931,-1.449216731931631
10879,0.5312398820456682,-1.8843121668964469,-0.29483190252179753,0.5063755175558319,-1.6503019882224177
10880,0.37483813480424,-1.5738314123024022,-0.08733020851816337,1.2932090938835132,-1.182340103097895
10881,0.5789675355702952,-2.0069001803112223,-0.5492301733365181,0.6799363562938256,-1.4351072369416427
10882,0.4978371036227209,-1.8595585767055673,-0.5412368793532807,0.7267387115306264,-1.3753742157853048
10883,0.5160161582134591,-1.9182826777400612,-0.2836983335527738,0.6190618084348904,-1.587047897941948
10884,0.4173516163098483,-1.6174877621517425,-0.22145547611155122,1.2239366811232588,-1.1785381420547012
10885,0.7117856453527448,-2.5354387197877286,-0.1532273334136282,-0.15148875547055807,0.10895545845004732
10886,0.7037570430628761,-2.4415580308879035,0.07696089988561511,0.17013968108805033,0.20515048772843505
10887,0.48618587723562706,-2.4363148518104056,-0.015417285577380653,-0.2308162633105555,0.057387622993716796
10888,0.752979038254479,-2.484676635268738,0.0002785147504074022,0.02890087751741135,0.1273825022421964
10889,0.80456168920542,-2.5865454940011237,-0.09917818944631607,-0.15515321148467934,0.04233791426960934
10890,0.6503747846948561,-2.3593393555780295,0.013139180948807882,0.040892447348477155,0.15315084042414942
10891,0.4984944381023711,-2.3487971380389183,-0.09655758386945466,-0.10696949775161796,0.17535622452233907
10892,0.7067352054117433,-2.3168570918798506,-0.05534213541049612,0.06440366282879646,0.18256295777188425
10893,0.49292927948842313,-2.3360886741012337,0.07884862571927378,-0.07413514303297283,0.10094955239373868
10894,0.7905479689300825,-1.9406876950371827,-0.36716635688264043,1.0101695057674933,-1.379360908888875
10895,0.4480434499336379,-1.830223222930571,-0.5200329738145109,0.7727969663547379,-1.3477215249305665
10896,0.48365872794202824,-2.3773279497811863,-0.026147227959990332,-0.24998491088409772,0.04028384768260625
10897,0.4771273494854796,-2.282234198301947,0.09259651559765915,-0.08789863557346544,0.09012899036437352
10898,0.478742942125262,-2.348970149943723,0.0491912973724932,-0.0778374012938585,0.12423452143280715
10899,0.6227285892724091,-2.432622393252814,0.07201079449094723,-0.0541498154363277,0.07417857197618534
10900,0.46873580382828045,-2.2048846443809667,-0.162960331763561,0.10875591724354891,0.3668711704783534
10901,0.5666162461939845,-2.290131796432322,0.01620049627239371,0.1433737124362961,0.25656039263700364
10902,0.8776004804532392,-2.45374145943129,-0.11093255898923689,0.16140427399723978,0.2546282368133325
10903,0.6052303123141336,-2.2194424137891784,0.027788182514022975,0.35538879405437074,0.3938892640188298
10904,0.6959627852463411,-2.3933397788390396,-0.22032327925200684,-0.041285081003144396,0.2221029231219849
10905,0.9476903187317985,-2.42523906383305,0.4952994480077621,0.37422573579312435,0.050102194989616065
10906,1.114675345609737,-2.482819612072032,0.8635128903471233,0.09856522293381836,-0.3778196249596628
10907,1.3261471733597858,-2.7337291169023414,-0.5321790935632509,-0.23763571028708022,0.1177486381341483
10908,1.041057622213606,-2.55648804069149,-0.3676425562817414,-0.037340701983276985,0.21772687226541948
10909,0.8951508606660056,-2.4682376554329966,-0.3153076862527891,0.07625458511110317,0.30729608985038864
10910,0.6462788888078627,-2.3447496322222885,-0.4819126400914251,0.013488225991897198,0.42838946918805104
10911,1.120408677310913,-2.0278886682433015,-0.11558068728754257,0.959634089585262,0.7711850468145104
10912,1.3709662657756938,-2.5327606288565345,-0.1983316868236602,0.0971498280478705,0.13052682958665632
10913,1.054545011619327,-2.5905977350533442,-0.6439644958446268,-0.20481594226229327,0.2576931879761058
10914,0.2262174783705144,-2.3220340565464053,-0.004372681483168271,-0.21881591071977433,0.1758691763743297
10915,0.2845822346179458,-2.2277917917056196,-0.10677713426597783,-0.027831504663582602,0.329558813021098
10916,0.7307892687619123,-2.026804422159177,-0.44964850858478717,0.6302678604114016,0.8414207191501348
10917,1.4623063169042347,-2.6709333263781376,0.45774986411927865,0.04894695029710825,-0.27135473170651203
10918,1.3997741344643528,-2.5348218905653392,-0.16062029362586686,0.4130678853575669,0.3518778772018258
10919,0.415418330010831,-2.280984424648069,-0.4064595423678051,0.06949663871158034,0.5095357394322484
10920,1.3637392967428188,-2.214289404681779,-0.5689141809911578,0.9055071337796028,0.9834316904875819
10921,0.8969681550585932,-1.6115249113646297,-0.3019922593844575,1.5014789813296936,1.3665088244632306
10922,0.3452599384436897,-2.411492102178686,-0.3585844864770357,-0.45601434367955407,0.1520651148518374
10923,0.27056057870484024,-2.2441655082532783,0.0052893424045486505,0.04911153026260589,0.32111711859594594
10924,0.28969097696877727,-2.2315367797518117,-0.09464600511361325,-0.003219566998169536,0.33291132633520865
10925,0.19482748604218522,-2.329002730085667,0.10573607039262856,-0.19640690813971765,0.14479244053582396
10926,1.5481785247434807,-2.5508125929401424,0.17253239326094957,0.48409779935721453,0.1761444884957834
10927,1.7524482865308189,-2.665101638869336,0.1108356017369281,0.22891709473268673,0.01405335044341973
10928,2.3449729015105545,-2.5271211946701633,-0.01472893976041931,0.44460899890410155,0.14090453707384817
10929,2.1076419219864024,-2.5120756749893105,-0.744925891385649,0.12286276309335076,0.35761184722948175
10930,1.3300745943292063,-2.5855923880570755,-0.4304277193783696,0.052089107618388024,0.26760557776987987
10931,1.3302125984776423,-2.5786506040009924,-0.6846805344917684,0.15353422654994883,0.46440954781389515
10932,1.6047725436416718,-2.2963931901782755,-0.07223164686827308,0.7171811459192345,0.44659356018658825
10933,0.87596119938307,-2.401092715055562,-0.9378012965229383,0.018235765223882767,0.6285777264411001
10934,0.6249162762890859,-2.5010549378592435,-0.6348358913026207,-0.28197363940885295,0.3221498670123207
10935,0.7328045721518123,-2.397176154587672,0.07215351296212172,0.08901255282921963,0.14336687274292265
10936,2.6666845190118957,-2.1171822970245575,-0.01234805594459074,1.2155952284566722,0.569185331717226
10937,0.4788407199288401,-2.24464062521888,-0.642270168948691,-0.21272168483531867,0.4555342622212565
10938,0.7532214211473613,-2.1122781840422977,-0.3953572725002833,0.12520183222207124,0.455305475721495
10939,1.091448031456827,-2.3371619967311696,-0.3856472314345966,0.08750325456137237,0.31164311380794546
10940,1.044302615699026,-2.2870377130581483,-0.3206520659974145,0.17513425327724486,0.3473580926485614
10941,0.8204306652103549,-2.1303832667116067,-0.4344914897592018,0.13856766429345865,0.45048141700190664
10942,0.8129822998756133,-2.037833723249826,-0.25356334647931894,0.4247921459680122,0.5453510786745015
10943,0.8048272274685322,-2.1566600753273635,-0.20778372413881102,0.23428212481821306,0.39895235566400983
10944,0.9048457461698743,-1.9978573563654516,-0.3232223188168259,0.46427339819065766,0.5855334921179246
10945,0.5446726243403658,-1.9870344138806015,-0.12516033661816564,0.25089642184480865,0.4544594056687367
10946,0.7208009568576783,-2.256888406145818,-0.1440057098993137,-0.085940932695422,0.14998151543803803
10947,0.6641735983044059,-2.2656974834297876,-0.039877600544097565,-0.1098676604067256,0.1103206701403874
10948,0.9804922407932264,-1.7659774618350288,-0.6673296805343333,1.1622188356665117,-1.1497830428735543
10949,0.7724377743148426,-1.7216074646060118,-0.48904841910772473,0.9999594015462847,-1.3014578922266327
10950,0.9191382692067669,-1.6454573830215111,-0.4695421193656055,1.2727846346866507,-1.1725090776304279
10951,0.6411809586756271,-1.543635449016791,-0.7253095129720815,1.1067246785718574,-1.035454987792492
10952,0.8426193210506872,-1.5041555366180197,-0.6536592179347681,1.2404329619332823,-1.053447011641581
10953,0.6427048848050305,-1.5851449865816785,-0.42707401299207454,1.0067801262247904,-1.2499822936043448
10954,0.7110291477775584,-1.4570458708314233,-0.44873997161617735,1.2144914351213365,-1.1311622978556108
10955,0.6946379665807793,-1.5399650782314014,-0.4852675210889701,1.1828821070448114,-1.121662482654677
10956,0.5152620770764712,-1.4085990382091682,-0.4503226271725657,1.1548089796298766,-1.087493974349598
10957,0.5647190701352915,-1.678972621509795,-0.35020040009210945,0.9521134329929296,-1.3147301548935966
10958,0.5203488966104726,-1.5604832752278297,-0.42014924612505394,1.1301014412227481,-1.144790322826417
10959,0.4586313404811459,-1.5475075484810743,-0.38495626305530073,0.9000805346806944,-1.2791714605987485
10960,0.7574514010080866,-1.621431089426691,-0.5063290561910412,1.0129221293092743,-1.2613435431345719
10961,0.6970974397223858,-1.6628282409703077,-0.5384097377792746,1.020792590975359,-1.213569680164281
10962,0.623184181181342,-1.5175056122575628,-0.570667689955457,1.0352306387433632,-1.1395514230531685
10963,0.504433014516447,-1.6197763686889886,-0.34996809695007147,0.8877451906792635,-1.3201922114424012
10964,0.6178954992869379,-1.674486821675331,-0.42695764641155215,0.927953349938125,-1.307992207735154
10965,0.6930235071933168,-1.6242430219872313,-0.5159296893609111,1.039193641196763,-1.234874101286178
10966,0.5514230036016756,-1.6190587103923093,-0.37288378189042076,1.028461369146316,-1.2594245898633967
10967,0.6034779067832342,-2.298454322333156,0.07686708275760518,-0.13364179865635276,0.05428352347900994
10968,1.0067852027469621,-1.9208840498602844,-0.6394189539616434,0.6689797874829279,0.8886439611738869
10969,0.5868577245687028,-1.6300345142441528,-0.4939549855483569,1.0844475218881744,-1.1914165505153786
10970,0.5729844726271698,-1.636241911766174,-0.19054529093143394,1.1004357989803646,-1.3295252889619946
10971,0.42119917498986387,-1.6101332072371024,-0.3595552333781619,0.9596154124343607,-1.2797098733096026
10972,0.6076342167013699,-1.975002637351971,-0.4247264711084591,0.7607732947679194,-1.4542567503781563
10973,0.6492126318095466,-1.7652464685588298,-0.4715597077870873,0.962336648143104,-1.3207928210870168
10974,0.5584956888315268,-1.8651053012309162,-0.4044440050066148,0.7318171907891775,-1.4687449261424244
10975,0.6321874516676517,-2.467970307718737,-0.055269121290107005,-0.2756830325467374,-0.007317961921247933
10976,1.166819911914822,-2.414143122390337,-0.21732430218561655,-0.013245405236236959,0.09695454458948688
10977,0.7260879508771908,-2.132277408896613,-0.5005244429907136,0.03250937488510352,0.4102097499051855
10978,0.7967320765605129,-2.2606140239134724,0.0003704779025298256,0.03614925098177856,0.11076011519624482
10979,0.6385885250080158,-1.8284182877077508,-0.4694549443103871,0.80439881962243,-1.4127450669553256
10980,0.8603197869983334,-1.7100256565872278,-0.26570635598104597,1.1062328604078058,-1.4008666768978872
10981,0.840225949553049,-1.9393709048369316,-0.7262916920501769,0.7507594613137928,-1.3698041249332167
10982,0.9656314916478694,-2.385277096240551,-0.009960730912881547,0.01888337738204827,0.06800657875989748
10983,0.8904566804821147,-2.3837437343253054,-0.2055145850154343,-0.007145877027320964,0.17841848221132706
10984,0.9402407676298309,-2.496528561950839,-0.2695883773768547,-0.16674839511011663,0.09517046409079774
10985,1.0325043871049877,-2.4057038200952188,-0.021081748784874284,0.0678584118257963,0.09182093669801619
10986,0.9153303133486922,-2.4131920388476114,-0.1510595049740772,-0.0868691538188864,0.08458363506105704
10987,0.9621470951444406,-2.1731014611823305,-0.03723774639149231,0.24124761195426112,0.2222441675728693
10988,1.0880639743182214,-2.3793758313885713,0.05187903587823492,0.1418664275709885,0.08963874199767316
10989,0.9118450096836977,-2.4032908421688925,-0.04850755342703903,0.0010577688262485663,0.09807077772017565
10990,0.704645471510799,-2.3774439827831224,-0.08293479028687932,-0.20701909778159924,0.0440985442159917
10991,1.0763810810264025,-2.4696149392971005,-0.34415805216895334,-0.1381788771548727,0.10744459152946108
10992,0.8549980901263691,-2.3339327227919617,-0.2867794291669815,-0.0023456268580428746,0.23976904932767104
10993,0.8271515025663664,-1.9570469440215472,-0.3059844561803859,0.5036261362807973,0.6199905601411262
10994,1.4106665123421414,-2.523220048033177,-0.29684860498891225,-0.12500211491265964,0.019720421884763605
10995,3.0546324372399147,-1.5906708607059057,-0.18763270033663543,1.9560335296445885,1.0871280314276484
10996,0.3277185868127611,-2.5491201988267562,-0.7705112643707982,-1.1151473516267074,-0.029482132807218075
10997,0.4309189570572627,-2.4689248198599785,-0.22531514367319824,-0.14841215519321707,0.23739201929541331
10998,0.3732178062790992,-2.320690902909751,-0.2604476725516371,0.06832329492878132,0.4257732551447438
10999,0.19884599936999658,-2.3535298309345745,0.036369912144586104,-0.13731354976602347,0.1900520412248472
11000,0.5330625633997865,-2.186641323042469,0.18194547442331155,0.4004435075244729,0.3540879040126123
11001,0.5867088893153215,-2.107941370055026,-0.830848783690606,0.8493560248869486,-1.158328748399472
11002,0.3284789885852936,-1.8819665080228722,-0.33958628806171554,1.0493425646676988,-1.2213933791666243
11003,0.3146137195702258,-1.8550359424547331,-0.39198044257411,0.9208239490993139,-1.281063135434141
11004,0.35798719398007534,-1.9041062422830155,-0.2920489962957966,1.084751911204049,-1.2271555846137077
11005,0.33621132247708624,-1.906225319428538,-0.1755042573465814,1.0555253065106185,-1.3056855431208072
11006,0.47370965287072675,-2.0051517956775697,-0.559124121807672,0.920061127169991,-1.2382384301590994
11007,0.32979037647593124,-2.548898061521662,0.028335488438288082,-0.1722005388324909,0.11157278998061092
11008,0.08979231055942938,-2.1769695228885766,0.3780702041391668,0.08404492812713617,0.2130157812945727
11009,0.14392155160635886,-2.379690227991791,0.41049056944371953,-0.10940633187389699,0.0462457507451413
11010,0.1541793132487566,-2.2183801921956277,0.2687788416896524,0.07951338076677872,0.23593500096460646
11011,0.07671363817515899,-2.226034037949477,0.2679933600193392,0.026121614205476963,0.23879550016394713
11012,0.059247823451369516,-2.4494094445237278,0.41361084360958855,-0.3452232893100782,-0.06027461506227083
11013,0.07540053030529309,-2.206834346146471,0.42626398427916257,0.04480626332124646,0.17676936305207974
11014,0.08007357765231801,-2.401289291032521,0.10113384291864519,-0.3948355734939813,0.049178705971450395
11015,0.022764134994682803,-2.39916287571588,0.4127051384895253,-0.2815067346075998,-0.0034873679850259166
11016,0.01699676663329393,-2.2668864018433337,0.24506231630808673,-0.1466793085262971,0.1654165120587159
11017,0.03706145679254395,-2.499059316742189,0.37878988549001547,-0.3848539918627976,-0.059444924933591554
11018,0.03818228649522886,-2.5392884589256903,0.37294143773178356,-0.4510437247473068,-0.09893835781834805
11019,0.044431921911968104,-2.2570768479642394,0.2768734692136836,-0.07254858435389781,0.18228959912561646
11020,0.023475426387361015,-2.4227053800342104,0.2571872300289895,-0.38219316858968727,0.006526587264424206
11021,0.23921592736062225,-2.475242953089732,0.01206578426459791,-0.21563934477870142,0.12819259610915
11022,0.11811722784796923,-2.343515084390662,0.2638955715355663,-0.12684722746759017,0.11218167695434969
11023,0.11128950496567244,-2.401634271869747,0.3362297571402117,-0.16671844659947155,0.05556973758546337
11024,0.030089512095051014,-2.5110438991464665,0.35764502818998445,-0.46325860390954604,-0.09560526229555597
11025,0.02151520724287671,-2.5176788303169437,0.3896984276088007,-0.4700385793746725,-0.1097063631966472
11026,0.004624016428997941,-2.2383097927200692,0.2589183501265267,-0.16196307678506477,0.15614479285060626
11027,0.006314203566054393,-2.2947046825540967,0.30404493180171327,-0.18471264337390705,0.11799851034507439
11028,0.0009721005770567909,-2.4438888134302346,0.34416057507311976,-0.43855150904305634,-0.057942253613367654
11029,4.337479261086073,-1.7455375743486863,-0.8807672564045426,0.37017414537151383,0.24079535982214167
11030,0.20813128252155605,-2.345384979535848,0.1242747098430014,-0.459369790982839,-0.058129579139954146
11031,0.5683349961177738,-1.9629562146805466,0.013208809200857806,0.5353172203017135,0.5596467051544031
11032,1.4279633184627298,-2.1151072929388337,0.14608743207867808,1.153529583471657,0.7031281067801093
11033,1.3860570606459697,-2.7376799867677537,-1.5018085009521092,-0.6326681684977286,0.38950266909205633
11034,1.2362987791938784,-2.3684981441884254,0.5672209958924558,-0.04984100360453732,-0.37562731412162687
11035,1.1845539531087237,-2.6260263792648075,0.05762474494293336,0.06808778351357969,0.004082035619059807
11036,1.398054879816326,-2.5301508847950984,-0.18582796078874728,0.4594045964251803,0.41992360281539765
11037,3.452539536057594,4.094981398228349,-3.484095225506576,-1.551639118454773,1.3431576103550575
11038,63.68357962145119,17.69241393767491,98.28675357480621,14.486621809737423,-11.948393411855765
11039,37.79151134154862,7.163453186316422,23.6633978995953,2.589006810490839,-1.4957085729282222
11040,-0.469916838280886,0.24189223301455062,0.4252595132070734,-1.0304227205998058,0.2548544505338015
11041,-0.4575476299343187,0.23631031523162177,0.41152486886219486,-1.0141660159815158,0.251929784039011
11042,-0.43376284073903004,0.16383130132229792,0.3899726610136095,-1.0515618190487708,0.22734895143944714
11043,-0.4515910592152914,0.21589430664004391,0.3722850667373492,-1.040631227662653,0.25048696413475235
11044,-0.4454393395215652,0.21581843690125754,0.3592082584601149,-1.0265294924900208,0.25309989594817733
11045,1.5234854709395846,-0.004161120759343577,-0.9857822136257782,-0.9899314234432021,0.012038630903012855
11046,-0.22363723130684843,-0.06179576188111976,0.5859820910796535,-0.8127411762463429,0.13971736554212047
11047,-0.43079754871197573,0.10686729593473912,0.48181022294550946,-0.9722856893111701,0.20245980105530043
11048,-0.4413317452148684,0.0775958891980579,0.427413423246223,-1.0045129249655829,0.22978922600343432
11049,-0.4528679691117454,0.17900263234721264,0.40482971898745196,-0.9775414599427656,0.26239124640486744
11050,-0.42144318502142764,0.09151403257717602,0.35704440750851957,-0.958291865748793,0.2624684925919631
11051,1.5955356610223712,-2.4626421617240233,1.1619628682718222,-0.0006136418418850713,-0.7192355528781205
11052,1.7466967428500653,-1.8461628393753422,-1.9684468186107031,-0.3287573386875426,0.7698065976749073
11053,6.098268128846174,-1.5601773759209157,-2.1929968769979578,-0.2775996428917435,0.6972185588998387
11054,1.1410964269754111,-1.6958821384168277,0.017467002817223683,-0.5382095520441552,-0.2949896910855471
11055,-0.3629854534952438,-1.0924408364506226,1.0447437728833013,-0.8756932440230842,-0.22007302956623384
11056,0.03639371828057876,-1.4405447292947478,0.49079170620027546,-0.25250440018381154,0.011010431544253704
11057,0.5323617409627497,-2.045511760010819,0.06273748570033469,-0.8882277821060338,-0.37662568884329006
11058,-0.6882196000683671,-0.9098551294117979,0.6205383145526457,-0.7668526674819027,0.13928833365503387
11059,-0.9539161265733378,-0.4385567767895774,0.5264057978624018,-0.8197686949294767,0.35615474592611196
11060,-0.9622208538933034,-0.4090443276095044,0.6313380033757543,-0.819512802501401,0.3338329893423401
11061,-0.9661690400499423,-0.4106316366924937,0.5620559151709754,-0.8244509496164831,0.3649254353866317
11062,-0.9318315989659255,-0.5125445880777354,0.6552868208054816,-0.8956846975491165,0.27112392699986765
11063,-0.6686435411449799,-0.7249846713197172,0.4162197677451813,-0.44751695424385346,0.3684411670459139
11064,-0.6536466462705827,-0.824727147895149,0.48203236324104615,-0.6947627645317015,0.2118940022858671
11065,-0.8500251441073945,-0.6526057877922803,0.4841091698289291,-0.7571627011666321,0.3049335829790162
11066,-0.9404116760402831,-0.47381368783164257,0.5982196047067659,-0.7612949783434968,0.34383331288736396
11067,-0.8881837922781026,-0.6457575918303666,0.6591407889313561,-0.799356497695949,0.25897302515054405
11068,-0.7128746206185353,-0.8136642548385762,0.5001858686947991,-0.6541979204202005,0.3154930730576725
11069,-0.6378535959409679,-0.8611769424438256,0.42268610632281994,-0.3504677611053971,0.39512418494861307
11070,-0.8664502648013828,-0.652915249655321,0.5472780222184492,-0.7176023442450921,0.3144611730266096
11071,-0.9957256299896198,-0.33779334745377315,0.6013263557308477,-0.7537830718871936,0.4032252385046754
11072,-0.9239255368143724,-0.37748785632999426,0.5854623378919799,-0.6986137272206158,0.4195673597348624
11073,-0.9591686493311155,-0.4727994768890649,0.7021099574231661,-0.8341219578045515,0.2955484131728716
11074,-0.969782681068477,-0.49031649402331856,0.675469673285616,-0.8340145848182172,0.30511905382459475
11075,-0.979042947861683,-0.47600891042464294,0.6698003146997856,-0.8539697491923447,0.3087224052389538
11076,-0.916862573287065,-0.4641925073732674,0.638962627653203,-0.7880570030537041,0.3446229661760924
11077,-0.8034815430593213,-0.7394061899904449,0.7218824539540538,-0.797371576969968,0.1943386502047122
11078,-0.9836400872944321,-0.43423257708730273,0.6121077374213422,-0.7259890202893026,0.38346143469042643
11079,-0.9606006787795548,-0.5123439602018658,0.6496217479254459,-0.7742443971251269,0.3310157775477956
11080,-0.9723123798421885,-0.528668293836731,0.5542346419583554,-0.8035034104277775,0.3519113637631337
11081,-0.9565237854279022,-0.6192388743294648,0.6204220156803104,-0.8607433239110789,0.28111768120769565
11082,-0.9439775248724017,-0.6207283984973769,0.5886015567687244,-0.7843738199109586,0.3139747498602785
11083,-0.9257783757348192,-0.6897928450395822,0.6376568103024158,-0.793584209887452,0.2735843637947556
11084,-0.773470064319038,-0.9998379990672276,0.49042023578891863,-0.6738199264794351,0.2517082163160468
11085,-0.9491106745337444,-0.6447105067600105,0.6585601092257509,-0.7719642195829317,0.2882517807958176
11086,-0.9632028542173592,-0.6727586960125665,0.6185440134680644,-0.8352683994688096,0.278928076206308
11087,-0.7248002785440038,-1.1216146606745923,0.5923790597431984,-0.6751789604305138,0.16410737217372925
11088,-0.78129759416934,-1.0378847000946556,0.6196904448635421,-0.7085986566790874,0.17508980684724765
11089,-0.9602033898066227,-0.6914875034767737,0.5954500853529994,-0.8296232474454966,0.2898097055048891
11090,-0.9811677025511659,-0.5720453285842639,0.7058569225592155,-0.8453663037327174,0.2882155128677999
11091,-1.01112823953391,-0.556825611226154,0.574814052612216,-0.7857642426800397,0.36122498642417594
11092,-0.9788954804923367,-0.6307468479478096,0.6495038243034489,-0.7970629215061723,0.2959109112317004
11093,-0.9690611223190831,-0.6584908430035764,0.6490525854682077,-0.8270575755390378,0.2794080294524177
11094,-0.9167359261583704,-0.8054901721492509,0.5358622278341973,-0.7530210959529056,0.29761447757329945
11095,0.6103249287991863,-2.8256750470189163,0.12201661594553621,-0.3001955175511789,-0.1502164045662623
11096,0.8031816914220401,-2.613773631196006,-0.4486430109563979,-0.7686074749884336,-0.1762700554389924
11097,1.1197676905738032,-2.9264415581817462,-0.21408759585114895,-0.49876519546424763,-0.21884627816296492
11098,0.8771066207801784,-2.6891827458219786,0.2169498219379424,-0.22869378659368744,-0.21314524572116017
11099,0.834159826397298,-1.9916552070025881,0.2457492332761409,-0.2886821571934519,-0.26132752353848016
11100,0.60282100190996,-2.9448659933795565,0.9602240426258795,-0.25053760214939974,-0.5617782284980661
11101,0.3090779032414051,-2.8225822579675426,-0.3382555308011127,-0.7987182629920934,-0.14477729623411
11102,0.7834617937762914,-2.7737418342051314,0.7081088102679619,-0.47146092881295626,-0.6159746831870875
11103,0.8878731625849283,-2.635648320581091,0.607021303376626,-0.44937628421966086,-0.5620998543375361
11104,1.14081649044912,-3.0046354457250994,1.4861538625166826,-0.4755268856735945,-1.089575450517263
11105,0.8549348683058162,-2.579075119774936,0.04720500076248779,-0.31919458333968936,-0.19095428043404486
11106,0.7587910626535165,-2.7607094011078863,0.36724780487249153,-0.10988464473918184,-0.19297791187186109
11107,1.6881394622910784,-3.0338380113188363,0.48905368015857065,-0.4836092978724071,-0.6421129294469767
11108,2.3582445282508235,-2.9540653106770685,0.7905799505069566,-0.2357311742047968,-0.6903836444645868
11109,1.3178583429120185,-2.5669279311754174,-1.4299003163772077,-1.04293496216631,0.09031705302793416
11110,0.9103797462787027,-2.574582418168504,-0.5478987341566475,-0.774752118925205,-0.14048903583136
11111,0.3479577472721797,-2.353536861259909,-0.08110104957120794,-0.7239267584764405,-0.20939460785102393
11112,1.127265939269985,-2.752783459430597,1.0435234110707807,-0.08193035087567106,-0.6277967969309523
11113,0.3133843503697397,-2.3740608427900836,-0.12151545639499892,-0.6136358728818508,-0.12372912096533623
11114,0.4451212945087751,-2.401846211034173,0.8032009124453389,-0.5077849850265087,-0.5534882606968257
11115,0.563294492124824,-2.832608611071242,0.5594295317888964,-0.471342866470798,-0.4929620878533427
11116,1.2927395741561032,-2.922526810925835,0.5431392759308673,-0.2763264590734986,-0.5067126920731254
11117,1.629514148496359,-2.9353289186238074,-0.0865498624596473,-0.4629787051347298,-0.3327501390783958
11118,1.7097210431557162,-2.9635195137619497,-0.665835594756729,-0.5848559518457218,-0.09241372567397595
11119,1.9214840537599378,-2.971351476886684,0.35872503759219215,-0.4246779234191301,-0.5591635842049424
11120,1.8807496545121196,-2.8335129565473114,-0.18747536146877386,-0.15387169896246128,-0.10051906757230078
11121,1.622916307075832,-2.80687394858724,-1.0551637414808877,-0.33664605344045245,0.30012257212966337
11122,2.179464964335498,-2.8036013204637014,-0.02772465476266611,0.039986591001986926,-0.062148179081698667
11123,1.822633777731012,-2.9176617778234104,-0.04798351145330921,-0.25570597783456966,-0.23652655365072614
11124,1.7046959066379044,-2.9421403655591254,-0.24270018294815338,-0.3086963853962406,-0.13769743366018242
11125,1.777313815896819,-2.914059228496755,0.11912312240632963,-0.25492753724918316,-0.3295443383888562
11126,2.1282287188797424,-2.829671807967445,-0.3797719145382767,-0.30580515876548087,-0.1219405354346986
11127,1.6602813717233462,-2.7400833707833767,0.18393313446026946,-0.543517515955345,-0.5611387748782417
11128,2.313450728074045,-2.7525624508574627,-0.5318960055710193,0.036471176919108395,0.20875026662777402
11129,1.686648044567034,-2.757671789390461,-0.4408944665255191,0.02236987838005174,0.1919505279596922
11130,1.6551869869015068,-2.8665050962323835,-0.6502914960204211,-0.1638879637921716,0.19231680052699324
11131,1.6245755946939797,-2.777397923840151,-0.23356646053151559,0.020183754853677894,0.07448265080509535
11132,1.74590735499513,-2.829052086139039,0.11766267325286202,0.16282007420834435,-0.028000915512545993
11133,3.0039993652991193,-1.8833868367732425,-1.211084446746364,0.6612509621004653,0.6808544930645749
11134,-0.307016303823733,-0.4665609553416567,-1.5842197255890484,-2.2317163866872214,0.545600261116727
11135,0.43710552366251854,-1.265903046531949,-0.30684571592081455,-0.3167128384080845,0.3555146808339691
11136,1.0959939510428385,-1.8562903469650633,0.3724539017600695,0.10084793055648128,-0.026330976857203287
11137,2.070246657939304,-2.439550774748832,1.6114778619456667,0.4441754211665085,-0.7532234040888443
11138,2.297455242194563,-1.8684133506226839,-0.3810368785350147,1.0604202378185517,-1.7152790785990966
11139,2.7036252869200994,-1.8196506828117764,-0.7949532805247778,0.5227958043753392,-1.8356742230364111
11140,2.929693575840213,-1.8159229433415651,-0.6541680974001826,0.6898106765953238,-1.8426250789426433
11141,3.0643259965829883,-1.7744036465939186,-0.7960515262680067,0.8331770345042827,-1.7471955702193573
11142,3.63063610248105,-0.47282125809620024,-1.954368868484071,0.5267741519684691,-1.521086634720679
11143,1.5908715164904965,-1.867383764921945,-2.0873724958938418,-0.22598905680026427,0.9120117414213458
11144,1.022354122091571,-2.8740691982741935,-0.6425864825040011,-0.40761723995180416,0.1039064197592237
11145,1.7332803040351819,-2.7306695157228806,0.01836065500677773,-0.17670346726676378,-0.2857727113124907
11146,2.0903718839276255,-2.703127644028057,-0.02519509165270143,0.1598164992154224,-0.016828030414213494
11147,1.7232909016834494,-2.718670298940028,-0.83498049815732,-0.09795749821834895,0.33079460097509844
11148,1.71044473787831,-2.630366730034126,-0.7590585471968633,0.1400135938198588,0.4351269360087947
11149,2.41267262525169,-2.714462547171757,-0.2325736670339034,0.04734691194105855,-0.021737237644967468
11150,2.4251000879581714,-2.555518098936381,-0.39864152909900985,0.3011593078685335,0.2439472502835423
11151,2.270248460449559,-2.763523763603868,0.012563428984580427,-0.23706019643592482,-0.3105577218130722
11152,3.08035892835277,-2.616252860919332,0.19480200008551868,-0.1227777859390502,-0.4295010250895055
11153,2.6787220565399585,-2.508356595533949,-0.7156363633437686,-0.036610193247495065,0.14259273409763515
11154,3.139588909933639,-2.7004708237152624,0.16751187615168128,-0.160198765588411,-0.405924379844359
11155,2.6597920698210853,-2.6376501068014404,-0.813370623987481,-0.2806269277814191,0.08072948065300756
11156,2.8160507219341597,-2.720244407530196,-0.17810542562579734,-0.24192302464509668,-0.23990439884065362
11157,2.5118983772967445,-2.688289088954913,-0.284041462271498,-0.19450501635239503,-0.14097140547726653
11158,2.4748995144900645,-2.764289843096826,-0.27549317945099216,-0.3713573339596612,-0.2435400117502614
11159,2.46433921481319,-2.768597893590825,-0.40437796255039665,-0.6813255812665302,-0.38036568678185173
11160,2.78296074146355,-2.615267779624041,-0.008589379947121353,0.1406859579918132,-0.11284169141866018
11161,2.427381944817991,-2.680431682898176,-0.5272385919787684,-0.2426951630260464,-0.05423716937750553
11162,2.5380722959860424,-2.7186737592666548,-0.0028808532955773335,-0.4071241340491892,-0.45268537980501594
11163,2.362616754575229,-2.78443942735137,-0.5905699499954004,-0.602742312988686,-0.2416854503191478
11164,2.5744853583682548,-2.7054588475562853,-0.33497926826780694,-0.4313723496315416,-0.2583173759507123
11165,2.4814655764691476,-2.743972252607254,-0.29700862894972985,-0.363014865537165,-0.22765029286290436
11166,2.213282339644074,-2.7022720962690423,-0.22452828381069068,-0.2830280670057957,-0.24190062518441138
11167,2.1697659790889974,-2.794498566401333,-0.7830178533450862,-0.7214004977494048,-0.2065155063117851
11168,1.8987293296282048,-2.832311778149413,-0.150340341108141,-0.3521201450215965,-0.2755228225014448
11169,2.3081211084352242,-2.8068267872707806,-0.258142973316581,-0.34979650177516874,-0.22505729802056326
11170,2.2113860163043806,-2.7708166984781113,-0.1966753449619718,-0.351008306652475,-0.2802237708863853
11171,1.892695927460077,-2.8397903147773134,-0.20085825132540047,-0.30961587059813594,-0.20460920971926808
11172,2.0930807505657345,-2.777038625693153,-0.42326027592698584,-0.377692178769093,-0.15083808326065268
11173,2.4775321521979117,-2.7605065884800726,-0.09779414303658,-0.4587244465967373,-0.405855674450045
11174,1.9637391371812007,-2.858938909736288,-0.7096807741116622,-0.6681918534413482,-0.171425546745635
11175,1.8840140996032493,-2.5941981032962778,-0.7627549173238276,-0.15442598207549735,0.1988850127528633
11176,1.0589962505823574,-2.8903795290496745,-0.3708738223145612,-0.318436567423664,-0.005220144738380287
11177,1.07828998789992,-2.7049180648304243,-1.104805165189696,-0.23404406259083815,0.512734514926845
11178,1.9849433577450104,-2.694156364522864,-0.4135675397771532,0.013083569511033712,0.11036640638024431
11179,2.0585376236087938,-2.7199832727782343,0.2009968114391903,0.2068867774628792,-0.12584289958223874
11180,2.6291391088190923,-2.4631457904627045,-0.2852487334241398,0.27150802163543597,0.10520826760565714
11181,2.8528298015847735,-2.7085660553038835,0.42439293884383184,-0.035310540077232985,-0.43280327284379155
11182,2.8414203406317484,-2.57923530378615,-0.6082803800550908,0.04198991978711972,0.15132870414901461
11183,2.061329704517849,-2.7545094751014148,-0.7091854381892623,-0.0680332501682105,0.24420284860528468
11184,1.7754581013493478,-2.806681671368901,-1.2429966377988908,-0.3037626447171373,0.43511622285425705
11185,0.6401746990459883,-3.011947444026649,-0.93476668369156,-0.7250307798042375,0.16599666108087485
11186,0.47952842187038436,-2.6003002096570875,-1.0484301889007352,-0.09501154564130085,0.8199866927567552
11187,1.956496624394385,-2.0404652825997376,-0.34495370973555955,1.2821041617782545,0.9936806695284139
11188,2.174752843614819,-1.7007556426715893,-0.8429493140283157,1.8036909638790501,1.7075908552913648
11189,4.636762969752095,-2.282448566937297,1.4120830698437612,1.3721915404482372,-0.17913362006970993
11190,2.6804555851453045,-2.6350482037745473,-0.6901687800309171,-0.04925212740333182,0.18321179129742046
11191,3.7408101188353755,-2.3302315737984487,-0.21234416335844503,0.6478370968703498,0.22771936010524296
11192,2.5199786562413657,-2.602002591943946,-0.6455414604721443,-0.11042544468235048,0.0811506064858631
11193,1.6717512796032268,-2.4083903744947297,-1.7416936332113606,-0.20739538916553166,0.7566164967343629
11194,3.204492903559749,-2.3375234433222416,0.8720122242796363,0.7527481297695142,-0.2794548408884698
11195,2.3914142808178696,-2.3644088554880747,-0.3596409570051173,0.48084985217909376,0.3115298545496868
11196,2.8279815202153613,-2.648986394214392,-0.8630206407232014,-0.5887345305363398,-0.12844972273545852
11197,2.65373452561877,-2.545798719802933,-0.17444360199290238,0.0113749206609783,-0.14261636761172242
11198,2.061437429884945,-2.8652412219268046,-0.29956293252159605,-0.39633576960392686,-0.22796591831899163
11199,1.9648639704408755,-2.8896238044156535,-0.3394963947524045,-0.3902345555817777,-0.18609199432469775
11200,0.713869096128611,-1.1448440781942515,-1.528613127636259,-1.1318000694208987,0.32339378007639197
11201,-0.20996309248082767,-0.4755725180395659,-0.9532891641756597,-1.4428854454138123,0.47505235933443635
11202,0.4997744576119804,-1.3509122082483822,-0.6102559793321449,-0.6090713017904656,0.3057369539408177
11203,-0.21562117762514188,-0.30533430121881927,-0.22283988763996918,-0.9416804525998578,0.3686429834034523
11204,-0.3870008124245387,0.4780449027589301,-0.30039724974337495,0.19524227376498293,-1.096855728824715
11205,0.058919810235772876,0.030148202815616282,-0.40433329062137807,0.44674708456999185,-1.1754971902902256
11206,0.20046902153954516,-0.0925525548052654,-0.28311058032644054,0.6381745696915591,-1.227740106477708
11207,0.18185531562694057,-0.2711256520957482,0.003004023787542734,0.47620956042577267,-1.4355086659058731
11208,-0.26355902638538753,0.2791562671744695,-0.24836676674605387,0.17502009294009274,-1.1852095856735463
11209,0.17986237949740397,-0.20020904910008583,-0.22147180504082414,0.5338575816873239,-1.3108321155188212
11210,-0.20955612785206582,0.452073554598798,-0.0397952896570014,0.2905593116124815,-1.2183790885465686
11211,0.054060670271180084,0.031044546476927212,-0.18617372942380808,0.4809718755165125,-1.2177387451743835
11212,0.3115842743188222,-0.38186453561648437,-0.24691443700377078,0.4591550059445244,-1.4033092262969538
11213,2.421576055051642,-0.4170092681603894,-1.518602592851601,-1.5835671869613204,-0.14553009367811925
11214,0.8055672325646571,-2.339521135464211,0.15085310886984796,-0.43271861810473317,-0.2970642441588081
11215,0.7565617522944487,-2.2629739209529074,0.1805273553323056,-0.42682926996373427,-0.2801312185453299
11216,0.8065316599111736,-2.1212397951059967,0.09976329322460895,-0.495658482161783,-0.27158310835184035
11217,0.5915802835604257,-1.7323919894226536,-0.033485552913002536,-0.5824675490175559,-0.1867263353447239
11218,0.46473393222258647,-2.177006929450193,0.1144568633543528,-0.3331477982738035,-0.10301748614172997
11219,0.2967306748946393,-1.8470227119669866,0.01578694666249309,-0.0999872186920765,0.15241100673290034
11220,0.21816770756209142,-1.993545034632423,0.1647464675500661,-0.3954684028043101,-0.08680176883215038
11221,0.6021601280236052,-2.553058950247412,0.654132801043718,-0.3202770082195913,-0.4412467159631817
11222,0.9987145501205216,-2.6923108240049975,0.6854706266388522,0.28070156327115353,-0.1646250423407548
11223,0.33760886313309585,-2.342964332469066,-0.8454697320949133,-1.0150325684022536,0.050217084869157276
11224,1.902442219879976,-2.879073684207097,0.9920486650576622,0.0577789176168285,-0.6701824676890924
11225,1.896973106530099,-2.715638066809335,-0.6179094608230525,-0.6669641115952996,-0.21401562029767826
11226,1.3792910061496706,-2.7024792104528563,-0.49266240335788875,-0.21524281235337325,0.06621877120831181
11227,1.6020199966020987,-2.955836583545917,0.34897413962456236,-0.382735825404162,-0.5487235226443603
11228,2.244187962874734,-2.8341404493102162,0.5180930997240655,-0.2101452209908368,-0.5932634393839223
11229,1.7967910901678839,-2.7808779497045264,-0.19927429168043756,-0.5057265089134736,-0.35749079915089477
11230,1.5409509923802256,-2.892593290527938,-0.9600517602029384,-0.7572240870648347,-0.0515714009081496
11231,1.7733433177923137,-2.7289945211473707,-0.8063972724200797,-0.3955560521803497,0.03653078344876994
11232,1.3245579656846012,-2.4462775576567934,-0.576551389854433,0.2773262224909448,0.4794913212599886
11233,2.070394750789807,-2.7906735592381886,0.37934664466661405,0.07922474551770042,-0.2950583496401862
11234,2.5485902634416826,-2.6075403173166714,0.12899750456652148,0.08040312908251537,-0.21212905905909282
11235,2.255034811944228,-2.7498933783163575,-0.18878070303498537,-0.2714265535539981,-0.22366747906529225
11236,2.1243796788747695,-2.6744986266585347,-0.022670576966003064,-0.4975476245752946,-0.47546142681494746
11237,2.5398556220415873,-2.6823980748670238,0.41703367352472626,-0.1964230606569714,-0.5423072646327836
11238,2.1714848483269593,-2.674672278550615,-1.110377470702325,-0.9261768053370119,-0.12432185816347519
11239,2.146989373045968,-2.870977971794623,-0.7713626713497673,-0.6287040076522538,-0.10407315147326243
11240,1.6833315495904306,-2.7588191644564017,-0.9779614751106438,-0.29834360674518756,0.24908969705865663
11241,1.779833276685323,-2.6426343859843344,-0.32305505904995974,0.10201008035822551,0.12957400538325492
11242,2.0771034739211673,-2.4100799893234295,0.18796948023101878,0.6513416366146005,0.17367616178058176
11243,3.0896473798003914,-2.5313627002719747,-0.823719234892547,0.014808915649378212,0.27086127952478617
11244,2.5620751444904775,-2.707182846497578,0.40781470530508573,-0.14803415106837564,-0.5250228743885597
11245,3.168667996468395,-2.6068062342187477,-0.3780859482127303,-0.28622211523659435,-0.19146000587443823
11246,3.4329599350821627,-2.446137766081991,-0.18767530259526333,-0.3285700598389153,-0.30162839273557274
11247,2.8983237276146574,-2.2761088810242374,-0.4721620895192014,0.571559640857664,0.3768593018843012
11248,2.2681671553512013,-2.6721296167364983,-1.0212886626536797,-0.7823280509186789,-0.12049409422446104
11249,2.9109389750139716,-2.5294677220056934,-1.0616237358025513,0.06175503309573025,0.4627515368195082
11250,1.6691315456856282,-2.775357975196035,-0.2851050352864148,-0.1791907687405015,-0.06773873561272867
11251,1.9127766813237153,-2.7309872598653726,-0.6834742580888502,-0.29311209751031625,0.04030794165925806
11252,2.2806126170621197,-2.600560610566626,-0.7164627582734935,-0.08363789097783018,0.15240768798067186
11253,1.4755100822509768,-2.453199924521345,-0.9357820320754137,0.3437919567278906,0.7144323448571769
11254,0.8690398287543649,-2.7772030531930674,-0.16987494847739174,0.037222727839284105,0.1887483663492676
11255,2.7415787387702677,-2.578002705044027,0.8990738627959397,0.2142038943338483,-0.6448277972457165
11256,3.129749632850333,-2.3440046570578734,1.0762322717541144,0.5253057208978394,-0.555198150664423
11257,1.608201718941954,-2.765075031267001,-1.0420587518198279,-0.746607936326056,-0.018480640128241754
11258,2.1661828139970223,-2.5524922992952317,-1.3698825622845685,0.10317431305149256,0.7286963412508584
11259,3.139356431550528,-2.318268511537488,0.1281547258735797,0.4834945087699014,-0.05462542162573604
11260,3.4567875057781783,-2.457087132654504,-0.2893788625623629,-0.13284850690495942,-0.1932299539219022
11261,2.2722507066470543,-2.7533693591996267,0.2293616444586587,-0.20972131632329188,-0.4247881544992517
11262,1.7052812023429031,-2.699019315093701,0.34473694449068604,-0.4485818456240537,-0.5912696645979442
11263,1.268907190245338,-0.4664101042996489,-2.037844951258958,-1.347399182286688,0.3205535327230706
11264,0.07934593538890955,-0.8652726218451494,-1.1186186473634931,-1.2990499074259356,0.44139029253841927
11265,-0.3074812150715529,0.20111416604225052,-1.222013500876668,-0.3781726209167771,-0.9899940717294425
11266,-0.31991574902750614,0.19561371341774922,-0.736695898500843,-0.09596757749181654,-1.088397673151376
11267,-0.09901795376721807,0.03688157006436174,-0.2902092317061925,0.33436653539174016,-1.249941351382519
11268,0.07640021993712125,0.11666754812276572,-0.19913138918291182,0.5456185935780233,-1.2385412947688443
11269,-0.02147330982152761,0.06884981656987768,0.006595308840082086,0.3869868825817589,-1.3417750059909834
11270,0.11529367118454574,-0.18967004877843807,-0.11676905254924842,0.4516939436069482,-1.3669586580696051
11271,0.013632767618758016,-0.1672602134228836,0.04328938236613915,0.394201231101047,-1.3981411895750457
11272,0.10293496454291132,-0.2086927128036599,-0.2592673358786507,0.4743632401352847,-1.2739822561253915
11273,-0.36848335967469736,0.4813209420914203,-0.015004751818828795,0.2495735667548904,-1.1901955552786805
11274,-0.12161522149678837,0.12405925580756204,0.03603076129182552,0.3427242088255492,-1.3404332352893753
11275,-0.2976399851847623,0.20520204506351386,-0.16722279062989057,0.2088293563069798,-1.214189687193577
11276,-0.20735951644425474,0.2914415495165174,-0.07471188088495986,0.28098448514490487,-1.2366788175378376
11277,-0.2914983509224139,0.4201647202184066,-0.013445315466228151,0.3231470359933726,-1.192569339019754
11278,-0.3162910837788362,0.4073263097950195,-0.08088239376581934,0.1553918984048756,-1.209604567663857
11279,4.073077497301637,1.4707546919324934,-3.6863145771288948,-1.3994677489883192,-1.3210365733513068
11280,1.651415732305869,-0.8362070604269665,0.11133170765433635,-1.11722186979251,-0.6103364117233133
11281,0.7042690696946895,-2.5683168404027747,0.08493729822035521,-0.26653616768769267,-0.14737581881678016
11282,1.2041599430811005,-2.4572745060699037,0.4726277722919121,-0.5990612091816708,-0.6387578978842244
11283,1.2573523322000362,-2.0515423053314534,-0.3474643536841688,-0.830954278980048,-0.33178402194722406
11284,0.9463125743980406,-2.209222555761286,0.1763529044799276,-0.7233576759984484,-0.4718545606491153
11285,1.1862186477034555,-2.2364570540881594,0.27407636696704357,-0.7248292620748192,-0.5847644270986488
11286,0.9918072008557799,-1.9969443489867569,-0.36479094162751985,-0.9759321820337831,-0.3335324621151486
11287,0.8021903566965647,-2.0073455481679914,0.24114032068122646,-1.0042241026597345,-0.5694804600495089
11288,0.33946652852630743,-1.838002795705874,-0.05723663074933932,-0.7377062296335627,-0.1884178657525239
11289,0.3635430437616191,-2.2086237916709326,0.027783113958757585,-0.46655860698391005,-0.11718768212525511
11290,0.4073204787409749,-2.24241376002998,0.15559344620365737,-0.47993096364272736,-0.20638630115377124
11291,0.471819012204173,-2.4336407616504516,0.809776096525571,-0.367790654316063,-0.49314025935279887
11292,1.1676674772398923,-2.639222798312911,0.6948715725072304,-0.22366779078608454,-0.5468987753344661
11293,-0.0014051611421128137,-1.9246489030850928,-0.27057445088753324,-0.8056373208536632,-0.010207299727434697
11294,1.4244206534968753,-2.614882985953215,0.21295504093451206,0.3226164447141489,0.046462235812205877
11295,0.5210541092475051,-2.423486177619249,0.11824402893217763,-0.07590614539638478,0.033942676757160534
11296,0.4420261074900258,-2.414932132759066,-0.36752973290343477,-0.4784418317197767,0.07843767777761221
11297,0.20009734718770164,-1.558757289889309,-0.4034226514387417,0.33809316990184995,-1.6161808249020484
11298,0.808902210687297,-2.746937586657788,1.0333062822018253,-0.1882143685608778,-0.5922261088716804
11299,0.6150427864749953,-2.525109792492028,0.47279055104351825,-0.2537324995042215,-0.3088816546119495
11300,0.909833711708861,-2.7834158167210408,0.13659928386462425,-0.06279186197251171,-0.07553181540289804
11301,1.4057734735859506,-2.9905345506365846,0.12460631361987136,-0.3086561982526608,-0.3097099948688573
11302,1.9427782190280474,-2.8606400181038185,0.05035384726353646,-0.13314568403979418,-0.22323713986349308
11303,1.676444452093941,-2.757202252571198,-0.46253488445021923,-0.3244129021135994,-0.050853086138055496
11304,1.49726909633912,-2.9015213615172764,-0.21196483180505152,-0.5219826972727835,-0.30159713447741493
11305,0.2574746641097955,-0.3980924470203681,-1.4782050395897406,-0.33628523278511574,-1.2589540828882764
11306,0.4487154145254774,-2.673923996970168,0.43775519774180915,-0.3808876272816179,-0.32282385986773193
11307,0.21248784066269158,-2.2713390857671403,0.4324665937018133,-0.5358252634660426,-0.3199984302902338
11308,0.016682079777066497,-2.206759145916192,0.5036360195217989,-0.34886732206179893,-0.15222511215082737
11309,0.2179507047394639,-2.533534001462775,0.7739699203462742,-0.4975258270068696,-0.4752775387949934
11310,0.020344619919323195,-2.407373704064615,0.49131303632815937,-0.4156741050046742,-0.20119801809070462
11311,0.7841583897067882,-2.780605895420993,0.36019467233710833,-0.08309850658923577,-0.19208458751074367
11312,-0.015839503865499822,-2.075344594775713,-0.18015383830069598,-0.44534502937427706,0.12977960721132287
11313,0.16776856159001882,-2.090493846548515,0.2238897083317627,-0.37063903220871713,-0.09181545406351388
11314,-0.18876410879635314,-1.6138747928273243,0.19466071287140016,-0.3153322854098162,0.1289614658058819
11315,0.40938695475791675,-2.50911116510719,0.680407753391809,-0.30567715740946966,-0.3926488004151665
11316,1.5321869639396486,-2.9378928482266584,0.6291454785108348,0.014436922195876797,-0.39853429967212334
11317,1.435504884826658,-3.070297961295662,-0.5869244772297223,-0.6813798008374972,-0.16763071382827846
11318,1.6719571634953088,-2.8582951976321334,0.4373477802035519,0.07098198911548519,-0.2837177627968427
11319,1.8088697187702218,-2.917560909942557,-0.18080482501926515,-0.2218232611354006,-0.11657183014507493
11320,2.2928020502268014,-2.628674405684923,-0.10715522141127456,0.13803142202614208,-0.00869012673385774
11321,2.2317326738653587,-2.9242323161132897,0.30338833156638084,-0.26035266348842323,-0.4476651817573962
11322,1.7663498205176673,-2.992878516108039,-0.22076178437191424,-0.5690541349221673,-0.3333389455113638
11323,1.3829319601352366,-2.6124004303197355,-1.1017888910888487,0.11383009804397204,0.7077695965915436
11324,1.3005891887954009,-2.702799762983551,-0.39809082613938984,0.1462277682035951,0.31465314757779705
11325,1.2554320972563666,-2.9161282185189514,-0.06121362445990061,0.12174831410508671,0.12347879865121994
11326,1.315497494073518,-2.8682180951120024,0.17363697872945794,0.2868204029338746,0.10085956057130419
11327,1.003686711504156,-2.861380822889666,0.5199958897355252,-0.003184760574575755,-0.26483645337196526
11328,1.79424579307132,-2.8426206093547357,-0.46628564445603415,-0.10227188582107967,0.09797494740528473
11329,2.147325413151028,-2.895617453205208,0.8586255391189876,0.2068324271990971,-0.45907769765410394
11330,2.0268977561697854,-2.6840488335563766,-0.08147558362471254,-0.10568319292781043,-0.15260223756112953
11331,1.9361938845399786,-2.7153554067685235,-0.3389230499861134,-0.1220377998599788,0.005461740138997429
11332,1.8065435865262252,-2.837056976972119,-0.3545158572399171,-0.5159808739863854,-0.25557610785603213
11333,1.2276591711237752,-2.2177101329238518,-1.4303222378992981,0.6398716193997802,1.4034395096444807
11334,1.0447756631974119,-2.107125583534672,-0.774063468807436,1.111878159956137,1.4100585761965794
11335,1.0743657732706857,-2.6690651285086053,0.023843406503615067,0.3590188910773832,0.26615064106304215
11336,2.2991954242752985,-2.8997665296800257,2.108642256274533,0.11395599575448065,-1.21942022826579
11337,1.6250839845799696,-2.902261707546598,-0.23826880828491265,-0.4803369172961393,-0.27296709547344583
11338,1.8045899166617796,-2.893029770542192,-1.3004579515457557,-0.35479269498274196,0.4379327001818168
11339,0.9388734201877581,-2.818163120634094,-0.527704763266418,-0.15750380534223798,0.2549946902748106
11340,1.0656099430103407,-2.733333228051234,-0.6789125891314866,0.10798833304730655,0.5094299627655249
11341,0.31350301844899836,-2.799168372514614,-0.2012560659918629,-0.3404334587276348,0.08474459983020255
11342,1.3988750667308392,-2.862518026731371,0.6142494608286008,0.26505728759464653,-0.17733595368221933
11343,2.0838753284756857,-2.7239621893936223,-0.06728171228479485,0.30543096470458264,0.12246406890341721
11344,1.272192993185525,-2.6563015332472126,-0.6546493640397325,0.1958301940509561,0.5155816560063099
11345,1.2160485703403907,-2.795517753758063,-0.8081227265284882,-0.17097044542195372,0.3145228885723244
11346,-0.2739533258116134,-2.1584793875826294,-0.0642683024345124,-0.6032339644962135,0.15308210606042558
11347,0.18367331031610618,-2.4938316830887497,0.20621068882882826,0.04201381684362142,0.2146127765781059
11348,3.429976859934525,1.0546956359152289,-4.3262048850075185,-1.9214142466754247,-1.2178738378246716
11349,0.161636456586249,-0.24051239961344748,0.4073874458980821,0.5970638091606649,-1.5282778617749453
11350,0.570264201927917,-0.9104756395201031,0.2098058638824641,0.6660459476619305,-1.676621213930997
11351,1.2825577478045525,-0.8611289001350336,-0.8807560436813976,0.34491506775288194,-1.5661881331965404
11352,0.6107186046399902,-2.474860962510336,0.5982950645378846,-0.4583376361524149,-0.4926325973952591
11353,0.9253265047805659,-2.489186856984809,0.6001172150103086,-0.464206678284556,-0.5764686969745856
11354,1.136783913462296,-1.7979902969705965,-0.9487785654057524,0.16435921009086,-1.6715178574989737
11355,0.7124441979095304,-2.367903581907527,0.1279525704248477,-0.8453862423098637,-0.45778197255023606
11356,0.5101781354185635,-2.4376119917291157,0.49925457926972816,-0.7210774125580036,-0.551952003279526
11357,0.3728687548861779,-2.320778197542415,0.10297777817857791,-0.8734349937531758,-0.38142611716040864
11358,0.7932157306249582,-2.5485475760765293,0.45253527174914066,-0.27607086044940005,-0.3241768060244108
11359,0.7511650223900787,-2.3378715184576904,-0.06079446111375479,0.608978463098059,0.6154462695056697
11360,-0.12805710743618287,-1.8940114596912363,0.5579291236763583,-0.5721812579846918,-0.2286821787621697
11361,0.16033757145664054,-2.5032494242455763,0.3440129616841114,-0.26135041885168814,-0.08750512724312255
11362,1.0726740639854306,-2.7747455257363214,0.7261448505038175,0.23390864901081107,-0.22896827894076524
11363,0.6680204968741418,-2.717783012833944,-0.3078614348783077,-0.08503990151216421,0.2530076179093789
11364,1.3717342393236587,-2.5900698745518387,0.35321119247995036,0.4000313709916162,0.026509459081762794
11365,2.303794208154762,-2.792748283643607,1.0439470129634911,0.24326675762808475,-0.5806402073370834
11366,2.069436414127391,-2.85792923736288,-0.3703237349560976,-0.33086866044462987,-0.11204543224423609
11367,2.5100194625866936,-2.757346121244926,0.3177769739800633,-0.08835538307644193,-0.37197865080528586
11368,2.076546922499625,-2.924427795946607,0.23756300933083108,-0.35708977919333945,-0.47625128440413006
11369,2.3490104991447636,-2.8229127855023197,-0.03097281610643727,-0.21349068926360945,-0.24919788474639917
11370,2.0121580612966645,-2.711246755115514,-0.48091376262543156,0.02210809589767543,0.16468368906503736
11371,2.3551867008124967,-2.919277947326724,-0.16118524350853453,-0.580953126964067,-0.4032476477107031
11372,1.9454955349232905,-2.9793781289898718,-0.14926751699922383,-0.5476955770404773,-0.34329360115749585
11373,2.1225088508098136,-2.856478800112526,-0.034666800719365294,-0.4868639730566505,-0.429846280758499
11374,2.4877490821328347,-2.754935761149727,-0.046082072040994286,-0.021162087266475456,-0.1298334820157249
11375,2.1831109838013303,-2.8362743251094735,-0.39450031675714786,-0.26783339232469694,-0.046457783595366314
11376,2.2429126243068103,-2.7506681575948932,-0.2802031476761711,-0.30468807193233416,-0.19497786539285322
11377,2.57539358543903,-2.736067272126005,-0.20816143422216857,-0.2474892711329415,-0.1889620046767692
11378,2.563090451958577,-2.834037516885839,-0.3229362673431114,-0.29272371492718646,-0.12224507164980991
11379,1.9111921070743818,-2.8725241722738413,-0.37154684213470374,-0.5538696192854576,-0.25929582568317316
11380,2.3642435654934655,-2.7670377179478733,-0.3769079576404792,-0.1421370975103128,-0.020431630941817908
11381,2.6535898963607614,-2.8197526043665393,0.08145934760065719,-0.45814586073708735,-0.48551425175463137
11382,2.479591313847283,-2.8592387480461783,-0.49228810749083535,-0.5073976170648493,-0.15826415881210928
11383,2.283205086972203,-2.7628090250489556,-0.5178367168452007,-0.30172224590328306,-0.06196869414764626
11384,1.9798671954863822,-2.9343950256425133,0.19077151695959468,-0.48045939444102276,-0.5130170426869337
11385,1.8760927222754937,-2.8864797310035204,-0.4547438942692142,-0.6502359741278328,-0.2822184726456671
11386,2.147898641546181,-2.933213817355955,-0.17132409689950026,-0.6184282775123783,-0.4362303851922973
11387,2.416863445685518,-2.768802080591367,-0.13610676327692836,-0.41963274953845103,-0.3642517137593141
11388,2.4433411435593255,-2.831379979590899,0.0685880993236168,-0.5435689847595403,-0.5081200120994008
11389,2.366152538539954,-2.7257764807776392,-0.7252522685383,-0.44106387636956057,-0.03315043697245856
11390,2.0141095338849544,-2.7924677214611666,-0.40584694124992876,-0.5133176689301086,-0.24153476830718623
11391,1.964333116812774,-2.8928644503533087,0.13109657535463579,-0.43512161281911754,-0.4722428487674605
11392,2.160596273124957,-2.892811435558866,0.0014091228105299822,-0.47379977354266317,-0.3897843887271001
11393,1.8135537560299737,-2.917504793712791,-0.37725282439883767,-0.4611837465264283,-0.17464250808111906
11394,1.6245053152423956,-3.0116715091394797,-0.14325042522516032,-0.4961253168799195,-0.3026074803452536
11395,1.9881726094001175,-2.834596657113355,-0.4071249041953241,-0.20971567355139675,0.005755426693939982
11396,1.6322096996779123,-2.9433811920882444,-0.4654213518208576,-0.31605263355516133,0.0036483621236849603
11397,2.1130927416533423,-2.7182199209761153,-0.19731560536176249,0.03323497900923038,0.02932626218891255
11398,3.068658337545562,-1.51880495187095,-1.4416276431063462,-0.46784605046091066,0.09110948840592858
11399,0.96955746305621,-2.86569703300902,-0.8843505480435312,-0.24442586131879163,0.3934837494316179
11400,0.5345281456096543,-2.833798843205358,-0.31811932133720106,-0.20218484211116716,0.19342708030475686
11401,0.22444911392134415,-2.673446492476331,-0.2926990053452433,-0.3779379225840348,0.13669673712802666
11402,0.9126503178772818,-3.0007412714834563,0.09789998127282326,-0.2724292008093799,-0.20764424675791465
11403,1.7371701542042428,-2.80259570336515,0.3845570153480435,0.15175229929400347,-0.20765322912508197
11404,1.9771862815139274,-2.8952697242901473,0.5955132475284405,0.01613105525821638,-0.4452052216084221
11405,2.553069772161973,-2.550905748159577,0.07996029630735069,0.25109308351938037,-0.07343692968204299
11406,2.953494958308442,-2.465040878093351,-0.7389405351988478,0.22094189990910434,0.32516457276392097
11407,3.0027073651013407,-2.541142739658111,0.08177859064054586,0.3591882285336083,-0.03466257520737701
11408,2.0193083811523262,-2.8462600393800432,-0.32969343249728805,-0.7340397882226003,-0.41700096055608693
11409,1.5373151696623126,-2.6995889861814355,-1.630973131000493,-0.2635661304864176,0.7310303701469152
11410,1.0866478812552582,-2.7655139679523386,-0.732331520457436,-0.32128092500769,0.195921957531608
11411,1.838329254747009,-2.896986714556018,-0.4938135203072068,-0.29929584078467736,-0.02181104412126118
11412,2.760556151062431,0.35347076369878416,-3.339110604194721,-2.2689653964166903,0.2989260089974447
11413,-0.2110793015554915,-0.4308120529764376,-0.04373698973605516,-0.8183805712983282,0.32445602642081406
11414,0.19475420947793176,-0.26314242028816226,-0.1104808633357614,0.46456242041200285,-1.3769886059325323
11415,-0.3114814192053756,0.376649934437357,-0.32292945767261233,0.19500740588622972,-1.1146103978138668
11416,-0.1524643872435351,0.10747722620140046,-0.3270938358484845,0.1975081202987533,-1.2402069068086445
11417,0.016363637988666538,-0.10816124996833187,-0.15886819362126656,0.318439755610564,-1.323068477432965
11418,-0.04257144319270182,-0.0329185866800242,-0.09279704629161634,0.2934640717660685,-1.3555790641448457
11419,0.12123396245241666,-0.23761300807021166,0.030745244729092402,0.39800871999106013,-1.4515273384910006
11420,0.10528024077759864,-0.11671594625853576,-0.24030888109082743,0.4286891584561467,-1.305036736362388
11421,-0.06339753614911356,0.11960755927092931,-0.19727509000223342,0.3416866391279587,-1.2420591893781194
11422,0.2819951523671024,-0.2242100464066597,-0.04067269567121066,0.4961881591184214,-1.4804319222102407
11423,-0.12322144622897792,0.23937651225234738,-0.11852860411483322,0.24592009062728457,-1.2641520858544142
11424,-0.19066610650936508,0.46591295725074555,-0.2566909282876534,0.23557460938786146,-1.1298525361106546
11425,-0.14166771463050812,0.2366259137892742,-0.1308157439744457,0.2431312318757872,-1.2552535781778382
11426,-0.0463039959133544,0.2225242780321634,0.010426495092000033,0.3443953084555801,-1.3091066809979874
11427,2.1076841214138056,-0.7343762231496764,-1.542781955223498,-0.1033650189749822,-1.6526475615476723
11428,-0.2238961925067523,0.29329273202191203,0.388109491258022,0.25675111148100416,-1.423094006270911
11429,-0.22827814585953168,0.3468910265841501,0.30086818673434934,0.2169472036450615,-1.392487659497775
11430,1.0054257994540254,-1.258078749266683,-0.14625133483739963,0.7831348321105873,-1.6493853826000329
11431,2.1484118206590472,-1.5139888752090704,-0.2707781413455133,1.2838050908167498,-1.6381058842820242
11432,1.352346632451069,-1.42226097107965,-0.9695879506571796,0.9170910228161645,-1.2564778769008431
11433,0.034617105988370034,0.14936158492716195,-0.7427530029928459,0.44204007217920754,-1.0356639546152204
11434,1.2158128242884139,-1.2632412461301301,-0.04475220686737724,1.042528478146651,-1.6212813854909067
11435,0.19126798497398778,-0.22080332488369148,-0.11542873733815502,0.5515399925072071,-1.338692359067319
11436,0.25360026555405557,-0.460273225265529,-0.4234233952707307,0.5249033212694114,-1.2450249136976128
11437,0.20399854837964784,-0.26632654023927954,0.06731457043151057,0.542791917660909,-1.401793579975542
11438,0.844743499588346,-1.0686381614525542,-0.1018810170937908,1.0416727023535177,-1.387757307470791
11439,-0.09784024559193089,-0.27143365012676285,-0.7092784731268363,0.3112537320986196,-1.1183107587958014
11440,-0.23624459906021175,0.05887128788485726,-0.1468535138300356,0.314755134378125,-1.223875080835725
11441,-0.16705965613141482,-0.04446313130539944,0.20939485421349452,0.31914740381874024,-1.4160897591724435
11442,-0.3760418445065415,0.14317457598458908,-0.13635961067618438,0.22102715703867054,-1.2108961485284029
11443,1.4678091521340106,-1.3552129646407016,-2.12120864966582,-1.4001360047285993,0.32483798895543514
11444,-0.037531384040122774,-2.1319329692062667,-0.17371575960272156,-0.4669030372378001,0.1175690795077101
11445,0.6576723708919634,-1.5765733936629263,-0.5426188686649918,-0.9983877000621332,-0.06351911878645133
11446,0.2659018721506377,-2.7218399587002913,0.45712418160289686,-0.3648381273949751,-0.28470679200457594
11447,0.5408923219147966,-2.938410936253523,0.3402810707681342,-0.5123642885746437,-0.4018059860250524
11448,0.3256663807493994,-2.8026975118865614,0.46251263554444033,-0.35963125489433007,-0.29362226275889985
11449,0.4478263853507044,-2.452281544803212,0.49216704617483764,-0.5369793374351381,-0.42888475543363663
11450,-0.09721890461104582,-2.1720522796901673,0.47951999508059606,-0.42040136077454854,-0.16533069497802785
11451,0.3125123059440194,-2.607098288284156,0.641406517575031,-0.46569238737360485,-0.43728710981329205
11452,0.0905908877677175,-2.186691494822556,0.3464653677682881,-0.5386419072763284,-0.23230384826240075
11453,-0.050723734102527736,-2.0470439903045476,0.5204988691261867,-0.5227274844930876,-0.23682122731393085
11454,0.15138527169644883,-2.1616464968844173,0.38035715727526626,-0.34964897711511506,-0.143187562055037
11455,0.25420032318260044,-2.263469962050793,0.14989800533117242,-0.49860066013133186,-0.16928439229412406
11456,0.39602371485833093,-2.517124563060084,0.5473680743539802,-0.14541658731148602,-0.21128786624052429
11457,0.5868855907699557,-2.7437310324516577,0.46256954624289726,-0.21539249648346465,-0.2810910862168887
11458,1.136000950910931,-2.938061564518123,-0.16492308693518554,-0.10219651322690773,0.048694417689956575
11459,0.06626705443367725,-2.533066996617346,-0.1936431593593062,-0.5538523665456083,0.03265322453389098
11460,1.7238850330810642,-2.7389243267462837,0.49893457930243057,0.5719146654945848,0.051633076966466275
11461,0.9457070576418987,-2.7051537507453314,0.14794827321054443,0.27383330242621173,0.1609966389268583
11462,1.5941421187943747,-2.9597295796652068,0.3475261343708605,-0.09345475856215524,-0.2956540582937646
11463,1.7825874537243989,-2.494494003102333,-0.45621481836526967,0.5414818667609596,0.5588750667249275
11464,1.6759689448501678,-2.8967263141325224,0.2596264055209053,-0.049032940735129094,-0.25416865453103193
11465,2.267620146483556,-2.2527227185791014,-0.023572120691808012,0.8121262639785114,-1.907945123219658
11466,2.2076113598391416,-2.9142615132623866,1.0022241546241657,0.09621818789404493,-0.6047231144716659
11467,1.8962400898271412,-2.8245282115441266,0.3036010385316029,-0.18090474736502107,-0.4127977478582452
11468,1.7529374921388545,-3.0149128086108843,-1.1954916413764696,-0.8613583760088003,0.026366364518701405
11469,1.1814359024465904,-3.028991415444085,-1.5706843987191248,-0.7172101881044903,0.4603903695724177
11470,1.5441799911518708,-2.4675805316489794,-0.3155497087890042,0.7773087158509123,-1.6729701745067498
11471,2.162222333190517,-2.785034251559295,0.1985260052504775,-0.23587789829279032,-0.4000247339676992
11472,1.0951006794574627,-3.177794346971684,-0.5989396129826257,-0.7262365410295369,-0.12852376512400965
11473,2.9700271842927783,-0.5084145741064129,-3.209150164188142,-2.374243344757463,0.19093375837535564
11474,0.7685074185207789,-1.5029297413107763,-0.17072782873071554,0.7997165974380823,-1.581755279494111
11475,-0.6811026652751478,0.7969365205473107,0.054294221205442125,0.19152085613025202,-1.036777166794592
11476,-0.5555136731851533,0.6140021571535957,0.06612655676562414,0.32305793301697694,-1.03518504097383
11477,-0.185596745097376,0.07358195425977662,0.16147325745761118,0.3256392245270738,-1.3687739872361924
11478,-0.44043474605657523,0.41531362567164665,0.11544940555062208,0.19629436427310637,-1.2343760408106168
11479,-0.5120514076149475,0.6837568844218559,0.3991624601517058,0.21678327251773524,-1.2672907168251653
11480,0.6683406433642498,-0.7111503756592571,-0.16589392571633632,-0.3575008997256747,0.10241566400784934
11481,-0.5616620713398731,-2.860036718121694,0.5862629789258312,-0.485703503662078,-0.20273201570085492
11482,-0.18113568019435344,-3.815948871527101,0.6093699235989934,-1.1675637741625842,-0.8177687229585403
11483,10.306300635143648,0.8667999556137344,-4.076322402204438,0.4248770381967514,1.2005936288973036
11484,9.260955026793575,1.086508905676695,-3.9337018235934735,0.842929678106658,1.2797214216239698
11485,5.1713260627784186,4.653495047865982,-3.3701398419813424,3.248764521274858,3.8039093355415967
11486,11.82064156698413,0.9671517826107316,-3.9494710123600787,0.05623727295198222,1.289175635458256
11487,5.8034979176595725,4.119278732359726,-3.5081563593998397,2.6469813962560322,3.349570814920454
11488,-0.7049963328973763,-0.6193635206516781,0.34093732423091627,0.009245206408202283,0.6560407467744066
11489,-0.5653026511649948,0.805896960000503,-0.06034743185341346,1.3303888535685549,1.8089065527458261
11490,-0.5412074481419311,-1.139220421828249,0.3709903450514491,-0.3150733754077006,0.36543595313477245
11491,-0.4818838175315551,-1.1458297188149498,0.31863133667260674,-0.023921333807581203,0.5120610012001927
11492,-0.49187623451284507,-0.8584923375261755,0.32375542870689683,-0.2716630864799582,0.42879863621468317
11493,-0.7249500797921105,-0.5017255045976234,0.3588952715659953,-0.1701389945492964,0.5824361761361201
11494,-0.7502455716668532,-0.24705611682155604,0.19430960903170347,1.145339034934173,1.4717508093862446
11495,-0.8213479185047342,-0.25362716343709346,0.382581788011824,-0.06973876903029744,0.730749162392352
11496,-0.6318633451787004,-1.0858555470341433,0.4811361007248649,-0.6223031206540061,0.23342059909727952
11497,-0.6375270660192184,-1.0451624808887392,0.47749529902188853,-0.6157764260927096,0.25588224488847916
11498,-0.35443314576487445,1.8028448724907573,-0.3999565178999698,1.3824889370007103,1.8758635679777207
11499,-0.1348577612923728,-0.2317220132703558,-0.07434149685743019,0.604026329484008,1.052986078511603
11500,-0.9677754570235949,0.6590109500988068,0.20234768757360883,0.5502948934891378,1.2242601468352308
11501,-0.5697992881214993,-1.2756260375076036,0.477145529438994,-0.6951787750484801,0.1340152884585881
11502,-0.5535929329134804,-1.3181230688723111,0.47876037793928605,-0.7328630618185519,0.10801595446965703
11503,-0.6093012772001617,-1.1538200098493685,0.48804755013186,-0.7067787222729625,0.1712424247897653
11504,-0.2847417965672379,-0.8589925293000826,0.15474947797775734,0.012156564592303507,0.563457877205007
11505,-0.553637879217729,-1.0086048816458024,0.4195832099309632,-0.5016115160424967,0.3243058090887436
11506,-0.892884320422497,1.7880181048045296,-0.09606851651231339,1.2702537928817943,1.8522600349542482
11507,-0.0645284637357794,-1.1825849271460525,0.16171600467059,-0.14580961141699236,0.31680329287256337
11508,-0.58474784485338,-1.2876650625980117,0.4959596541544249,-0.6552467245391626,0.1396333596073504
11509,-0.6364114749413352,-1.100826950799961,0.4668069131594321,-0.5155279069166467,0.2628707853107118
11510,-0.6078673609199021,-1.1937065119878145,0.47446627176666506,-0.6248755086377386,0.2025098666785497
11511,-0.5763674397435876,-1.2801581529046726,0.48032146648013374,-0.5893582046079163,0.18099963993620027
11512,-0.6310516140968292,-1.1463193501737028,0.4733243105516277,-0.5678314167344745,0.245423724399707
11513,-0.6509509561977842,-1.0995897953394353,0.4854028895439285,-0.6031693958872458,0.24474446485778859
11514,-0.33995861875641853,-0.6320893681180773,0.12563433893417553,0.16140670554824052,0.6945307544114175
11515,-0.7816476733645297,-0.5906733402899007,0.4984070667589353,-0.708152150245429,0.3482859849328661
11516,-0.8346942413360425,-0.4560399048817035,0.5318154631353849,-0.747509535749397,0.3834455693354971
11517,-0.8035500163821705,0.1524968508370528,0.32502402497604493,-0.22084762495944166,0.7164160729537343
11518,-0.09299056355288964,-0.6874965847646535,-0.012244284668906695,0.5061117240858203,0.9175764256443508
11519,-0.6833659595977146,-0.6578936474812856,0.37519122958583195,-0.3166731219203672,0.4944592642665007
11520,-0.8690211773411706,-0.7689110458321037,0.5346788800030481,-0.6603586071208367,0.2899683252429303
11521,-0.7278807103992389,-1.2615384222571462,0.5775937923577562,-0.9516252214379358,0.020156362494524606
11522,-0.734005451901474,-1.2640550063311056,0.5993977872141363,-0.986940851564357,-0.0011490342513782042
11523,-0.6885583959880734,-1.379701826458456,0.5753993377304568,-0.9490420413865724,-0.02895315634248522
11524,-0.7659471675169606,-1.173918023155458,0.5849838787879936,-0.9007716008932654,0.06092191948999606
11525,-0.742549724814473,-1.2740256635387002,0.5938493431215579,-0.95145558591708,0.011195744670100309
11526,-0.7204786762810614,-1.3169449563511446,0.5866238713167178,-0.9577195394183351,-0.006326083838923671
11527,-0.6998412781799593,-1.360696991722227,0.571499264491704,-0.9446899623005828,-0.013223287076160953
11528,-0.7062186772499132,-1.31882378802549,0.585652444272435,-0.9656467016426488,-0.010966464384107996
11529,-0.28293499852644827,-0.19394196982550027,0.002746483808212938,0.3375285775198934,0.8891339321757757
11530,0.04231867579714565,1.3717687641103185,-0.5254951425838899,3.2958625326941697,3.3189044290224206
11531,-0.7166130706054193,-1.0939334483270597,0.5170311250386063,-0.7287766175391045,0.19561710295587206
11532,-0.7102487036965167,-1.0529653611629344,0.5185240495734917,-0.6848835631208066,0.2163055490521177
11533,-0.5706576520177893,0.5310898984158132,-0.03620191268171139,2.091737319367488,2.344494843446846
11534,-0.6365680105255721,-1.1659435868955574,0.477329855264093,-0.5942616891093616,0.23641909807142905
11535,-0.6587869219166759,-1.129745306658607,0.4954097595209664,-0.590336408749068,0.2375403796359562
11536,-0.8215904980733674,0.6496930062114846,0.12286786477993283,1.6204165823535268,2.1417496778499476
11537,-0.7592997578484666,-0.7968934598726847,0.49685644527096456,-0.5787532763271815,0.3535496238144961
11538,-0.758519303527863,-0.8021745942711126,0.5094665097120845,-0.6227964304364599,0.33135033266690994
11539,-0.7311986952620808,-0.8575858958657346,0.5079617404644914,-0.632148133072734,0.3059588420228621
11540,-0.7571737375632408,-0.7789629125463721,0.5027801255579745,-0.6025878993423539,0.34998001947520646
11541,-0.44928667403245165,2.0545234291907186,-0.3700383195559307,3.7563083702535325,3.998945113733771
11542,-0.3912154808146464,0.4255080446418977,-0.09159881782569616,1.143442815078863,1.5897223086223768
11543,-0.8056395159065218,-0.9041795014697596,0.5634301702686167,-0.8478391439198216,0.16067166602302227
11544,-0.5449032839711188,-1.0667729127520205,0.374003246543681,-0.45040927586309165,0.26839953357606977
11545,-0.6437334920573188,-0.6748600922783007,0.3185685116597019,-0.1191747065608891,0.5405154091032338
11546,-0.6266880979411709,-1.5224710129760481,0.5658657847605804,-0.9970722978668789,-0.10216491185825044
11547,-0.7248746582985092,-1.2444083729923834,0.5546494286340908,-0.8387865153052796,0.04696247672807752
11548,-0.6384763106683956,-1.4352902040870927,0.5590930307187666,-0.9766427211299413,-0.0637289322363844
11549,-0.715466976023879,-1.2120722838522042,0.5619218884226342,-0.8872444192542492,0.043815554541658516
11550,-0.6840901978026792,-1.3737878732951,0.5807968421328116,-0.9847135215228853,-0.04630256295146594
11551,-0.6488404415269972,-1.4564433697391068,0.5723142785982231,-1.001283464858749,-0.0796572517624166
11552,-0.6960632433927129,-1.036642704871349,0.48974144354799753,-0.6741995743674256,0.1841618812947818
11553,-0.6431779042300283,-1.4901849506016596,0.5724709629092131,-1.000326700011398,-0.08422505048922747
11554,-0.6659799443651712,-1.4359744258760376,0.5750329303432747,-0.9961929889783427,-0.06299358046287955
11555,-0.6741536385896583,-1.4327659439045763,0.5804559641418595,-0.970708074312903,-0.05601660241477981
11556,-0.6911235326009333,-1.4031478543548108,0.5827529978172568,-0.9742479340067746,-0.04420792063223875
11557,-0.7107390003670099,-1.371531990759692,0.5925287142309233,-0.9760868842566344,-0.03325944716719301
11558,-0.7247118927754038,-1.3410725300313202,0.5979938413231931,-0.9881675541951269,-0.02764166374873506
11559,-0.6895378277944776,-1.4143515635807868,0.5909337041945815,-0.9961455418900961,-0.05603812890742008
11560,-0.6907324671978506,-1.4358862313805343,0.585480387608022,-0.9752523470011811,-0.05485674139130582
11561,-0.6827527997080955,-1.4524348196845223,0.5925292178958967,-1.0029770428516693,-0.07219914972248696
11562,-0.6706174660785751,-1.4747052125121831,0.5873095904072688,-0.9907460998051575,-0.07810905861600088
11563,-0.7173296135021224,-1.3473097056892602,0.5916673648919325,-0.9601885374686601,-0.02208028727056572
11564,-0.6223435530871687,-0.35107665297089546,0.24006410025705566,0.2128192992176994,0.8579898701577383
11565,-0.7061605680112327,-1.3358278482085446,0.5823395420507631,-0.9495519481971141,-0.014070245256073515
11566,-0.7021324174151575,-1.3294203395880089,0.5869247872659328,-0.9785535898862493,-0.02489471770093897
11567,-0.6775803594441802,-1.3990242177054848,0.5769327000879364,-0.9764524193269283,-0.04851327165500391
11568,-0.6677968778220723,-1.42717194535456,0.5844635679654798,-1.0043097019107414,-0.06990137405167834
11569,-0.6727474543602496,-1.4320376938873873,0.586109656427477,-1.0114885080657356,-0.07211308312920009
11570,-0.716005901116872,-1.3396948742787735,0.5941094498496264,-0.9786218076448877,-0.026355248674939193
11571,-0.7042892880671979,-1.3766876286296819,0.5921771024441802,-0.9725920106800613,-0.03886201821600563
11572,-0.7031760781425407,-1.3770521717945685,0.583217706303918,-0.9680908653759525,-0.036138102664833985
11573,-0.7055231293857066,-1.393089563073879,0.5900389592493752,-0.9760620926786493,-0.04522631698460472
11574,-0.7024680301868929,-1.3836579794605819,0.5881979766303449,-0.9766552418068187,-0.04324383545726137
11575,-0.698822826663669,-1.404484968646869,0.5929618613416529,-0.9900289007741258,-0.05324513904535652
11576,-0.6926067283385738,-1.4407099580307177,0.5979490270626551,-1.0083288237114767,-0.07225718838791213
11577,-0.703578904969741,-1.4326972480688611,0.5987525681539652,-1.0029928259069545,-0.06422142080558918
11578,-0.6915959578819613,-1.4363676368109657,0.592228971340975,-0.989211065065437,-0.06529240944334638
11579,-0.7190859934202086,-1.3669209192016198,0.5875994371479774,-0.9412375699397352,-0.022630110577588597
11580,-0.7053185218626384,-1.4049955622612194,0.5921146440124371,-0.9778041415210228,-0.04504328222370851
11581,-0.6935936103425195,-1.4262734147304417,0.5955887444552816,-0.9969935413299237,-0.06231902559373903
11582,-0.7133245970124809,-1.3761885057999352,0.5982369058676078,-0.9835734279396772,-0.04169740004630737
11583,-0.7875309007519201,-0.7454849067228162,0.47492248236901297,-0.5212052085627127,0.34784173670762086
11584,-0.990572261707044,0.01564962055824096,0.5662452440867485,-0.7476289012238971,0.5327088762342442
11585,-0.9316119984498612,-0.16115377114664467,0.5663929147561171,-0.7986614968016655,0.4619237725927575
11586,-0.9689628037554735,-0.059074055479380654,0.5773162208379269,-0.7925446832411486,0.49803381107218575
11587,-0.9199926624264217,-0.19478535433698743,0.5632824428522112,-0.787535587538959,0.4491234000038755
11588,-0.9413886865515623,-0.13564135969568242,0.5722792648501034,-0.7987672729122174,0.4745655538552327
11589,-1.0013113048330562,0.008914901444755235,0.5809742353452312,-0.7840213714115739,0.5274363651170167
11590,-0.9631736942467616,-0.06936259302917751,0.5682661074831625,-0.7897749946180547,0.4989353438643508
11591,-0.9182253637385236,-0.16685925084597147,0.5524612218001367,-0.788491857274824,0.472939698479689
11592,-0.9307180227583983,-0.12937154668205403,0.5471021174171452,-0.7178037058228545,0.5129893928837922
11593,-0.9111088049348509,-0.10281163042796254,0.5403633212564029,-0.7176261069207561,0.5149732369796406
11594,-0.7266181135072746,-0.008021336689898196,0.3115696486275031,-0.1668891246779353,0.7207656727064287
11595,-0.801563768310762,-0.5263928299533558,0.5065120762798418,-0.623109310190769,0.44074824532106033
11596,-0.8527027120684985,-0.36854618935425215,0.5035317668690609,-0.5595142873096998,0.5124490681826351
11597,-0.763007284677482,-0.5307207888304756,0.497445653860833,-0.6169062303439636,0.4458733731562057
11598,-0.7620162516378132,-0.5274441334232053,0.49225203800921136,-0.5735353602025203,0.4572668032022117
11599,-0.8063366477663914,-0.47026959687375963,0.5037568136123609,-0.579691711738541,0.48103069051906183
11600,-0.7032357964554424,-0.6041166671566318,0.4461004228033202,-0.511103540849324,0.4485409038519547
11601,-0.7002997161371459,-0.6753617948537358,0.4671851420841458,-0.5176699915486249,0.4382563578101017
11602,-0.7431989747481855,-0.6148001274099418,0.46484558139880194,-0.4948620233557626,0.44942547790282644
11603,-0.7363484280004793,-0.6594889815095875,0.4857615206117925,-0.5699387304531424,0.4215878348433559
11604,-0.7247640372813783,-0.6171197899496311,0.4685262602793077,-0.5144487789092101,0.4544533941315177
11605,-0.7115674617137473,-0.6223816921639723,0.44226371574251994,-0.45213967364423735,0.48137829572463575
11606,-0.7024355301258733,-0.626218444790981,0.4547628663428226,-0.49658569943312836,0.46020908380234105
11607,-0.6565260600250425,-0.6937821881197203,0.43555216709666783,-0.49326037439156106,0.4456463055049151
11608,-0.6161582812413361,-0.7350881102646692,0.42897312501057683,-0.499133084038221,0.42221754396175454
11609,-0.5675329734291291,-1.031259160607593,0.4333131033271327,-0.5285859303344567,0.32416519478654415
11610,-0.6066334576984445,-0.7717369127213719,0.41963438582482254,-0.49007617996196867,0.40421767358695293
11611,-0.6606235277283548,-0.7239745334397866,0.44047469897343977,-0.45575888635356365,0.44202433063069396
11612,-0.7009361472484648,-0.7317290872866155,0.47801908472538307,-0.5285434453298419,0.4279124300890684
11613,-0.6231018400482162,-0.8791339190345325,0.4382707236775192,-0.5546440426963675,0.35898173499616376
11614,-0.6860321812740673,-0.35848470210384775,0.07680791678467826,0.5831307840386666,-1.0650215647421204
11615,-0.6953727970496058,-0.3151790132649459,0.06836682201172019,0.518829294956371,-1.0741802232833664
11616,-0.6646559499966403,-0.4553756040436997,0.08383080372226345,0.5176386762230079,-1.1291481282951774
11617,-0.6525442752768552,-0.37221010672003885,0.08342091143154147,0.4319090252220191,-1.1541904357090267
11618,-0.6713077498753723,-0.37247274627959304,0.07107818004565686,0.48740504525948836,-1.1265926947900724
11619,-0.5600729786033808,-0.9019427137488439,0.43509726640542035,-0.5866760912296345,0.31344084407165734
11620,-0.5943192444660987,-0.8767588522288495,0.429965114423245,-0.5721171685307327,0.33411352026754915
11621,-0.5433439283748149,-0.9807537227910358,0.4124377704099665,-0.6160246674681552,0.289547500213143
11622,-0.5639886945587047,-0.9806353915896555,0.3899967641560064,-0.43480569118600837,0.34439283063241366
11623,-0.44730982799654895,-0.29819054462965605,0.16797041373985402,0.31874886259015106,0.9553941153371406
11624,-0.48825417719119896,-0.686835493775816,0.27504010802747375,-0.12238451861944458,0.5258596127130402
11625,-0.8499597036899509,-0.3549691113769855,0.43503086612872577,-0.2863386160584171,0.5695997211103802
11626,-0.20412934841148714,-0.03395186382104708,0.005869185840403039,0.14457769621848066,0.8614705197571066
11627,-0.17606711113357532,-0.7853303066687687,0.18285058869262052,-0.47220656992281657,0.3283383027554004
11628,0.19275072987512004,-0.3940866370995749,-0.23567067708223674,0.8797219708341464,1.1120694994749518
11629,-0.6378480093072088,-1.1858914746855913,0.4850975698399461,-0.7083947375173524,0.14985222715225452
11630,-0.7238496940498269,-1.0141010937347652,0.5087860680379632,-0.44384241817704506,0.33664549131468924
11631,-0.7424896443945466,-1.005704576791499,0.4807496356357966,-0.5428814948804324,0.32757219680827593
11632,-0.7656417404773451,-0.9449361381872048,0.5252703016114751,-0.5690799760795595,0.3237059243135882
11633,-0.8080816047739137,-0.7962829491813601,0.5224030455367904,-0.534117740637749,0.37844319004085075
11634,-0.7930003263992838,-0.8099513657537064,0.5134755827603417,-0.5386826069335624,0.375270724978756
11635,-0.824444435133946,-0.728686188300845,0.5133978099431665,-0.4947068353069747,0.4087787688650462
11636,-0.7349011572276332,-0.8943667876465832,0.5153197833539751,-0.5687526183560815,0.32691714660849547
11637,-0.8165082589416753,-0.7435245790946466,0.49746149373525766,-0.5538799875900818,0.4126547263131742
11638,-0.5539382337612997,0.5804719761334682,-0.05309059529572442,2.278876827043508,2.429627241811818
11639,-0.8945197199954306,-1.2107549782394875,0.5888379363788053,-0.5392135445021629,0.22263661048040279
11640,-0.7571184615986201,-1.597828411433942,0.5846654693998291,-0.6908662202694225,0.03903900515752138
11641,-0.8009668576474113,-1.5191129475480327,0.6058180188953526,-0.6664305466786039,0.07577747981344385
11642,-0.683308267036272,-1.5650533424597357,0.5302621096514609,-0.5658859733637602,0.11905821583091385
11643,-0.8361271738142607,-1.3396305877769858,0.5605176348732133,-0.5102544531066288,0.22244485232581837
11644,-0.8204015767276798,-1.4362504918610242,0.5875399581586144,-0.6271852922749542,0.13431956890511834
11645,-0.7960565361264317,-1.4621707922175322,0.5779594511389001,-0.5983878551984047,0.14120492065525864
11646,-0.8274958376081493,-1.4222253291194473,0.5811320899152383,-0.5852906975663972,0.1581162156681376
11647,-0.8256109583108995,-1.400136921217021,0.5784335368205702,-0.5381680892239675,0.18393593964619928
11648,-0.8299753320672584,-1.4449951216001584,0.6045198967723507,-0.6397747910194324,0.12938596024662583
11649,-0.8106891101037879,-1.4681850382666821,0.5869498683193883,-0.5956241325372474,0.13404316827682006
11650,-0.8642281305946423,-1.2644366846648336,0.553789437355214,-0.4324025347250649,0.273170603041457
11651,-0.7925976905211557,-1.4434050946462933,0.5720843584470263,-0.5396681380083515,0.1695628669425781
11652,-0.7056112257871218,-1.593281014304751,0.534623723880694,-0.5050825854710794,0.1456127279785236
11653,-0.6925135235694216,-1.6337804431233445,0.5043251435534416,-0.47935443381382137,0.15987426900194004
11654,-0.642523471260187,-1.7418158375367971,0.5555365289749854,-0.5178576418443761,0.07611136425112809
11655,-0.7383861986102549,-1.4999265883054478,0.5187842064356487,-0.41872190474057797,0.21777899612053042
11656,-0.7306730538259194,-1.5309089262974354,0.5384799919132569,-0.4768442760413591,0.1741529671888496
11657,-0.7773469000083945,-1.430242242031017,0.5427367840429237,-0.413557265059491,0.23261378103606375
11658,-0.9045503152480134,-1.1269550497382566,0.5735380944736875,-0.3422693339321462,0.3480600445372671
11659,-0.8815968789470598,-1.219357008700096,0.5645754120748464,-0.4530835253159692,0.284546212084353
11660,-0.8591047576977754,-1.2658123976276927,0.5755215437619855,-0.43711914277741615,0.27326767937706903
11661,-0.8795841979124962,-1.267710680091923,0.5785711330120701,-0.47174037429960564,0.2578470366992065
11662,-0.8828081769168123,-1.2594755619995708,0.5870578493988938,-0.48928699129931824,0.24699932566081728
11663,-0.8461514565111105,-1.3367131057994017,0.5810957213161236,-0.5153969827448518,0.21426424817574644
11664,-0.8849922976305878,-1.2457451038724308,0.5689582631492212,-0.4493756316734336,0.27345239683589045
11665,-0.885865060895886,-1.2561976464420899,0.5820188007375177,-0.48305067806904944,0.2544068502804523
11666,-0.9048828979016676,-1.214295483608758,0.5897525086297463,-0.41221058996665094,0.29278317502850876
11667,-0.8978037759076254,-1.2424051763073034,0.5667757438298454,-0.4828228533514453,0.26353175084182595
11668,-0.8675990824790349,-1.3018534063561884,0.5934476817390867,-0.497782444178257,0.2283583741471007
11669,-0.8575777765294083,-1.3165758248165889,0.593374895289826,-0.5435371267347339,0.20928668053337474
11670,-0.9066430163122645,-1.1730730539089793,0.5742099973465971,-0.4561332389112759,0.2955127607842974
11671,-0.8740094350003301,-1.2636955001100414,0.5794779898491978,-0.470420158125126,0.2597030280270381
11672,-0.8842692134784962,-1.2001695391125125,0.5659378775434895,-0.4182192908943136,0.301605861759895
11673,-0.9453376384963735,-1.0676387389144608,0.575120153561574,-0.3899438832410264,0.3593972781708895
11674,-0.8771466038554341,-1.2644486424292523,0.5824826217948292,-0.48036118260681127,0.2511814728153327
11675,-0.9151702059711,-1.1838105259129672,0.5814504768024606,-0.4773238743554698,0.2874666279755743
11676,-0.9010629373437236,-1.2137920258007135,0.5962187890808215,-0.5097520057416483,0.263128552139018
11677,-0.9221276584863132,-1.1592595296008297,0.5793768214203306,-0.47145027511475,0.29754693104878643
11678,-0.9529835276985568,-1.0736849450040646,0.5906500198174865,-0.42805575057435524,0.33466266699402136
11679,-0.98574842613555,-0.984943127169609,0.5777697131693815,-0.34059175689622423,0.40242362484920097
11680,-0.8956336527786449,-1.2275089957121257,0.579181142029551,-0.49785127853394734,0.26311178266545304
11681,-0.9620073757446521,-1.0814621409309602,0.5928094794868649,-0.420960725819155,0.34863299379934315
11682,-0.8254673591179883,0.17000141917128075,0.1765523676254856,1.5314299024215685,1.889776693313698
11683,-0.9752527063312518,0.10746870684594995,0.41893857223049213,-0.10435123844740712,0.7922699405585663
11684,-0.6521557034655306,-0.4638027162122137,0.2928730720774722,0.27129839431158354,0.959755594796366
11685,-0.8444052047194298,-0.8405124480030841,0.5749817398145649,-0.7428008604315873,0.2620813046354293
11686,-0.9057855512318947,-0.6564380229207836,0.582804268115347,-0.6808883732306034,0.3546245730250728
11687,-0.9563854774950439,-0.5269594556445812,0.5794068613802617,-0.648767466284378,0.41750952850096595
11688,-0.9117372759002598,-0.6275984432118463,0.5809634223566994,-0.692974986784257,0.3626427830348965
11689,-0.8904128320318707,-0.6956940608903026,0.5587406655064402,-0.6372367789382601,0.36547312271928206
11690,-0.9113893009124389,-0.614194037068565,0.5697856703617616,-0.6567358121852637,0.3892502971883127
11691,-0.8848312593510818,-0.6787845725551784,0.5564817912885457,-0.6789939689470781,0.3637975246161337
11692,-0.8687528330980765,-0.6747247570246682,0.5546906652928996,-0.6576442692769827,0.36675536120963165
11693,-0.9147316486654959,-0.6052751288473514,0.5582867904129603,-0.6246437176907419,0.41116283324007546
11694,-0.8488534906736953,-0.740558126911105,0.539732648091021,-0.6132649304334464,0.3706133292979465
11695,-0.8104050856702922,-0.8468681110143281,0.5289511487514003,-0.626180469029013,0.3328855172414295
11696,-0.8661124215653905,-0.7501185039623235,0.5454972152226878,-0.5937302562370006,0.3788461860953766
11697,-1.1634283884546535,0.89435512402872,0.27362828277430273,1.3173582290819155,1.9288776835023658
11698,-0.43257587431153227,-0.5881547653582823,0.19109890860546272,0.14877200769804255,0.7787730114755759
11699,-0.5279823612610178,0.9731637433885137,-0.10133285241073213,2.296287208645485,2.5952054204601187
11700,-1.4118693659044228,2.4559306517937634,0.08749121581759954,3.1006760627621395,3.7133663697725887
11701,-0.766160113100985,-0.8041189474654802,0.4973751808345434,-0.37622906287696534,0.50673578202024
11702,-0.8740767395347896,-0.6970923894737102,0.5171136645465058,-0.4833240825576288,0.500262140787652
11703,-0.808251905537738,-0.8453890855578313,0.5231301129586277,-0.4817900953161238,0.42890798547223563
11704,-0.8223866629597222,-0.815464783486382,0.5262709972347316,-0.43930962743502827,0.4501487590109568
11705,-0.8522591032295919,-0.6344073467457919,0.5386351811633484,-0.5528568215726946,0.45083967913225986
11706,-0.8519457950227347,-0.6247389876615532,0.5393695705434985,-0.5018149656427684,0.47072360331481705
11707,-0.8640133435009028,-0.6592849145215812,0.5402194857636291,-0.6144854741813381,0.40992999617233417
11708,-0.8295584067752818,-0.7169853340811086,0.5448092268334469,-0.5987433574418743,0.3926912814685471
11709,-0.8319325186067764,-0.7091199896814231,0.5293453312104798,-0.5715702912769413,0.4109174728052292
11710,-0.797140235451534,-0.7802297608641254,0.5321480467067674,-0.6085326747331029,0.3625438784666929
11711,-0.8147028267084054,-0.7440089215102937,0.5382353913133219,-0.6048020554359721,0.3868350866947376
11712,-0.7454436126414372,-0.9136682404423134,0.5315111604111804,-0.6357825522099071,0.29938985996723877
11713,-0.7636109130403906,-0.8707365727368191,0.5231849803503236,-0.5875051417683413,0.3397027798270438
11714,-0.740507561939323,-0.9218602749117608,0.5285107266476714,-0.620793297472999,0.30874290868227006
11715,-0.70114228746914,-0.18972598025443102,0.27623402657869706,0.34507776401490853,1.042443000578706
11716,-0.8356711281110148,0.8636277683145046,-0.151720023918611,2.184473152465311,0.3352661066640276
11717,-1.0523364396642798,0.30376756270048744,0.2227317638773411,0.22991585435959258,-1.0248429591617427
11718,-0.9662758930459839,0.7261380912166997,0.23939508854547778,0.9029427969662276,1.6253589257872385
11719,-0.7121670123014221,2.2667056783122925,-0.21623934727299568,3.4500512463436266,3.957739669793773
11720,-0.9764117997691032,-0.20923144817288286,0.5918879779965291,-0.8167082564555186,0.44217432034049425
11721,-0.9732478717898171,-0.22819353048607133,0.5898063888737121,-0.8023561309971377,0.44084557921090867
11722,-1.0130287142465708,-0.1489808795968329,0.6001748880293292,-0.7831480613057311,0.4827655788831959
11723,-0.9438493401898871,-0.22832224684741229,0.5770973818414407,-0.7938339769769241,0.4426216198380201
11724,-0.9956161396383744,-0.030164596594152694,0.5795746635003695,-0.7827637829479951,0.5235815582026804
11725,-0.9972268563755139,-0.060779996914879696,0.5942196220200991,-0.8066574795029872,0.5053134256449551
11726,-0.9850192581472917,-0.08381548446111509,0.581264246096086,-0.7803244712910274,0.5059991626384652
11727,-0.9736021000651117,-0.09532653687563968,0.5887903928138025,-0.8144402727164687,0.49140741424934387
11728,-0.9652909987700333,-0.11944379389958737,0.5823369107810294,-0.7908505815298941,0.48935081020320476
11729,-1.0042487645898823,-0.0031083135044304424,0.5745074306163208,-0.7373754386523671,0.5473017606437557
11730,-0.9663111942739968,-0.1232268334606189,0.578027609503143,-0.784854426993066,0.4970737901395869
11731,-1.0650800918582006,0.352990096080887,0.469454268060532,-0.308796200955834,0.7847170094847781
11732,-0.5872253789041155,-0.6539260839440635,0.28576866888797164,0.007710997052188275,0.6618481212739107
11733,-0.6353942329009707,-1.7834095907923693,0.5412729775637629,-0.769690861202105,-0.08861082120871597
11734,-0.6416582829628624,-1.7770478185674967,0.5551137463988807,-0.7773688136993132,-0.0917845456773004
11735,-0.6680822102889409,-1.7257819968672978,0.5563197017603131,-0.7578090460313847,-0.0649579338935241
11736,-0.6499987115318835,-1.76565185248576,0.5558025251911306,-0.7758605391902715,-0.08206541732029253
11737,-0.656643384319731,-1.760743080528,0.5603741294120851,-0.7831336581650032,-0.08504314400562896
11738,-0.6760703959131756,-1.684823118360946,0.5536512175375815,-0.7294070673044113,-0.040231713005277274
11739,-0.6846328148419116,-1.6822777416222017,0.5574386747260272,-0.7351363250957733,-0.04001512877890996
11740,-0.6822765419540209,-1.6840811221192795,0.5615265555293154,-0.756310088215886,-0.04588021558651722
11741,-0.6588075979301781,-1.7503768619206248,0.5584729685572596,-0.7677033640580382,-0.0755911225654384
11742,-0.6611367073778963,-1.7408731131555415,0.5628080694196874,-0.7893247856644375,-0.07710412192862731
11743,-0.6593216606545678,-1.7450449046157468,0.558667886856758,-0.76642427925642,-0.07385990194290815
11744,-0.6845361349242486,-1.6687477845380045,0.5600014547421752,-0.7617229380940521,-0.04142817591760498
11745,-0.696673254301263,-1.6344924611890532,0.5531384953566211,-0.7127724421870011,-0.012929824243267255
11746,-0.6649817391449507,-1.668184201582455,0.5419105166803604,-0.7074358193930187,-0.01889343663062897
11747,-0.657221629613271,-1.6939144546468312,0.5440000386534908,-0.7349461848282901,-0.03780646310475639
11748,-0.6456223874909495,-1.7846317783535213,0.5520725930753626,-0.7594218752687766,-0.08131812374920012
11749,-0.5851202680385386,-1.7936837376534955,0.5312294524269889,-0.7417556120745185,-0.0710539256285709
11750,-0.6854686104038374,-1.6384030413862631,0.5639355687129335,-0.7345640437472908,-0.02501561934191499
11751,-0.6754861892207595,-1.6931357426883764,0.5482219478431005,-0.7463168051011148,-0.04041751672779012
11752,-0.6820681676998118,-1.6537785066811876,0.5417503147389584,-0.7071852648553132,-0.014505559930849014
11753,-0.6842665465251115,-1.6486955644641443,0.5454579034032925,-0.6785039624127115,-0.006065317803591926
11754,-0.6527207681698827,-1.6643234928941826,0.5418214613157644,-0.6833124601722347,-0.0072548527152056005
11755,-0.6611177983763459,-1.6531956343537633,0.5415978899974181,-0.6806597088765363,-0.004986441512939461
11756,-0.7348805103898418,-1.447347943313687,0.5348282951716142,-0.5746282113597939,0.10638535548076043
11757,-0.7076276728440304,-1.5169537409348908,0.543968911019855,-0.6263965566080796,0.0674339574223611
11758,-0.7263067062211231,-1.5237047294677406,0.5511881899006331,-0.6306493588611154,0.05752232940018489
11759,-0.7058040322052461,-1.6244185758048304,0.5552168701771792,-0.6920206861670037,-0.0005274164035035388
11760,-0.6860841133386176,-1.5929738892918792,0.5321811046661089,-0.6145501984335024,0.04904008035632333
11761,-0.7342301553855638,-1.5260762545276494,0.5460433459723761,-0.6371883099349408,0.062407854129274416
11762,-0.7251912219614635,-1.534983834659516,0.5461771939100146,-0.6067934069019223,0.06632592590476347
11763,-0.7469603407658423,-1.4318960785107833,0.5266272598296262,-0.5482343016884519,0.1300481508406541
11764,-0.7452300191848255,-1.4597357010615915,0.5332941892517193,-0.5624443355888841,0.11284063809330347
11765,-0.754462037025834,-1.5024438003859575,0.5514439334539919,-0.6271094643856914,0.07054637070345951
11766,-0.7357134881288333,-1.4961910597018546,0.5530812170137168,-0.6354839762920704,0.06815777703105949
11767,-0.7361767029478321,-1.5460733205075352,0.5566772214603848,-0.6745412489468263,0.03753972803251102
11768,-0.6962407126366427,-1.687549999037641,0.5613121282186204,-0.7355991664595686,-0.03764128258825818
11769,-0.6900459133330035,-1.680481990056727,0.5459215675154805,-0.7151563043097439,-0.02378998907564221
11770,-0.6785617498677701,-1.6338239822186915,0.5425174938103284,-0.6327463205812407,0.018676720425575596
11771,-0.6753205860530996,-1.7111678879795202,0.5519687348049718,-0.7259583870698848,-0.03511725388157042
11772,-0.6708247683183217,-1.6838884704045152,0.5346412576263544,-0.6642828612153622,-0.0035731898793600536
11773,-0.6371584487924044,-1.753396757940854,0.5255192088224282,-0.6744307434263659,-0.029781804747364884
11774,-0.6837915684587359,-1.7010384804333163,0.5504922448767575,-0.7035349876875303,-0.0301077555702117
11775,-0.24301873090573542,-0.8489631817361764,0.12521892096261786,0.34503498902130036,0.7951791078085354
11776,-0.8384078357567352,-0.6140027186175082,0.5100531474368011,-0.48584344436681054,0.48054957160370204
11777,-0.7937612103619341,-0.7061882716350829,0.4832879561094,-0.48471632787815117,0.4598833255085329
11778,-0.7399990063709654,-0.8264013713306829,0.4860490978976459,-0.47974757983815614,0.4295124205534174
11779,-0.9543803034678231,-0.34667648664603073,0.5481410423475277,-0.5298890141637922,0.5713070951793601
11780,-1.0164979591592873,-0.1689476062256948,0.5708213504971672,-0.46187581952397594,0.6358708963157667
11781,-0.8882202530619028,-0.44863065710126393,0.5365033265026,-0.5358511716191282,0.531952420909275
11782,-0.8377407627437523,-0.5802405499834542,0.5365971187833481,-0.5155442477776621,0.4798892436601619
11783,-0.9084171760637012,-0.39297625210888654,0.5329791995483132,-0.5381412929582806,0.5524962403424867
11784,-0.9210177703241489,-0.36507708684268514,0.5543901088692456,-0.5427825308395102,0.5430518876263632
11785,-0.9932370623393737,-0.20286156531662813,0.5486468587596437,-0.510515266314308,0.6147666831677858
11786,-0.970520556481867,-0.20918831756229658,0.5458123160636047,-0.454507575814812,0.6213647361433073
11787,-0.9299355608801138,-0.37570550476032216,0.5670774615600291,-0.5994144700147382,0.5196173205338132
11788,-0.9839521075036186,-0.21671893464712202,0.5564503721146191,-0.5070701346375447,0.6060862649838822
11789,-0.9193363414401812,-0.35302899699928614,0.5378961498122001,-0.531233576555583,0.5476275059928176
11790,-0.8739454217155848,-0.4457050266618935,0.5390663494166281,-0.5710081937770515,0.48524166813489444
11791,-0.866887097054219,-0.44305453717318016,0.5291740420285427,-0.596396428022827,0.4843927432379729
11792,-0.8793621643245659,-0.41937918766710325,0.5255865203595191,-0.5398186875523473,0.5099243935309177
11793,-0.8718530598937007,-0.43581844358519456,0.536358368497545,-0.562940501232785,0.49396003087458695
11794,-0.8320862795057642,-0.5040531308623454,0.5108244118101801,-0.5508633529872432,0.4754450864283586
11795,-0.8358363440423674,-0.5323008545356951,0.5144421878085077,-0.5349188561471061,0.4715686859781737
11796,-0.9588792085120109,-0.24610118418958057,0.5540754460318652,-0.5487846872274937,0.5792948272997792
11797,-0.8771369528003978,-0.43555348502981,0.5317925300736778,-0.558990362284151,0.49284923695988186
11798,-0.8858286399579737,-0.3805278492301446,0.5193587852260195,-0.5489696214788125,0.5240291841289608
11799,-0.87030008495865,-0.431764910438815,0.5339147361874247,-0.6016584225283306,0.485964183880463
11800,-0.9179362990631685,-0.30032214896384585,0.526389320940739,-0.5294197538704383,0.5636940767872127
11801,-0.8356137322155736,-0.4738961350681572,0.5094093995396887,-0.5778766110212068,0.4717146661089175
11802,-0.7690751972801461,-0.636470663599655,0.4943782505819517,-0.5609414926466775,0.41360142741139905
11803,-0.7986328140721903,-0.5556888268265703,0.5055056428911604,-0.5593790753554103,0.4446781381863715
11804,-0.8381962807721699,-0.46883000405206604,0.5110029355748437,-0.5275229275750762,0.5004807490242075
11805,-0.7861233397780104,-0.5920277086789326,0.5014974730415402,-0.5636605306593899,0.435504769123153
11806,-0.7955015852033184,-0.5974445039013883,0.5133699178366079,-0.5985333273078852,0.4176617645592676
11807,-0.857438853007199,-0.43842823220918314,0.510103316442013,-0.5418465014494457,0.5073426230937402
11808,-0.8926659853761169,-0.35011344105275594,0.5271880114842973,-0.5466492195233825,0.5327425559061544
11809,-0.8226321296440784,-0.5559589827411102,0.5211739954390842,-0.5888300222320616,0.44617223277587587
11810,-0.8700100751959896,-0.40236276279480515,0.5261708178547597,-0.5634706133359333,0.5078754219808992
11811,-0.7940020374494146,-0.595470635536419,0.5137718895230532,-0.59231641914861,0.4256956037853329
11812,-0.8096337116559774,-0.590919277870251,0.5186663052008714,-0.596441808887439,0.4291506809282509
11813,-0.7807719784993649,-0.6463650495992074,0.5119291397268908,-0.6013242750328205,0.4021792558151379
11814,-0.8103423101368987,-0.5909278705862143,0.5156010178005821,-0.6050803956136491,0.42404558731563685
11815,-0.8787661324959976,-0.39717363123286514,0.5227062251721106,-0.5354870661605285,0.5212114764878356
11816,-0.7592365751675972,-0.7374423036679628,0.4976143379630499,-0.6491028410166768,0.3233278059271299
11817,-0.9434752966063743,-0.5259383982545587,0.6220289095733113,-0.9344703843472109,0.27957957739116496
11818,-0.9339086712153425,-0.5497780805597806,0.6155176640464051,-0.8965289905744815,0.27419103873231643
11819,-0.9774404177620586,-0.41209336470754176,0.6074108696061176,-0.8263398459447051,0.357891265530681
11820,-0.9996598589752034,-0.3694664676453531,0.6158443924455279,-0.8225562632100073,0.3768263965331269
11821,-1.0286834351923935,-0.2923060124167589,0.6264020758114961,-0.8334687260238701,0.40554214672219124
11822,-0.9813919728228093,-0.40067844668923414,0.6170305599071427,-0.8545872813691193,0.3519156062420205
11823,-1.0148521158268389,-0.3146619670279132,0.6175429583578976,-0.8140635094086942,0.3975721845201485
11824,-1.0024460055084488,-0.36058252779134836,0.6158064500796132,-0.8177457286123071,0.3842798489650538
11825,-1.0350048379427506,-0.27915245007844836,0.6188032454719526,-0.7790537008248885,0.4266941018540031
11826,-1.0086913912799669,-0.3357072651744785,0.6138689983475222,-0.818389374729606,0.39145101311843805
11827,-1.0114949440806797,-0.34062325183544667,0.6168310430536911,-0.8014888811400986,0.39672133090702466
11828,-0.9920648698777825,-0.3699428896491716,0.6136479515346781,-0.7996880746871763,0.3841966518458624
11829,-0.9978831131346749,-0.36875548068382874,0.6088878183491717,-0.7976462109535177,0.38679027769367713
11830,-0.7326550553583434,-0.6666579361105265,0.42001979622860924,-0.3542845328785512,0.45684107701687054
11831,-1.1071606810277856,0.2211175498150054,0.2493693503313554,0.36983615695479277,-0.9602706140845566
11832,-1.0744009152309146,0.10209772495995464,0.23985055635849442,0.3819396483597954,-0.9836835542250787
11833,-0.6812256164320063,-0.5459046526180518,0.08276942735526518,0.47384272427823554,-1.2018479883084303
11834,-0.5340526585201336,-0.8440838444320188,0.3065549985058968,-0.03668046776098023,0.5914236518222211
11835,-0.9121060810474672,-0.725316569565072,0.6080686158456281,-0.842525407058127,0.25956335501334826
11836,-0.9130023320047931,-0.7429033449697864,0.617006462111582,-0.8564661157862702,0.25352958906056466
11837,-0.9175023438258822,-0.7476145702274429,0.6181290486876981,-0.8478685487942296,0.2529342446942601
11838,-0.9172128853100372,-0.7305815028014827,0.6139419346132204,-0.8392679143562549,0.25933846513251496
11839,-0.9180752175124153,-0.7267883436198923,0.6210383714437702,-0.8688069193183974,0.24902539067749715
11840,-0.9486256736283291,-0.6467601649609871,0.6277360531506553,-0.8488833219196084,0.2831430889771871
11841,-0.9522843781356666,-0.6344918436104412,0.6297461741427485,-0.869927115291044,0.28479778859251864
11842,-0.938377685417715,-0.668011814468784,0.620481006067167,-0.8577845081930132,0.2726799335542878
11843,-0.9497250619419371,-0.6397238449753329,0.6263462659420629,-0.8513584116972991,0.2845880943276745
11844,-0.9545204427169418,-0.6193720589230169,0.6260384795998196,-0.8540459212317699,0.29137891542175864
11845,-0.9593661818389672,-0.6197589332913713,0.632637432634553,-0.870064396909744,0.287884765111863
11846,-0.9804244959621832,-0.563953211150103,0.6366623078346312,-0.8601264582438825,0.31167488932875304
11847,-0.9405294117174041,-0.665068358376036,0.6277086166378526,-0.8715149488733153,0.27046200382522056
11848,-0.9277529672014243,-0.6874499555516803,0.6246558284922088,-0.8788816981944471,0.257652208975718
11849,-0.9432609765745836,-0.6476788443774458,0.6259739072706292,-0.8685397038658051,0.27530610469640576
11850,-0.9450720135535364,-0.6444264121607222,0.6259642464135667,-0.8624676478283121,0.2803955174903186
11851,-0.9198258227142154,-0.7068661965493602,0.6211790732630585,-0.8856729474378778,0.24727605927021604
11852,-0.9211521162549193,-0.6970805747237531,0.6208621396248362,-0.8727550687165317,0.2544237597923577
11853,-0.9267905834744218,-0.6740025060690976,0.6225088488949367,-0.8744479184823531,0.26178099959521445
11854,-0.6821815966643049,-0.9713422384911279,0.45489882546618654,-0.5782799198853591,0.24911357933192171
11855,-0.8261874899143853,2.973709947808464,-0.28156600004058036,1.7341347147706683,2.5697129534953476
11856,-0.8881254284641139,-0.539060491475336,0.5175372927421205,-0.4602223733084376,0.5105305936536084
11857,-0.9293806154945365,-0.6035071107896162,0.5800004606110648,-0.631187217895523,0.42049898042912726
11858,-0.9542829165515283,-0.5391992703232518,0.5934325451396892,-0.6228206889942259,0.4504407727342574
11859,-0.9329372665310051,-0.5780258913653348,0.5787336384355231,-0.6245070173660449,0.43806059628840555
11860,-0.9508384545742583,-0.5174583513293081,0.5880045777793836,-0.6368678577639425,0.4527095983381181
11861,-0.9268197801146322,-0.5437962821870808,0.570114271775015,-0.610689888706597,0.45068190642157346
11862,-0.9096098978472344,-0.6110827928755076,0.5694647070465402,-0.634944470920985,0.41703303665969754
11863,-0.904813046539235,-0.6296712484625179,0.5724504545233713,-0.6207230379336979,0.418695341056084
11864,-0.900551485900131,-0.6237189159846056,0.5632369765306804,-0.6160625078850716,0.416485032908319
11865,-0.9409127740041303,-0.4860812810675499,0.564602356620422,-0.5817213149807163,0.4846904002851397
11866,-0.9509498700276618,-0.48088200092466454,0.5774639089795192,-0.5974889831739112,0.48466623125594094
11867,-0.8725977864357778,-0.5538145487563789,0.5471910555670222,-0.5807562074432544,0.4734102880855525
11868,-0.94063322244429,-0.5088122619363195,0.5804761223667039,-0.6347790876432154,0.456562259238866
11869,-0.9319778776591896,-0.5037334602997844,0.5722880031318928,-0.6243000034280817,0.45837795702112616
11870,-0.9000863729770088,-0.5922373439250157,0.5707549919449489,-0.639563656864776,0.41561133261243005
11871,-0.9213498357064756,-0.5424426739325803,0.5695491917226442,-0.6435987743628855,0.43907951400248857
11872,-0.791346726298893,-0.7206025538614143,0.45663307281586263,-0.3747890905779014,0.42255399480283257
11873,-0.8160804000496555,1.1454651517285077,0.01891707264721101,0.9740751718138065,1.6308775588961606
11874,-0.6226648477818223,-0.5207334975831357,0.25359321520558264,0.49991522712499536,1.0267231995943378
11875,-0.705922440856085,-1.7195491270606895,0.5962215379095638,-0.8545015311513422,-0.08953647474106294
11876,-0.6441850405654218,-1.8821478569038574,0.580376149664706,-0.8402746966050032,-0.14141536464923374
11877,-0.6896658455853901,-1.7678026780097675,0.5790792929853287,-0.7873614832168441,-0.08053752159487534
11878,-0.6830121115935269,-1.7798985783447006,0.5818111206036628,-0.7977163056704775,-0.08933499871431484
11879,-0.707845907363966,-1.7175870024932771,0.5853680851046774,-0.7811930384435178,-0.060082325515186226
11880,-0.7004068303127349,-1.7490258284245241,0.5826255309562297,-0.7793082821314263,-0.07138550250734836
11881,-0.7189658760742522,-1.6804284883289327,0.5859844748437888,-0.7638538826119005,-0.04292864562143789
11882,-0.7726402635793878,-1.5322276949772307,0.5840633298271537,-0.703390744895204,0.03049898451208831
11883,-0.7589537406683238,-1.5839155239772482,0.5848811322231451,-0.7273035110811812,0.006563952346816515
11884,-0.6958746467986867,-1.7473149850385676,0.5794957420733196,-0.7668405096001313,-0.06518768636433929
11885,-0.6987588324704783,-1.7370479144728257,0.5798827900246272,-0.7726823469486327,-0.0625954407099058
11886,-0.6800892284383602,-1.792227369178231,0.5883225078867741,-0.8195282006693023,-0.10034977867570297
11887,-0.7195098166224502,-1.69082056393416,0.5770874545317953,-0.7475268996452649,-0.039959572868153166
11888,-1.1767286855189039,-0.19273460165906228,0.46413482716405063,0.13427402856838064,0.7985037236784723
11889,-0.9808238425941554,0.26198872466364664,0.327090941935654,0.3690833765789468,1.0668079542085445
11890,-0.7397948993566004,-1.6009166505084296,0.6193930439213634,-0.9430594841422965,-0.0866495905066783
11891,-0.2359017129321191,0.5114864828228839,-0.21766658466365083,1.1531699239659945,1.497848976031561
11892,-0.9215340919422539,-0.75473622647784,0.624854163965716,-0.9028114341634895,0.2132715981118091
11893,-0.9354589258771795,-0.7229054884008949,0.6283488083734787,-0.8978191517754356,0.2256905190238773
11894,-0.29794890602026625,-0.2726424823456842,0.03532556726701647,0.34329676915662627,0.885416180603532
11895,-0.22832001405604185,-0.40060896630629816,-0.019490861414839054,1.128806577879807,1.3489787681949719
11896,-0.8476208179057183,-0.7602904024787391,0.5431655421351315,-0.682286828719689,0.3016873601033815
11897,-0.8987241944114356,-0.6443582706277116,0.5780971473045403,-0.6987355515214695,0.3482981111428294
11898,-1.7155822525912898,2.840651158114211,0.18072238965278736,2.5959475025246768,3.2978971002030466
11899,-0.9660312319296214,-0.5392695807490959,0.5954563920121074,-0.653657823762751,0.4322567359806841
11900,-0.9151867394547386,-0.49261542188483387,0.5615444556188909,-0.6106645309895603,0.44354337260528004
11901,-1.5019439098868759,2.1329355314609733,0.2329073612761068,2.0699814982510074,2.8027391477651107
11902,-1.0855472475980232,1.8971908484838333,0.08106213272103713,2.7953054362328364,3.073600960887204
11903,-2.3373722437693796,5.163738804322717,0.0620996451401772,5.446092106413806,6.069933502909428
11904,-0.8166598534361101,-0.9335683881950149,0.525881277027116,-0.5600614924969484,0.33163130386713485
11905,-1.173255947604052,1.066735910642614,0.2039388498502522,1.6827393619628543,2.1737922075594613
11906,-0.8415197440481927,-0.840109687361952,0.5438176986782015,-0.5907561979409626,0.36779634512706105
11907,-0.7138276634613249,0.3950669488027539,0.0989148798535433,0.8431629554813703,1.3486443417111047
11908,0.05861377444878479,0.08353058985191221,-0.46272837081535,2.0242042505741153,2.154226051230379
11909,-0.04074215527752522,0.7291592883280801,-0.32914064343154614,2.5564898203155693,2.71674232848445
11910,0.29578713492437736,-2.0621732691286154,0.3030035428596956,0.7053849439070461,0.5581738789303216
11911,-0.2672351112639995,0.9976400867668455,-0.03566670702605321,2.9204815929783323,2.848843904777373
11912,-0.14063479050826574,0.12373928067291975,-0.13900078179005798,2.2188686725934925,2.203930935191785
11913,-0.14863447548541106,0.35602546428564774,-0.13989793849741847,2.3708713488383615,2.3485943310170114
11914,-0.3012627601647492,1.0972413498977076,-0.31634923527834147,2.959607170632197,3.0430553340978874
11915,0.4670446164299816,-0.4607733956845751,0.047115593827082775,2.4460777261094915,2.003208597269357
11916,-0.05331159189452857,-1.934810014289674,0.1818552533915299,0.7776206901013147,0.8693824556124536
11917,1.2521587840414714,-1.7842951006557342,0.010582456533158303,1.023136418697374,0.5997257133282474
11918,0.23948411809950773,-2.31772616538803,-0.47006451099263313,-0.09765515112560605,0.5066326182015083
11919,0.6077813121773918,0.3602405138112342,-0.7866818548917702,0.9414089060958497,1.5220700779514462
11920,0.5052364526846765,-0.2715959137119027,-0.27511512883719,1.9453455751573228,1.7412883492772482
11921,-0.07206830666072059,0.4116131759521417,-0.20161615022139845,2.2840816767442416,2.298749586774962
11922,-0.4078519267808888,0.6631750543163305,-0.2269802119032295,3.0395284793359076,2.9390514141693016
11923,-0.1247706876463881,0.9391152313592814,-0.30943889133136077,2.8903216455745295,2.8911625015668374
11924,0.08873254292110219,-2.050592517587799,0.4635934951645576,0.6554561603576808,0.5698948953086048
11925,-0.007651672779657031,-2.0187152643847974,0.28282340787346877,0.6900199161728241,0.7376250156741173
11926,-0.14997675662381413,1.1553115466614978,-0.24589159104615296,3.219754414788112,3.0871225545955663
11927,0.24101826480290334,-1.9552371597915947,0.17565023849176856,0.6634169365225407,0.6235072149464559
11928,0.23825542708795255,-0.11338083686278531,-0.24061642665482916,1.9668277460180632,1.9500878897335514
11929,0.2752310452972296,-0.595072790054094,-0.07850433329464632,1.1237170699349097,0.9615415318065536
11930,0.08571798669365452,-2.153445926647582,-0.0537613557942864,0.31025024654541977,0.5853911428151037
11931,0.4690607576698211,-0.939888503269674,0.12565749308387375,2.1548894124673112,1.6745916128200347
11932,1.4934571869639228,-2.1155075627927724,0.5392925340695047,1.1448481140215179,0.3564611900495831
11933,0.043461238689829484,0.3909617392176137,-0.11892762289177254,2.5688823257346693,2.4589067816299868
11934,-0.08485482933387788,0.09861898145452713,-0.12109290446491137,2.507504860450754,2.3049080895794103
11935,0.06643285618993156,-2.029751754433114,0.17944335556444418,0.516647361039993,0.64432253909295
11936,0.06429497282583531,-2.0313988046968134,0.09835170770947678,0.5181175575255271,0.6873290192923464
11937,0.08028145281880127,-2.0224883543851204,0.2390348140337925,0.5808164449882679,0.6499119119188658
11938,-0.040112974649508124,0.1428371453307131,-0.2600138366856376,2.1753721627008415,2.218878541892216
11939,0.06500146080899816,0.21889511883379456,-0.2681848083059644,2.1924107828932566,2.3083770623652993
11940,-0.06544265713704071,1.0726488065617645,-0.2851164490865672,3.055960994082407,3.0245240600798122
11941,2.2628409992384184,-2.202325820098898,0.1351934044729938,1.0684343467679618,0.37727332554531273
11942,-0.01299252416217279,-2.0072214076371027,0.017450110956084997,0.6495445335688129,0.8583278586661991
11943,0.10056227792838354,-2.26951216579288,-0.33826205688340083,0.27923563256217643,0.7555345158168076
11944,5.020159625005045,-2.135037379710934,1.8702793899226247,2.2587258946770694,0.030910680100652597
11945,0.37028734714276,-1.6359273028505243,0.0863911875797763,1.0067410149321288,0.8840291563963719
11946,-0.04328156651464197,0.15739593886405812,-0.357946194164393,2.291572157435164,2.368697920734443
11947,0.1266762976696755,-0.03795094964559829,-0.3321767099017551,2.0686725906642693,2.1922245854076707
11948,0.39002843124222825,-0.45245957685137694,-0.618769359858223,1.680551702625628,1.973201095108063
11949,0.11435097699849024,0.14225979976794725,-0.5862421452646103,2.1439914281272716,2.425604090242318
11950,0.15398915633170518,-0.40773332246902017,-0.4314563285541755,1.6180826354002924,1.7732360417063986
11951,0.1695476103917244,-0.008305244272952343,-0.2817818248914787,2.1312933764757234,2.1895706746506587
11952,0.39199132372435735,-0.16497285687319305,-0.4526472120877949,2.100318009584549,2.217679017559183
11953,0.26874023598562624,0.35145238452882904,-0.33437149380174974,2.5740702725563156,2.5690988374146726
11954,0.6117493112436834,0.33244636633463487,-0.9263929064147404,3.076533165504986,0.6656022478961572
11955,0.4063566473995098,-0.2633664451092706,-0.2931079736571758,1.99121531775191,2.047824391239028
11956,0.4771457941253344,-0.18205398296138067,-0.5488498345466946,2.007183761830091,2.2363560937031406
11957,0.16157428559754536,0.38876348096457125,-0.3079870753145976,2.5700435363461605,2.635119625077202
11958,0.5203372536985225,-0.2960091986853938,-0.5379144115216264,1.993657276041249,2.116527671828743
11959,0.3087763049132138,-0.6686990267332085,-0.31023746805556063,1.6251010554906615,1.7342573126543197
11960,0.21656403988387993,0.2615402354599668,-0.54775473778141,2.37989514299292,2.5416104599225795
11961,0.4934374977804956,-0.11122080233784128,-0.32122600315407557,2.2373181789283145,2.2506691039051097
11962,0.3562015999300979,-0.0583011486586981,-0.3143920562807395,2.323218413090921,2.3566652461509654
11963,0.5265943035213593,-0.15868048479799426,-0.3440017869306397,2.2904536779527485,2.296832451870632
11964,0.6256632689875967,-0.24238128018839158,-0.45644507012542973,2.1474803302964576,2.217536051780681
11965,1.3637668121296802,-1.2934195685907208,0.3308811025748834,1.717510035737065,1.0469251417121785
11966,0.47493608435977863,-0.44446281669913534,-0.4038250928195448,1.9365402109583305,2.0588033687848935
11967,0.5050407424132886,-0.01560956138643581,-0.38039529261066296,2.4315018959869383,2.4578857593523145
11968,0.54806279133434,0.08644586021825675,-0.39556134874703885,2.500354333308558,2.5335163213446767
11969,0.45347859843827504,0.1473614309622607,-0.43442259759933494,2.5243958917128895,2.636933840087384
11970,0.587715641046973,-0.22572034170779534,-0.3612770858357174,2.225247204787744,2.2217088931676274
11971,0.6193004622723333,-0.13155260701453425,-0.42103513665514153,2.3949726684329176,2.440455329489541
11972,0.4262527403471733,0.26421377129124696,-0.35182376715367275,2.4945402752157215,2.551135360979809
11973,0.35655070090661145,0.3623389708015996,-0.3679323270911331,2.655929628461204,2.720629824574644
11974,0.6300617003850536,-0.033437012203184784,-0.407852743246987,2.432898250351205,2.456070748196239
11975,0.49756332120612634,-0.0010695989689914946,-0.34802890632173183,2.352316035564119,2.380738891645156
11976,0.5300129651486395,0.059651679232871395,-0.41867108654038604,2.4370506658229614,2.4826414144177895
11977,0.7134992401473388,-0.20144316850222282,-0.45401574497270186,2.205682691150054,2.207726979585113
11978,0.5179045282723149,0.08460434190307602,-0.35358156706527566,2.4563800442106656,2.4633830251899047
11979,0.43534361829109247,0.19898226512575967,-0.44360300670321157,2.537388730644627,2.6405519912981523
11980,0.6640536618825509,-0.2031826380934286,-0.3758964873604327,2.2181262352821127,2.230537497132294
11981,0.39311839728361425,0.46578196757749496,-0.3587878876360951,2.705901028995985,2.818547535727817
11982,0.5316935162448233,-0.12845613568934716,-0.2951472969639339,2.2520752671073425,2.2908527037687443
11983,0.41127125130442993,0.46544370843311544,-0.4941712717665892,2.8084535211461676,2.837272976666216
11984,0.4819659136530172,0.22197596986349302,-0.440614797695897,2.5016985755431125,2.592681976446015
11985,0.35175112238703826,-0.19018017208441026,-0.28998882711977253,1.9959384999490768,2.154588058459343
11986,0.3987843362297418,0.05771105443382012,-0.317756925277494,2.3528826200542494,2.42037705965778
11987,0.5235912337881394,-0.1828755778466959,-0.36156482087986275,2.1067901048374025,2.2130488169597786
11988,0.4966173677964721,-0.058549035299464605,-0.3768999323759312,2.2026439853717115,2.3075727328447346
11989,0.7560902897249271,-0.20490093153711647,-0.49080297614747903,2.178877280600434,2.250937669090257
11990,0.5511343133544561,0.12210212312287254,-0.34048652344646413,2.521930935468485,2.5812589333942273
11991,0.6553975071882789,-0.17353992033234442,-0.3874336711428989,2.2414851707386143,2.3117671195248772
11992,0.6277543692337801,-0.002067936911124467,-0.42172147187519854,2.391495356754374,2.442456507320861
11993,0.5136782041633039,0.2041203122704308,-0.41338690739228373,2.4514914377710575,2.52370024539163
11994,0.5207879794192168,0.1108354246858323,-0.3445111337790652,2.443543091063261,2.4773342939717886
11995,0.5224641763379673,0.1737749403004198,-0.33198617676070796,2.505095968110678,2.558994973416791
11996,0.521140350042983,0.1540804304811906,-0.33432723682457177,2.5048599211872222,2.534399208296128
11997,0.3927098593258168,0.2199824311122795,-0.36404532460430494,2.521084920704869,2.613730083612958
11998,0.5728101579270263,-0.15705749625327411,-0.40559130523309844,2.22245210318111,2.287084390958098
11999,0.49856564866254993,0.09296355646338579,-0.2603835448059794,2.4450783252541886,2.4167429375642353
12000,0.36533126313617353,0.27543822879092245,-0.46139602942300695,2.413437164994179,2.5498159542544627
12001,0.5025888940524498,0.10603759643301361,-0.36833419353816366,2.3907248010281044,2.4718720548694906
12002,0.50391869840648,0.1776699648777423,-0.4145444107493944,2.5169821408805535,2.5771397227169643
12003,0.582857578650716,0.006372161562515542,-0.38647159033302764,2.4055551786488265,2.4123740941784284
12004,0.6088489935417446,-0.10570783200369117,-0.5390492353140206,2.2116055524885616,2.3454951575714533
12005,0.3195599271082518,0.49688642782444165,-0.3808914039816686,2.7218500842491657,2.782760405054149
12006,0.6665095401287783,-0.05506718582511663,-0.4828721374435132,2.342201654117594,2.44938100192067
12007,0.48453657277085305,0.23405463172743624,-0.44923520152067464,2.5261228524228017,2.629329405783008
12008,0.8953854397705838,-0.33186704337669365,-0.7426694238690349,1.8782074237661837,2.094769254790441
12009,2.7876418207031914,-1.743063412878749,0.23284980274536934,1.8110384528286538,0.6898636254168443
12010,7.501939043778903,-1.4703294402677902,1.5861150523417644,3.8320397953605516,1.0482704987097757
12011,1.8134688102938936,-2.0325966386918517,-0.7711675075625732,0.5064959387808488,0.5994196447540674
12012,1.0952236463739577,-1.0426393910897032,-2.03146118790238,0.8390806134280439,1.9262138586104671
12013,1.5582728070268188,-1.7896407564120267,-1.1109390107138502,0.5793013634985112,0.8923986902659757
12014,0.12363395491282218,0.4652669683166273,-0.5119575756874486,2.3919266030448925,2.6875515383462356
12015,0.0621609847019452,0.504661879628374,-0.44003036811518015,2.3727043746677934,2.6350454600387447
12016,0.2614289877122304,0.2864352224649555,-0.4580445040899735,2.301504577102239,2.533790410340517
12017,0.39191900834078175,0.013668873197251663,-0.3745247398933767,2.136036298024424,2.273147386045402
12018,0.2485419978185804,0.31663106310228445,-0.3573349986741682,2.379118811667257,2.551365112656102
12019,0.6191831309240229,-0.4757440711079822,-0.5039966823862853,1.8434112453641471,2.056764572417418
12020,0.5088491565640092,-0.23728834645615204,-0.35326986471050054,1.9568586349168502,2.135778452169582
12021,0.5328214369244658,-0.22540211307083094,-0.39226292323284484,1.9372758670434502,2.116856648829127
12022,0.6991198955016288,-0.38197754409839846,-0.4243379229272711,1.852401938175549,1.9896925128962664
12023,0.4915381436225616,0.053906242425064387,-0.32347713628244434,2.1728929861343076,2.271953545390371
12024,1.0456061451705545,-0.306817494107736,-0.889450170680821,2.580730584015077,0.16725653174413105
12025,0.6774649926537294,0.1318691326514973,-0.7187893862257606,2.760965638542104,0.36488097871969255
12026,1.9358894306634196,-1.6969575927203617,-0.338448559203342,1.1521293913319242,0.759674589826231
12027,0.6290194531504537,-0.24655241303056913,0.16339317764298694,1.8329558168895135,1.6169325339655476
12028,0.4587369805056783,-0.20935321293702605,-0.40851487645453405,1.811391921439047,2.050950112680123
12029,8.727966852445629,-1.2749190978410712,-0.6658147601001655,2.73610367812928,1.9088662794041877
12030,0.8495240870465196,-0.7745614803565191,-0.9082634814984473,1.2057007127848192,1.6333087005941023
12031,1.0418579096044687,-0.7726262681079485,-0.9957305041708001,0.9290274307170437,1.3513326684312306
12032,0.6959525686399459,-0.34855330475606844,-0.4533402823652553,1.9102163140652273,1.9750240291345476
12033,0.7333588684501131,-0.6080756227329741,-0.6261733898658847,1.4414394864537632,1.7597529956127922
12034,0.6973394851284165,-0.6759317571905696,-0.4790366770732035,1.4687740184510727,1.6932141947288146
12035,17.07811285508781,1.5724138982734843,7.293412512189729,3.1101800703505846,-1.885599848140907
12036,28.924565436350594,4.496689199692648,-0.5478003297698968,-3.2154305599924644,4.214247085851749
12037,21.875819617912057,2.777632148654635,-7.2080158999202,-4.172301483792628,5.2817563367067875
12038,1.4779783751945699,-1.6035760468246965,-3.3589787709480734,-0.26517976743828947,1.9990183160851902
12039,1.2299151002303406,-1.6225753025426857,-2.527814522858606,-0.05378966705716725,1.6305269909114855
12040,11.667493182001229,0.5749823910882434,-1.754880101995656,1.4147763415015904,0.6888744689321538
12041,13.699589537009535,1.0030087698328365,-1.6336793645797318,0.5807028532223679,0.6170218438508215
12042,6.854296444183784,-0.2526850377397906,-4.408739932811447,2.378206597183504,3.288907422269436
12043,17.533353986234374,1.6929719475358507,1.9527318353267666,0.9409698878468805,-0.09466848420077917
12044,15.477010587884669,1.3894168053181475,-3.6857443831138608,-0.8412418751272489,1.650881541454685
12045,5.032703411185328,-0.5134048396202368,-3.087645929399229,0.7597774577308396,1.029457477798029
12046,5.993290916306655,0.11165679343717842,-2.870696403694179,-0.08209931909817865,0.3327626835079413
12047,5.6489392152787,-0.6645217421474641,-2.442480424498768,0.45506712328816923,0.5230355395504257
12048,6.298661004872921,0.5155520349862086,-3.0727637300713666,1.038891509571214,0.8140275076610235
12049,14.081791482008011,1.0844751211114674,-1.1547195941742439,0.4360352931727852,0.4308382142284278
12050,15.268452810005465,1.7155566474898212,-0.5448331086503685,-0.7219332549876832,0.942084065674959
12051,12.93993675058857,1.2859752164033291,-1.2522352414208413,-0.5201797235271173,0.3489450049765253
12052,15.133868268717048,1.5470409816686272,-2.133495579278432,-0.7805932647738252,1.423517235493099
12053,14.142648964238104,1.1643563812684685,-4.437358179283469,-1.0251489995931178,1.672677990724132
12054,12.91657258670627,0.8176132083077656,-4.092160560354671,-0.4361207776930944,1.5435835742540371
12055,11.771252830548148,0.9346061855562702,-0.8909377656073619,-0.01048168313436251,0.23056494024836227
12056,23.8056732300508,3.202221468888404,-11.171468504604466,-6.155270211618224,7.221041923312079
12057,2.460623484326104,-1.7516490848163266,1.4062890753183699,1.2826453969399902,-0.17336297336558504
12058,0.9513511779422565,-0.913461719188629,-0.9493841222769026,1.064510881597539,1.4820515240877463
12059,1.0033700385580575,-1.1728846787931861,-1.2853435794280024,0.7552465620807484,1.446014193184166
12060,1.0353792414441556,-1.1780112560851033,-1.0693340568274332,0.7409544433777543,1.2789290710182142
12061,1.3266875510986282,-1.3810993685859292,-0.636833500552235,0.46622079288270557,0.7086093015221847
12062,1.708744949634236,-1.8125089198120377,-0.5514840277172061,0.1674019041979709,0.30240970911890597
12063,2.2212384844516913,-1.5146251061390181,-1.43034306883859,0.33353072727618466,0.7338206281116282
12064,1.6063428010813467,-1.4884156501209163,-0.8174283300616635,0.3665228634458442,0.6018631988101385
12065,1.2808290190165017,-1.3632113159647663,-0.583236220415925,0.6896624328051912,0.8295037213905537
12066,17.757370328575224,1.7329494768110099,-2.380500450301816,-0.762566197598563,1.7695090921862888
12067,1.2016434485683247,-1.5983121871498804,-2.506025669785497,-0.03785233014420824,1.6605199735062375
12068,1.2332790831967158,-1.098138397116434,-1.6067962523058315,0.7805902551230129,1.5605249165877342
12069,0.978026545767587,-1.1650660784849147,-1.322893455679031,0.7543203643013608,1.513597974793908
12070,0.9532392487480892,-1.0679638615257452,-1.0693379403883463,1.07313429089185,1.5982115955714093
12071,1.1584712096702912,-0.7535066321938594,-0.94016136348489,1.6220239455332441,1.8002947829837166
12072,1.229194109910344,-1.2936960378480233,-1.18090251377839,0.8082541518380626,1.2892695663814209
12073,1.4439981319250357,-0.9385682014382755,-0.3477435098742079,1.6104332435100233,1.3155851967346537
12074,1.0205673920844294,-0.8572893327114104,-0.7378537842069051,1.3060725625270744,1.5238444132847366
12075,1.0916511864169112,-0.9695641929871989,-0.6327295950107109,1.2832200518682444,1.421960036002807
12076,1.1231890652339918,-0.8871787378891315,-0.2606340562610347,1.5649665345292718,1.3991748799338832
12077,1.0328958348244306,-0.7934218366250871,-0.6599473762932565,1.5178935971583045,1.6358085103496014
12078,23.391493407211588,3.057850400552672,-8.68767389606316,-4.96003324409673,6.122662845972503
12079,21.58647256712468,2.7246749742480723,4.4812507552363705,0.5413912235420646,0.1008015886877796
12080,18.64979381713929,2.2180581430214215,-1.9016695698270127,-1.8158574312437121,2.7012565164866835
12081,13.68508059591668,0.9291890322176275,-2.4318559693588444,-2.4277438410709324,1.6536928466437528
12082,13.575811902275937,0.7774300298465229,-1.8166888543332516,-1.981456973616364,1.702831078910316
12083,13.70666726022122,1.0798232609700205,-2.6583579574514267,-2.563930141809802,1.9617657023265693
12084,19.710729662386328,2.292585770535265,-4.803742309402792,-2.7310245057827163,3.5254735527460004
12085,15.557479701321999,1.4332367130601935,-6.728656835260515,-2.7430646368933114,3.282962867793376
12086,14.304507963992771,0.9376456269696715,-2.5491262976322027,-1.5258401841953677,1.7063997538525637
12087,14.67400708991772,1.1359816543932415,0.1068466068788883,-1.6200033054863037,1.2621959580612654
12088,35.85925472656082,6.292907210886761,8.600036822099131,-1.5514309140002058,2.7889150995603726
12089,37.42214253646017,6.754249663864793,3.0282690548256346,-4.445137344674224,6.0842294932830745
12090,9.191650150340008,0.8955906498739443,-5.201179326771053,0.3058984758101413,1.6692109748146777
12091,13.511585895095397,1.168590477599824,-5.433211462159149,-1.2731633263191284,1.9947411869242313
12092,22.000861408312222,2.867788622514594,5.655089471129432,0.9285987571195009,-0.3803248159902124
12093,4.334019136949607,-0.34204459868461473,-2.191558036188882,-0.6642199919054684,0.04267064593835262
12094,2.5569833933553996,-2.1182040363201504,-2.00121697747562,-1.2598787033437602,0.10903016210697722
12095,2.4615183475677758,-2.2379759343866934,-0.5550485670123391,-0.8396829448661521,-0.40695303174902886
12096,18.10953380508342,1.8778676404114796,-7.033235598739198,-2.9899910439854365,3.9725698683577324
12097,1.5087366867935232,-1.0069695012344801,-0.7599316165862806,0.6464923688871724,0.8548368668113828
12098,0.5938946938401872,-0.31428038040464423,-0.597700242786625,1.8715525237576218,2.0581407970840884
12099,0.49252754396496556,-0.7076476792132976,-0.6214031933808605,1.4289223511082463,1.8001389966001882
12100,0.563221532028176,-0.9897816805280276,-0.7470679283383039,1.2612886376117354,1.6864080287558494
12101,0.41180801921531907,-0.5888163368659951,-1.0947865929576206,1.4241833812006945,2.1506504334342424
12102,0.43432855860845765,-0.31589138114787824,-1.0518248798033427,1.7855323523240558,2.324767109939665
12103,0.4884712047580369,-0.35636074108566596,-1.4114934986919676,1.6483444924217663,2.4784489175993167
12104,0.6487507485644657,-1.066016590758145,-1.5092302468768302,0.8647552378495397,1.8940587069736712
12105,11.78894784494309,-1.0321040363888716,5.508147457256614,3.793630607744045,-0.29248846593685873
12106,0.8740690823667798,-1.284680257224176,-1.1280824318632858,0.6890018783739787,1.3262262269335559
12107,0.8209147397416573,-1.0950146411150976,-1.07886539935959,0.9129433383791518,1.5149641930894233
12108,0.6102862855974023,-0.842807557074986,-0.6614183598201172,1.2736048222289587,1.5798824854002869
12109,0.8477091636434064,-1.1123376115267132,-0.7465466183516768,1.1174434908451238,1.4569452785024721
12110,0.9337362276950478,-1.2929989261391837,-0.32954272518926675,1.0228423605143364,1.053996825348639
12111,0.6142138251713132,0.01024562779536613,-0.8114293044411897,2.3477150294661837,2.447431265578239
12112,0.8843178075967654,-1.0978393355914928,-0.658070376253907,1.1716087073368855,1.4276785333461601
12113,0.6721440634729351,-0.8501112774575618,-0.6680684486952994,1.3004184823919722,1.6216438875471995
12114,0.9006068496430645,-0.9782295118385267,-0.7023136035708009,1.2607228304254217,1.5206881100604361
12115,0.7867356100407403,-0.9120188546309257,-0.6403271032276665,1.3213930670901985,1.5506907605329074
12116,0.7902064130263607,-0.9468916837665184,-0.6185861867782478,1.3305482852370005,1.5551608787970788
12117,0.6573614594469211,-0.8934910827906158,-0.5128545240001221,1.3059895531838963,1.5225452273425812
12118,8.654642506190568,-1.1326225881506804,0.055741033856601285,3.2983662221971435,1.6381297403324926
12119,3.8526856743912004,-0.9598552466554451,-3.156313550718128,2.000272924700822,2.685799266483629
12120,0.9095239179091151,-1.1957969862115017,-0.9227009872780075,0.8389865080228025,1.3133999434161177
12121,0.929425072911274,-1.1886851643132792,-0.5415544131607184,0.8352943660210806,1.0838942692099252
12122,0.8742204697183518,-1.0123922358140827,-0.49721661535248857,0.9771079433029478,1.1812834085649169
12123,2.2291686395562578,-1.0610078108227543,-0.5436399149159685,1.2122505745016519,0.8013406271188895
12124,1.2380209331561622,-1.4772487860294858,-0.47222579443595164,0.43697474098240985,0.5676628118692112
12125,1.0865149872521365,-1.4789480766900571,-0.5701635760640974,0.5791212422953081,0.8333661667579855
12126,1.1420419638992017,-1.2645593999634193,-0.4533426755849956,0.9935165275038542,1.0213837964476489
12127,8.711741171496012,-1.3934379173086537,1.4794561400490884,2.0666456903495285,0.39715195146613846
12128,0.6648684529299507,-1.051336290329119,-1.353044192163559,0.9282729673190118,1.823219612707421
12129,0.6312057474441507,-0.7719297297607681,-0.9370290028345326,1.2498127981551745,1.8187193419012417
12130,0.663654956066662,-0.3426088503342159,-0.7232629206219789,1.9308285962719696,2.1299785892395837
12131,0.4850290732745521,-0.6029168767034716,-0.5331180752579527,1.4512220498488833,1.7933737076433034
12132,0.6208492734815033,-0.614273641939971,-0.8036365501841858,1.4880397281486437,1.9008939333246193
12133,0.744623070749228,-0.8433053114623762,-0.6790586441113835,1.399418039914734,1.7058033997024207
12134,0.4736504844204033,-0.20774993395269525,-0.5676599090236721,1.9950618749061815,2.2092568600448
12135,3.567788806081854,-1.6606179585885021,-0.43996014289648894,2.3197356284842323,1.4251439645953898
12136,0.7641820950732754,-0.9195043396010458,-0.6319615741341403,1.3492403049169535,1.6269823617196575
12137,0.5956743645530798,-0.5732431960454761,-0.9602254153580669,1.3845048879400592,1.9427037471883932
12138,0.7887178102833412,-0.8473556524969874,-0.8972672551007608,1.2687867215768809,1.7182953946978317
12139,0.6539811182167388,-0.5692506461619751,-0.3552109960150461,1.7253173370635715,1.7886036944368455
12140,1.3138590303405335,-1.2408753424313217,-0.4391016698343787,0.8252143697606124,0.8810654069377473
12141,8.597701117668176,-1.3649626840076083,1.3361033549759005,3.628958383410533,1.2081353715588004
12142,6.308215620243893,-0.5284885781983814,-2.991079685276071,3.0681091394889632,3.0355076065613336
12143,0.701716360421399,-0.8856962562890758,-1.426544314853284,1.0992812708036135,1.9614141860758432
12144,0.6045548681127116,-0.7316052267487844,-1.0890337741268539,1.2089260495938658,1.897913339180289
12145,0.9186833784464055,-0.75900097828542,-0.9938146723826364,1.4297682849926447,1.8198911851730408
12146,0.5755555053962677,-0.6271323088273186,-0.826740210321379,1.530820112394167,1.9763424378312358
12147,1.4673431044031318,-0.5396588789880239,-1.5437055638231265,-0.170333098122538,0.8351733630330898
12148,5.062469794651525,-0.8458776674450786,0.12651053158157646,3.8911812197384967,2.026278173952715
12149,0.8753232184537415,-1.2117040474191814,-0.9601026830983136,0.7247836986182316,1.2122435028408738
12150,0.9989113388966231,-1.2780451103089636,-0.5472109951797235,0.7801647677721324,0.9636170951069479
12151,1.203375635838979,-1.4274902275205708,-0.4791259390166998,0.48247920689963686,0.6895471845966971
12152,11.94876299640601,-0.937600971595926,4.042992965568829,3.3685660351077553,0.25191272680303906
12153,1.076486041574149,-1.0134316576856086,-1.975617920557337,0.9149105438489475,1.9346586128150303
12154,0.9244683378711759,-1.5084745868394929,-1.1774623151509485,0.46155677632121694,1.1717037026949608
12155,0.8406727830810923,-1.5456957033576437,-0.9448047753768619,0.4277097450992794,1.0508384675244566
12156,0.8551983280873472,-1.5058942993870634,-1.045299457295447,0.4219269137402466,1.0901251317631082
12157,0.8139431439028857,-1.409830211990468,-0.7080615230386446,0.7178415116906572,1.1317967631430044
12158,0.7374888867150352,-1.4941922275842563,-0.5208923547487757,0.7814701272791243,1.0740180822398555
12159,0.7040526946675951,-1.3926237406179287,-0.38608609870907523,0.8512759253218661,1.053280843684983
12160,0.6663001171814316,-1.3453277181334644,-0.47166428273703165,0.8928065370739502,1.1581119113760827
12161,0.6459896065139477,-1.4093862079306758,-0.24450097123085374,0.9176105197629945,1.0360422660564879
12162,0.4735197457309101,-2.0194837177728275,0.001068492591768106,0.16004645826352046,0.4146165561182002
12163,0.5247732627690783,-1.3078038122477473,-0.2804779539387148,0.9433156164072696,1.0849428153039642
12164,0.5702660848039015,-1.362735467317173,-0.5570754387774416,0.7550116449306947,1.0776037703900638
12165,0.9678764933521303,-1.5713599465964074,-0.8136890323999093,0.27308410360672664,0.7413849966654241
12166,0.6047654055595276,-1.3104419567629606,-0.18978131230071568,0.9310549262394087,1.011235659029708
12167,0.6336802292980493,-1.2825646529362345,-0.29826082901218215,1.019704529253268,1.1425030035515564
12168,0.7442142003874486,-1.429916235081817,-0.4291579758352016,0.7909795053635439,0.9933841115763349
12169,11.545548082147834,-0.28743701582098763,0.33445367396664427,2.2088954169657358,0.7430821733430282
12170,7.529319472216217,-0.48778327575322067,-7.167685341982598,0.32912693981889535,3.574422812097782
12171,3.4043679292576363,-1.7578449815250525,-1.0930786741074026,1.8552381720220914,1.5191519579432535
12172,19.935114865655187,1.5955800523036852,6.088414823630966,1.3434573703647545,0.6201711412083203
12173,6.1332680936382635,0.1015453871374656,-8.350842560415433,-1.7925466780294619,3.0521327403209235
12174,14.371548261550016,1.183854708585801,-0.6336841818282297,0.5418850811740402,0.5323252167644146
12175,1.4720510443805355,-1.9968181212001255,-3.4416535474966654,-1.9933333008002159,0.752222124560581
12176,0.2922732763975641,-2.160572056190724,-0.992144360856431,-0.7536210958117782,0.34222607427534435
12177,0.4037629357409965,-0.8607937042652143,-1.4463560608728974,0.8511095121653226,1.7646576755227454
12178,0.46104412104682385,-0.9665731110642607,-1.6122100710886462,0.8222364449713319,1.8610535072966865
12179,0.24766764898424656,-0.979586512353807,-0.7978453323961702,-0.12282263312046261,0.6617320401659815
12180,31.15336368130409,5.714129818853153,34.504968289182656,7.385120747761225,-6.468472806787066
12181,5.456472991636137,0.2862020448260815,-2.2505883817927224,2.1642024758362752,1.2767350595637423
12182,4.483699780867753,-0.19710672450499422,-1.8812315509668203,3.8320100574860168,2.9455227513468936
12183,7.16815886919843,0.9722917844217627,-3.464974110659528,2.4983129252378573,1.8308226712909306
12184,2.8411100349509413,-2.0030626284095456,-0.7740755834037997,0.37593128507360607,0.3034261401464642
12185,5.40179350413862,0.31141510861977256,-2.5655205650799746,3.5108298350547953,2.934472105772693
12186,8.33803955075713,1.1463207983859225,-3.3766392353613495,1.6630845628336184,1.3139897821763076
12187,3.200658730494108,-0.8958739010861864,-1.3975465983305442,0.2975020047411713,0.2761735716150059
12188,4.936614300256695,-0.013205686925285712,-2.011882426185109,2.3369101023020784,1.5825884696600558
12189,2.3789802315225748,-2.364992115147664,-0.5946634775092858,-0.12910734605000523,0.007232028948867683
12190,2.9607424620689207,-1.3619397403787894,-1.0151281725906105,0.10877846814358856,0.07214888245566703
12191,11.269997046983718,1.1340989175052274,-7.634077729073378,-1.8754600992922876,2.482457101598232
12192,18.856742122045183,2.4680348996536257,-15.06838856288113,-7.960895831335056,8.802225709369372
12193,13.695508765770962,0.8630911215348347,-4.841668480803978,-0.5240142474047302,2.1517894699124938
12194,0.3553175816166414,-2.159683799222537,-1.5555657206382731,-1.139600963058333,0.514891821426297
12195,0.2626834940371938,0.22599508823164208,-0.49987576930098115,2.1762881105286884,2.1852247115211796
12196,0.6297141792990852,0.3045923992464723,0.7149964532563695,2.3245013121632665,1.7493442068594196
12197,0.8632018192715653,-0.10012500767126616,0.6495536368020126,1.8154667806048013,1.2531113561291278
12198,0.6732364319275489,0.7863302424449599,0.1533605042728713,3.0327482331826157,2.51615967803154
12199,0.6550846545984048,-0.30401912995739716,0.2597478121371781,1.7959312362604019,1.5220467047572517
12200,0.25035070332419246,-1.6927619512880807,0.037435176926707885,-0.11428158575506796,0.31015347858269077
12201,0.27324745641542963,-1.7618220333807173,0.02757204451702533,-0.11673220269462407,0.2982673608831172
12202,0.1841604519014065,-1.6983138749755486,-0.15242346131371817,-0.1218587398538609,0.4378936694410442
12203,0.23778535920317484,0.031127636354963198,-0.6021952137068496,1.5865966172514119,1.938931304734351
12204,0.14717138771114172,-1.6639419294232733,-0.28628387838154595,-0.17496360515394851,0.4894230025013766
12205,0.6165430317003966,0.341231616140041,-0.8666831736994781,0.85624732810217,1.1782360737177995
12206,0.5084853394010859,-0.48805508906897366,-0.5546279984095913,1.168703019595639,1.48982655138425
12207,1.0680059894606895,-2.4563571832845876,-0.5603378574951893,-0.36488982722143676,0.04708953599110951
12208,0.5033301151071711,0.0009283003160704335,-0.31000428331549873,2.24397373397327,2.0939599253478485
12209,0.18092758406747497,-2.0362566579586416,-0.5003991179045362,-0.5574858616483631,0.3199992016124376
12210,0.4678363251468962,-0.9560519900170733,-0.699954957969844,0.43139773975529505,1.0428451405467454
12211,0.19453699285718182,-1.6735102403237332,-0.3726310891540308,-0.4192127232481968,0.3884780409878288
12212,0.46566416796386156,-0.7853215687181135,-0.7454509148643836,0.6244414165966261,1.2595547586137052
12213,1.457920361937446,-0.18280303841653653,-1.585236534802618,1.1060983539430387,1.6142264188916573
12214,0.4007804126553381,-0.10353850665668186,-0.7288666189226033,1.5161561047641887,1.8747688396872308
12215,0.33333943867845406,-0.08536709943260887,-0.6925493327276725,1.5914068360461973,1.9327523086646992
12216,0.29754090735457606,0.3135682180180158,-0.6679908001644782,1.93922391578996,2.2235721375400606
12217,0.4252405072186105,-0.2703482637648804,-0.48920828987263015,1.497947953798002,1.7580515001766395
12218,0.3045364471229445,-0.40136215189592717,-0.4074744027179675,1.3386998740060112,1.5629581448911225
12219,0.07387383733611322,1.5543561699045711,-0.7939027143206187,3.7890302898031205,1.274760904669713
12220,0.20371797107231265,0.7631267221291906,-0.6526102132068448,2.9761051388981916,0.5667467274135206
12221,0.1820971298679177,0.9822354970606141,-0.8631029509660502,3.055030209751524,0.7753521292244375
12222,0.2603118872067563,-1.865648097084555,0.09634827071759218,0.05702197556803104,0.3607301579318881
12223,0.09255388282850878,1.4940976120826452,-0.5248381315970337,3.3981739788913328,3.3447295946809157
12224,0.4008409963493097,0.11161760821629306,-0.4392317391609394,2.0956006357832218,2.228432342463342
12225,0.5382604148870084,0.3643816268424858,-0.35532155381645447,2.169099309725055,2.228412865767764
12226,0.4138426099614876,-0.19670303747986864,-0.3045736810890659,1.8383455016542791,1.9550370691480432
12227,0.4077548034304805,0.8086588019939176,-0.5130147859536635,2.5697726513963115,2.6792953501545975
12228,0.6114809545198788,0.9251764467691067,-0.9050507686925179,3.509538314577519,1.0490664367858253
12229,0.5668374029378568,0.4879085845066888,-0.7824673704704601,2.8338556028395554,0.48861263001838484
12230,1.0179642100504984,0.5082052752206685,-0.9440753488360001,3.2348597569910567,0.6847257635495865
12231,0.5891105757447216,1.049678732043585,-0.8580813205440525,3.432234241185285,1.0606109021272212
12232,0.8802828044583572,0.435314273051351,-0.9133088273206931,2.8996158516652786,0.5479316177376486
12233,0.9483256991221777,0.1283789793658322,-0.7876683636421654,2.6259564820979717,0.18266760016254496
12234,0.671686524985635,0.892181232943015,-0.8934493630283915,3.448328872240289,0.9750730409093633
12235,0.4265473083842876,0.7420087291126319,-0.7173322562166603,2.8965383397380737,0.589912797152825
12236,-0.05658237369499448,1.4046594329907216,-0.6779470850615726,3.2990794620032418,1.0269437552632137
12237,0.5763677131232712,0.6363854975008985,-0.8142799183385746,2.686808430864095,0.3817652072914754
12238,0.7046098894328228,0.49930264120019363,-0.8506662350294348,2.8728592626488223,0.5325252996069404
12239,0.7946928424270187,0.5858395824989153,-0.8492273048597769,2.7654499062897058,0.4088734882356753
12240,0.6844152453578821,0.6014690707898822,-0.8550702746688609,3.035568711623346,0.6396952765031442
12241,0.6819695729622296,0.5553368262455762,-0.7752836508878718,2.895308559394144,0.5093555170947095
12242,1.1061450693492503,-0.2252553708259069,-0.911410292145461,2.182637716631579,-0.19686960328466266
12243,0.9021181760793906,0.4361131539081522,-0.8424979245469203,3.0201316529288627,0.4402864872108484
12244,2.46509254970839,-0.5586013891359328,-1.2912037955560944,0.5685626158758199,-1.504631394970735
12245,1.0270544770844454,-0.2260864526985556,-0.16831649120389383,1.7780557601338438,1.608173116104696
12246,0.6238445413834549,0.499437179711217,-0.6538468653095476,2.292808263250605,2.4398837002073943
12247,0.8551969362979247,0.3427534876912225,-0.6087950929398837,2.3140537243134,2.3372399430344517
12248,0.8205476575180721,-0.5701529199400475,-0.2796875012679244,1.2908252795749404,1.4112827878326009
12249,0.5917401469871436,0.002465089307386025,-0.3464632365694504,1.6083323679169097,1.8008450659296966
12250,1.9321445105133117,-1.0041971427922347,-0.663405501418438,0.6020406589577244,0.6364728511621306
12251,0.15681695216896663,0.21244291351532757,-0.1602885496601308,1.7458510480341112,1.9945237930705304
12252,-0.44892837857225704,0.9394478532429191,-0.21008988754565686,1.7663841766409243,2.3296779829749443
12253,-0.7155779796255146,1.5836111872095167,-0.19511886410604926,2.432691530184657,2.859307369254793
12254,-0.3361433989561852,0.090088763202999,-0.1868451550417705,1.0308901706372469,1.6350372009277887
12255,-0.21857873887963847,-1.506081040471605,0.15639192848559486,-0.506538164580701,0.20492394931767946
12256,-0.2940846498856134,0.6304459500862449,-0.26420734271446566,1.5116431222866835,2.0307326460541986
12257,-0.2663384765290224,-1.3484568351032138,0.2737032938569127,-0.3935333954654669,0.2570629825985369
12258,-0.2001705851130588,-1.383561381604217,0.3681868968338243,-0.256511046235155,0.24318785090568107
12259,-0.6665493436955594,4.703653411362345,-0.959763979085524,3.2674460932594642,1.9196567235056547
12260,-0.526724453778488,1.5969901106513522,-0.15795983846214562,2.3873742035301877,2.87368174511159
12261,-0.13488218482464878,-1.4514208180211423,0.3819060206269901,-0.21875273015612776,0.23177154821339466
12262,-0.21312395197267708,0.76165657221516,-0.018717354359750655,2.0862293986627907,2.388898094473206
12263,-0.38589637503629576,0.8053754192806071,-0.03655469467787529,1.913748264538416,2.234528766553033
12264,-0.14360403760832605,-1.2737171599765784,0.23147092033703784,-0.22653315402962335,0.26082609806824864
12265,-0.11715868006778897,-1.5810512906247227,0.4341582236514828,-0.23971194356461878,0.18578484974378093
12266,-0.38320759496935136,0.9346711123595868,-0.09073722048212936,2.0574919288634095,2.396969708850351
12267,-0.45051933747067907,1.9451664406487768,-0.20003095776238028,2.8869384104490288,3.3519355956911916
12268,-0.2787071099813469,0.7453991832636208,-0.07060866046953085,1.960585296676742,2.2407085389317083
12269,-0.5417174749654124,1.1417101196452126,-0.005502904468093585,2.374987427309915,2.671852440271289
12270,-0.5200902874133322,1.483224379692592,-0.09196411924452726,2.4756804800757695,2.86661752957915
12271,-0.231472962548353,0.7179266795402982,-0.02702391184032787,2.190566906189017,2.4644514300901386
12272,-0.318718779417504,1.3774180129493012,-0.1321001882594281,2.5197653533877347,2.963475076974523
12273,-0.3086345241587573,1.4268510737761877,-0.25306741621955386,2.7324781293557363,3.1335845457253084
12274,-0.11014499032228593,-1.5866253771767633,0.38127585382315204,-0.06159174863582323,0.2958656881146785
12275,-0.10996503002996191,-1.8219124251595071,0.3240093734675162,-0.2501819444650965,0.19168904733548997
12276,-0.29347487428537183,1.1096832793512565,-0.14256677414774468,2.2537812837672293,2.6883623051092815
12277,-0.3530462729596796,1.5050349660164701,-0.16424037967693425,2.7054867670090275,3.124255639800986
12278,-0.6703997232539887,1.5290781477258792,-0.05052390809093354,2.528388155783036,2.9435907191306874
12279,-0.6364524935456277,1.680893826291363,-0.13397308920892032,2.655851637750165,3.1109096781070322
12280,-0.8289011206827405,3.398118967195175,-0.1957922149578204,4.128763213664734,4.641899588054584
12281,-0.3940445205026635,1.2302922583351876,-0.17112549323022935,2.301439167925334,2.845959325200753
12282,-0.7579304791234781,2.692235137127249,-0.26680808922580473,3.758102096519195,4.128018537009559
12283,-0.7043975273013439,1.8932675878778344,-0.10170106932918921,2.5811323497641556,3.1198099803701362
12284,-0.703642490790385,1.9922986131206417,-0.14540638241743714,2.848741381749652,3.3367736824778516
12285,-0.13951719953139768,-1.8326285952389028,0.4019000057062262,-0.2583815717776426,0.12332100601228352
12286,-0.15508048195528068,-1.8828167402044467,0.28525076269919325,-0.2996735179270536,0.16088143262788582
12287,-0.16772876640846604,-1.5462296952835746,0.39775553293157334,0.11083037151797791,0.39935331286264636
12288,-0.257881179540333,1.768841659427238,-0.40396942290929083,3.0620909678362005,3.428767034831875
12289,-0.4265390711885969,2.108794679150506,-0.22449046022932015,3.1374669651464115,3.6477368727530437
12290,-0.3287036156545392,1.920204818530511,-0.2378525915702627,3.073957048506143,3.5185817352790507
12291,-0.10168037499050296,1.3341750468142686,-0.40717685753366767,2.8045362897359225,3.1449415947519452
12292,-0.4360625633607423,2.0062348243489874,-0.23945693663541998,3.046234730415455,3.530584303314305
12293,-0.3215871586744539,1.3718924932608694,-0.15155371854912855,2.4087772823633316,2.8918409509141147
12294,-0.6922016320279339,2.766748978882273,-0.27199904383824725,3.6453325401664105,4.0335752337757915
12295,-0.391718455264902,1.6250565703369546,-0.25598848598874235,2.715624623600009,3.261242821722426
12296,-0.11261768439153393,1.3445473529116367,-0.42040862881264945,2.638296329512908,3.0893103115079765
12297,-0.5327422022741884,2.7647146214745075,-0.5575286699529826,4.214479706035912,2.141618571194304
12298,-0.22818227125842822,-1.02861602677098,-0.11933930335699099,0.7460905818530712,-1.1991563524456337
12299,-0.6970570273157624,2.474328085447793,-0.6877584593332098,3.7901781798225183,1.9028530325977027
12300,-0.2507619906947535,-1.0490094217351065,-0.06503931851085584,0.7072712931541247,-1.238994399602298
12301,-0.17442797965718002,-1.3198314592934586,0.009005341091011487,0.6695126897163914,-1.3625503904943979
12302,-0.098532478798953,1.9099238931729532,-0.7016792480627496,4.261704888633008,1.9662561264292757
12303,-0.08317529394009665,-1.7784029287661671,0.3809574326312879,-0.08064205723578513,0.24201063045958213
12304,2.9476214453626213,0.4536747267986745,-1.4020423842169631,3.5450076178754757,2.810395513610551
12305,-0.020566292049557473,-1.3006391439557385,0.26897197670635065,-0.04459975837682743,0.3730618087506718
12306,-0.23049019718030497,1.343241140055654,-0.3162275307452633,2.33904208269246,2.7065925043152674
12307,-0.07098736811673685,-1.288472256455244,0.18647193246905647,-0.1578619920955593,0.3856061863631511
12308,-0.13142553498162446,-1.165343093222325,0.23846107778244383,-0.0757955023776777,0.4527375438091622
12309,0.00998104153702247,0.22448464704264853,-0.21979799542946535,1.6441471165335524,1.9359808611993123
12310,-0.1833090981340496,0.4032563692612474,-0.16334320910882125,1.6595330313804368,1.9905697764536066
12311,-0.19681459713741464,0.10933387131181475,-0.12165820221314642,1.6023349947186185,1.8843215189690934
12312,-0.457241532810329,2.180483233229333,-0.45784602152967935,3.5064441388675247,3.761689592083187
12313,-0.127519953477729,0.66011323007911,-0.33641246917463946,2.695668094266737,0.41096768676502016
12314,-0.21501850760379848,1.3838584709140591,-0.6639983026740909,3.352905641239103,1.104834502163223
12315,-0.3128387118506176,2.51865655753729,-0.6564498160440577,4.397556350582527,2.0739252634049854
12316,-0.06636453093615798,0.8444172076173839,-0.47181174805804105,2.5434429341013822,0.39584423687337833
12317,-0.20316732414321795,-0.7374086503852653,-0.08128818268016125,0.8293424905391231,-1.097193386415716
12318,0.1605360838091004,1.6593129863717546,-0.8133335668926548,3.639802308169713,1.391427406891716
12319,-0.23142000979885824,1.951903706653688,-0.710669851875006,3.5794039885299394,1.3448322806624702
12320,-0.4070837128710877,2.474498890845956,-0.5695649536490487,4.004539587401244,1.834920621168815
12321,-0.15741222871983315,-0.516420883645694,-0.17011432816534525,0.93167596546954,-0.9887319227249212
12322,-0.47236773796121256,2.5443468522968993,-0.6092988297746835,3.7640622439365745,1.7233286520740472
12323,-0.1937817336652166,-0.5671272716074183,-0.13073284155812356,0.9351989461958636,-1.0081333469024747
12324,-0.015298983835279122,-0.6048441392412489,-0.21624591889521105,0.9217155910734459,-1.0590542863552017
12325,0.26741313055282434,1.1557018891632547,-0.6355682869107339,2.8397127336787222,0.5696574971822039
12326,-0.08951886162132225,2.169649168132922,-0.8154303362747611,3.8936533826481763,1.6755492849740365
12327,-0.7532778336757593,2.7108402696565363,-0.5868102013771758,4.153222580221234,1.9547515761393726
12328,0.26566511248190866,1.8008389094621735,-0.8720584833311121,3.351384991997241,1.2395653988472006
12329,4.017107336311472,-0.549240186332496,-2.0086597827910575,1.3024769195124783,-0.9633455540740362
12330,-0.06642548386545066,-0.8335957663583293,0.07014927111569336,0.9066963587199536,-1.1679054353078635
12331,-0.21234587569035646,2.622280431509956,-0.6930129319581381,3.7515733636067212,1.680631579338204
12332,-0.10652742268998751,1.958511440598571,-0.6812573669911342,3.3681910298503284,1.2182516949236577
12333,-0.01674058305930614,1.2182424547794501,-0.4718341833758128,2.9440206353007943,0.7575887971148235
12334,-0.24578349403474134,-0.1903135973207589,-0.24098022503361335,1.0971669231302679,-0.828859682065943
12335,-0.08277214481652238,1.674989189779075,-0.6559980955527589,3.7679303233189585,1.3948686304509927
12336,-0.6233263742649965,2.6635640808582433,-0.5304982256339978,4.333048280032475,1.9949865729607708
12337,-0.659546186826206,2.7523442491547008,-0.537729111879831,4.339998063439614,2.035085145261663
12338,0.09682685304779566,1.908921000619089,-0.8146025938208287,3.9278162013821305,1.6170690184341978
12339,0.868317902581204,0.7295969589028521,-1.2393694702335412,2.180268473410953,0.042077627315267194
12340,0.416737116759965,0.01766228135587369,-0.005988161201699972,1.289598086924255,1.3708171858226323
12341,-0.18136927654790946,-3.8153384783552267,0.6093098741363349,-1.1684557563596574,-0.8181043763526433
12342,-0.18160060712612905,-3.815337183827068,0.6091023044318311,-1.1664712702210438,-0.8168956529800834
12343,-0.18167578364637077,-3.815090997546741,0.6091549323794289,-1.1666147251627166,-0.8168837466441314
12344,-0.18234414200206983,-3.813993405859928,0.6092040915162406,-1.165603868667761,-0.8161601948912568
12345,-0.8706523895960329,-2.2091056221359358,0.5936426745203376,0.06939929170110037,0.27983775994656107
12346,5.9178681231706705,3.6060956413231766,-3.6369132661264025,2.496032475106196,3.005830854887575
12347,14.232098109021308,1.146756733937899,-3.5845220900915415,-0.44079039923929053,1.3449496769854101
12348,10.401916674477297,0.9659140665648724,-3.9072846812296556,0.500554429662876,1.2116461364271458
12349,-0.5566709587081622,-0.39276305589624655,0.41475860153513555,-0.9278148685429365,0.2539335140221861
12350,-0.5381897701895927,-0.14984276826727802,0.30655194715820433,-0.6005244133679519,0.4483413362612003
12351,-0.4545665330413168,0.4453116039983392,0.050636028240238086,0.03839538584853559,0.8763984162184113
12352,-0.5172484877500118,-0.45718113181229025,0.39580125316038745,-0.8843606244668302,0.2550167174273055
12353,-0.5397848858764938,-0.3302129386319279,0.3737106385553829,-0.853034383300959,0.3020608065737729
12354,-0.62148896977569,-0.2989087842872489,0.4325824170438237,-0.8989739462910442,0.2997114458024134
12355,-0.3334902196937998,-0.3355501627106998,0.23457154012133388,-0.563963270577782,0.4561210322935524
12356,-0.6938011658851967,-0.09462443070754634,0.42562350282397066,-0.7774506406939906,0.412594567529867
12357,-0.6920365574295347,-0.19465525914126786,0.45222124716778317,-0.8913914107289477,0.3446006239716154
12358,-0.6898427441071081,-0.22738763539619997,0.4568692027798265,-0.9024065694146771,0.32968695978258683
12359,-0.7759911344509977,-0.044746236246182715,0.46725336462375655,-0.8397949995065226,0.42387888652630545
12360,-0.9169613926941662,0.306117149507978,0.5126090499673864,-0.8447100207518948,0.5509344513422104
12361,-0.3059610454199894,0.4249086125672913,-0.01569884049919392,0.18092139634542426,0.9683274366415741
12362,-0.27568925592940935,0.5457698717254276,-0.07557782260834496,0.27107898063495983,1.0257638575699708
12363,-0.6054056540342251,-0.41340468176113904,0.43450430340089197,-0.9029827111984892,0.2555990689964123
12364,-0.5289879062910937,-0.4735810429726689,0.392772448576107,-0.8330111750611242,0.26268427197238975
12365,-0.6472169456459451,-0.2949177506485455,0.45900131133994193,-0.9384583350114906,0.2855861634598668
12366,-0.7450374291159951,-0.09281966021237864,0.47545772730748903,-0.8868814055688163,0.3853929708167558
12367,-0.736279523325943,-0.09402358021557768,0.4754817107302051,-0.9077287897818879,0.3761973551020599
12368,-0.7390642341886089,-0.10098787289941727,0.47177546859458747,-0.8998582857733947,0.36914856516679184
12369,-0.7378106616629715,-0.09146511315512751,0.47196216453546985,-0.9186039986932253,0.36534107022004025
12370,-0.7248544051895032,-0.10827089047869645,0.4718372995764142,-0.9084670170369709,0.3631196816044833
12371,-0.796362721788671,0.0416945291218854,0.4852842445809588,-0.8676839352693104,0.43713435108122217
12372,-0.7496003064492,-0.03852155059143307,0.48100335002488503,-0.8936600621871801,0.39731515685610236
12373,-0.7179116571321852,-0.11037106495103324,0.46328518917133077,-0.887509167666637,0.3734078327331774
12374,-0.6792081589060888,-0.037508462718762244,0.38551107369048326,-0.692602620867968,0.4534424387262635
12375,-0.745369736519446,-0.07999785446254742,0.4723844685068641,-0.8916791720278294,0.3934941580652551
12376,-0.7034587909633215,-0.18510596251770853,0.4690752664456051,-0.9167938733124638,0.3414278695653821
12377,-0.7344608599358655,-0.08937591281355166,0.47010372976895987,-0.8988653076689731,0.3763140649531773
12378,-0.7252706634356787,-0.12631610095814153,0.47127792639380567,-0.9170962402854856,0.36321741959145104
12379,-0.7205717465728421,-0.15279379620926392,0.46949305361635146,-0.911311633308473,0.3623897787030582
12380,-0.7484915115561969,-0.08807433907157243,0.4880625611132116,-0.9156772304314997,0.37702228697533086
12381,-0.7363965138804492,-0.10642595236979409,0.46678692493233104,-0.8842723169122314,0.38093513474328333
12382,-0.7278242706559481,-0.13174174540509592,0.4711812831776392,-0.873735690961505,0.3784668775326931
12383,-0.7401582429831578,-0.09396361535897325,0.4829382376857058,-0.9166015450102114,0.3839629093503342
12384,-0.726958062678887,-0.15263234795449407,0.4706265450475211,-0.8911953094549881,0.3685949267594578
12385,-0.723517920269957,-0.13089485966774556,0.475830323211761,-0.8942520964889396,0.3735518923533059
12386,-0.720106945370361,-0.14615604435420296,0.46506679202676326,-0.9024022736880348,0.3695960526832446
12387,-0.6747236050234098,-0.2831380307820128,0.4621976921068982,-0.9211728331333043,0.2977384743209633
12388,-0.7521681718908063,-0.11493654557248821,0.482396160971245,-0.9055778375601888,0.3777763294491669
12389,-0.7292763299229474,-0.1214543049988782,0.4720809742559175,-0.8933251576960366,0.3754015772007764
12390,-0.7698414379198302,-0.05360194006214841,0.48515857434277665,-0.8904248270126716,0.4094335448446344
12391,-0.7299636874111345,-0.14123965439029842,0.4759626589958463,-0.8909056049484478,0.36678199209330786
12392,-0.7018784404321508,-0.21082720276622074,0.46507807896167197,-0.8976210147133529,0.34069488534714876
12393,-0.7442976471506054,-0.15214758478118098,0.4728887253440791,-0.8908327907688585,0.367736355738507
12394,-0.7308412219345539,-0.12549076797329628,0.48236304541764985,-0.8879091452034835,0.37434459584432395
12395,-0.7690869342020367,-0.06521677724151685,0.4927970296624701,-0.8780411712669999,0.40595049832128444
12396,-0.778806983562453,-0.02246097723575978,0.49177476658568886,-0.883384618560082,0.4230378654528551
12397,-0.7563296213498709,-0.10224447391650199,0.4855668302112613,-0.9019557723438658,0.3854485654372642
12398,-0.7597027459275792,-0.09433195279587807,0.48311374365999765,-0.883113928267389,0.3973248377271862
12399,-0.7707834910661956,-0.06746651458138221,0.488528034383568,-0.8828452319694833,0.4075950723974806
12400,-0.7469471410213494,-0.13535667634106452,0.4832643879737613,-0.9158069374703248,0.3703203917883906
12401,-0.752894461651948,-0.12324299600100466,0.4853065573176417,-0.8873901268054949,0.3831018011550397
12402,-0.7282995336419149,-0.1821374307827769,0.4678102814106193,-0.8752109892189208,0.3641251208139695
12403,-0.7527167799187744,-0.1408166546978315,0.4799666902087457,-0.8744357191799035,0.38178579382026295
12404,-0.759982955086884,-0.12537649783568708,0.4839343503244618,-0.8877823564786594,0.38191165036743985
12405,-0.755063605148021,-0.13647048783599838,0.48827712018893443,-0.8984076653032582,0.37455279629507443
12406,-0.7518579523156097,-0.1268979391625346,0.4828429986670616,-0.8797215556244555,0.3845942068499196
12407,-0.7244490867805874,-0.210157654173013,0.48627936743123285,-0.9259965614753656,0.33997951323710707
12408,-0.7604284397579171,-0.11756555358070608,0.48464675455496387,-0.9087873009765425,0.3805237234406855
12409,-0.7211110136803003,-0.19451217394909845,0.46864250572159305,-0.8754732366145259,0.3593453451866711
12410,-0.7449970277968421,-0.13470384639380298,0.4794399598170891,-0.8945111384618761,0.3792049636551572
12411,-0.7453024163371201,-0.17280333725323363,0.4859911137883571,-0.901357112157583,0.3620544767930723
12412,-0.743429568767101,-0.14811965755972936,0.48355715900386287,-0.8969441735569652,0.3712894334678909
12413,-0.7426578982658373,-0.15839651946033415,0.4743914342102924,-0.8867267181768532,0.37012617414499
12414,-0.7484208758571027,-0.148095840002072,0.4821450028717247,-0.8842177115005356,0.3737083708103604
12415,-0.7581162490842293,-0.12827979299570366,0.47506025187156614,-0.8843202172783463,0.3817782899825872
12416,-0.7472572218995411,-0.13525975358597958,0.47906001167870166,-0.8907856670810347,0.3778538173973235
12417,-0.7430129185433968,-0.1335831654032676,0.4867968890907664,-0.9021844043187525,0.3710609461928279
12418,-0.72447998630782,-0.16041074620403914,0.45793373132308257,-0.8843231973569177,0.3701081165833432
12419,-0.7643385830736351,-0.07589309637005894,0.48136768924699047,-0.8739130668504849,0.40191310904874783
12420,-0.7489251814423874,-0.11399276426571281,0.4727799425669689,-0.8830826354373782,0.384693804691209
12421,-0.7754304384461685,-0.03173003094970643,0.4876401820645174,-0.8825681174400462,0.41560561372228716
12422,-0.7308076159399551,-0.14728671083119282,0.47127201799856094,-0.8992041019564715,0.3657444564041
12423,-0.7644105892500084,-0.03249488559758419,0.48115449170485747,-0.9047310342388414,0.4147349970862154
12424,-0.7631103437182419,-0.0924431314372132,0.4789326836874113,-0.9018424921801406,0.39176600851399207
12425,-0.7721214493851257,-0.04730317364568018,0.4924878448315246,-0.8866355338341347,0.4088254494134427
12426,-0.7197932543847042,-0.18663536868626965,0.48395169203706884,-0.9069142751808673,0.3447944706388839
12427,-0.7303396267196816,-0.13887485916949677,0.4810416110258631,-0.9124907025323967,0.3611274207401148
12428,-0.6548541042171095,-0.353344479978492,0.4558375973978412,-0.9208754290527011,0.27142866517486036
12429,-0.6664421211272833,-0.3212468708744006,0.451888943612005,-0.9127753391290617,0.293907497885543
12430,-0.6432291667396954,-0.3831471784631222,0.4477549589055613,-0.9290276045583439,0.2654201977811533
12431,-0.6309459585228815,-0.37957515199199116,0.45633804517378745,-0.9362686110344377,0.2586631930795254
12432,-0.6819098368505971,-0.2867434037501758,0.46025767134223344,-0.9123187436878203,0.30736828872636407
12433,-0.642544994258715,-0.3453112285579986,0.4566866657823719,-0.931059797531204,0.2748378501517446
12434,-0.653856300200211,-0.3883248637343164,0.46245770524108465,-0.9546353218527049,0.26203610261283294
12435,-0.6603810997401286,-0.32338168058306016,0.4696823401919414,-0.9329521085971486,0.2865047097542621
12436,-0.6788010714199882,-0.2832244355585421,0.46820878428524837,-0.906694106084008,0.3078923103455812
12437,-0.6840981358269679,-0.302771211132741,0.4779428083885109,-0.9281994352354758,0.29654053770716143
12438,-0.6396012200628225,-0.3857636357566438,0.44681261772256453,-0.928501386728644,0.2656353850954619
12439,-0.6867665435312329,-0.26174514968897034,0.4683495165936353,-0.9077050098179409,0.31602631579514134
12440,-0.7078171257866255,-0.22089170617331952,0.4661933840252921,-0.90895791767571,0.3387830212522925
12441,-0.690406921522909,-0.27628302592645726,0.46442191190153537,-0.9054017417604436,0.3160075326222679
12442,-0.7455121579288557,-0.11650752075139185,0.4800838040866317,-0.9044065595095678,0.38066203511260055
12443,-0.7487000500469044,-0.13283057123131808,0.4854391307460292,-0.9028903273201115,0.37392580905266964
12444,-0.7239692757626515,-0.18439851682057282,0.4686313846474262,-0.8909524494634938,0.35613298539251426
12445,-0.7641253609366088,-0.09636350614800623,0.48546461732872137,-0.9087590138564622,0.3901202190615906
12446,-0.7701444235289502,-0.09341485793217731,0.4915191136748764,-0.9005057982363245,0.395783774742008
12447,-0.7289736297822922,-0.16628732799131424,0.48361633824530675,-0.9190605078993105,0.3588466993039749
12448,-0.7291585599280332,-0.21457441466110397,0.48601819832507015,-0.9058256802609245,0.3423508024487861
12449,-0.7487667072594342,-0.18171519756330928,0.48709618652584863,-0.887100300296529,0.36211548718125397
12450,-0.7450326900162116,-0.20166223087840138,0.49097385117207487,-0.8987716404506101,0.35561845442080514
12451,-0.7359793065240696,-0.20418583139024454,0.48085777305888866,-0.9025069406342813,0.35190885649166115
12452,-0.7795225250426668,-0.09605173928652318,0.4904764284061162,-0.8926743137474793,0.4012292128261308
12453,-0.7620195151028759,-0.13393021191300636,0.48833118812086124,-0.899205252002071,0.37852441205923604
12454,-0.7903911766869312,-0.07964931023265753,0.49279625085619394,-0.8907075588242497,0.4041415911504518
12455,-0.7575505351435396,-0.1590529226988507,0.495475029194103,-0.9120959764436334,0.36996571924401617
12456,-0.7322232884425435,-0.21493625025399427,0.48311062580466935,-0.8793383189822191,0.3554367004119715
12457,-0.7467758039165358,-0.19942109905403735,0.47772278441877314,-0.8678152868494377,0.3666585040955981
12458,-0.7457012085807997,-0.1856458814679445,0.488542422763766,-0.9059007210047952,0.36080372459250654
12459,-0.7459543540745839,-0.1894832626296145,0.4798006695111538,-0.8916026209139015,0.36135807858095337
12460,-0.7291114695987472,-0.2497199359108134,0.4839598868740111,-0.8923774853999559,0.3405318082072173
12461,-0.7087152735166699,-0.2992639473235378,0.4806831920924179,-0.8952445493886106,0.3181214312418924
12462,-0.746325813144679,-0.2027074606336652,0.48438172790217104,-0.9063752198632556,0.35419349587292537
12463,-0.710356605365674,-0.31499744628003346,0.48255713592557753,-0.9145428300164318,0.3064001627803859
12464,-0.7208077493194961,-0.2926483040636507,0.48354490423444696,-0.8999710734805355,0.3235207607118644
12465,-0.7242460562555738,-0.2433678440339287,0.4857389796265178,-0.8955295251369547,0.34131955200155173
12466,-0.7197418458448921,-0.2622019022258817,0.4799646682542995,-0.9009051912431932,0.33775025925085406
12467,-0.686139451860815,-0.3566969427050834,0.4739797279719001,-0.9273870226580814,0.2914368745452623
12468,-0.7125262050226381,-0.287521237181316,0.4786726032429641,-0.8983727587359132,0.324970726391745
12469,-0.7071221836571387,-0.2634417093917146,0.4742233501062043,-0.9044344041628208,0.3345700071590464
12470,-0.7251972144103384,-0.24732891358022052,0.4834961331337618,-0.8945347037018575,0.3378310504897188
12471,-0.7109596996444872,-0.3139201276042829,0.47923913893828457,-0.9192521812016413,0.303513359612454
12472,-0.679719433616594,-0.34877622950754866,0.47206814485460635,-0.9141684593411948,0.2894273064237673
12473,-0.6709789414288018,-0.3868439024510915,0.4694794245660984,-0.9431907925295446,0.2711619098618189
12474,-0.7096787787807264,-0.29600852859083815,0.4819895220783791,-0.9047872287320662,0.3158990481408602
12475,-0.6580226976059713,-0.39479975336785667,0.46358338781881037,-0.9215050222586785,0.27051498119521583
12476,-0.6890950467016472,-0.3187624524437002,0.4726193676040938,-0.9116231139619908,0.3060760901567528
12477,-0.7019201907416781,-0.3174965052067271,0.4755855127377945,-0.9152557682777605,0.30887630309297615
12478,-0.7626818195375615,-0.17554742216985822,0.4413958334285084,-0.7007648891281573,0.40628233519396484
12479,-0.8532586308484811,-0.019039388826688864,0.5109584361802824,-0.8533334185106587,0.44814641557787427
12480,-0.8418489109700489,-0.07186060321534433,0.5180359996097207,-0.8635076466388595,0.41998987195944176
12481,-0.8126906249644644,-0.1355401521379203,0.5011712742831737,-0.8615700143607561,0.39964017239584526
12482,-0.8479825814238421,-0.040020077840124346,0.5218890947581424,-0.8612162452966734,0.4395191555099347
12483,-0.8248051174857167,-0.09452931530298904,0.510766179968332,-0.8762573173362673,0.42034800505751047
12484,-0.8236531299393812,-0.09910504612924743,0.5168692632583303,-0.8580615100156772,0.41502746866645956
12485,-0.7982385951737262,-0.1640888868849512,0.5090088738082889,-0.8789933078102254,0.38273354993014835
12486,-0.7907481543482585,-0.19103039659419815,0.5026882212546305,-0.8764907394122579,0.3743882990057817
12487,-0.7902645857558023,-0.17142171344133128,0.5017440547588914,-0.8787690578887303,0.3851432241007294
12488,-0.7614290480373019,-0.25267862010527226,0.5003168034268611,-0.9047480880757217,0.3457779961253424
12489,-0.7881326109193577,-0.17331943616042864,0.5026813061400938,-0.8707943204092634,0.3848583871531858
12490,-0.7505154971037504,-0.26742055249099034,0.49396171734593486,-0.8962910974625254,0.33906115817175525
12491,-0.7549966348295621,-0.26344929518408877,0.49748612933878583,-0.8877741735471487,0.3432815211371524
12492,-0.7460297323550448,-0.30003862355567223,0.4955507063222009,-0.8894100253700941,0.32990662450309544
12493,-0.7534681886561615,-0.26057855256767726,0.49491436327492466,-0.8867132205443996,0.35229343314727973
12494,-0.7332978082258841,-0.34189485912460904,0.4934138987370066,-0.8885895858069754,0.31190373869769816
12495,-0.7310705579912596,-0.3156273865678366,0.4862823577526083,-0.892345352565999,0.3245802232126943
12496,-0.7629861391618641,-0.21402930337506254,0.49501384488224826,-0.8956910240808256,0.3568046816218797
12497,-0.7666401005572802,-0.20238990617747152,0.49585921343042255,-0.8792016079060962,0.3674963546335961
12498,-0.7402442947130704,-0.27220500639427914,0.4911052647224473,-0.907488628161283,0.3343888673899805
12499,-0.7477588045584993,-0.25519171991636747,0.4893505843109949,-0.8857318557517755,0.3432307777834374
12500,-0.7526293541033698,-0.23503368956988327,0.4919438954155109,-0.894134655117141,0.34983180367723604
12501,-0.7267961588344428,-0.31381474708245705,0.48611649215784025,-0.9011002690030531,0.3180123047505084
12502,-0.7463116936937363,-0.2443225658664722,0.49994570673330596,-0.9031842788559566,0.34602366276457813
12503,-0.7488194565233415,-0.2393234736816467,0.4883776949492209,-0.8755930117077468,0.35624401658446475
12504,-0.7146826454905428,-0.3427812450303243,0.47988866578348605,-0.8942398633190939,0.30898755738620964
12505,-0.7085923985706387,-0.3488362940182133,0.4916521276213515,-0.9206279996841673,0.30015050107475705
12506,-0.7063455302421359,-0.3719608198330724,0.48089758401135374,-0.9057635479219106,0.2955644300276392
12507,-0.7006218683710249,-0.4136224965720681,0.48584362288264216,-0.9177208176127476,0.2756403121294942
12508,-0.7038167845948884,-0.3790848731701969,0.4895936982032736,-0.9156267272794926,0.2867885846577358
12509,-0.6812844659337283,-0.43462232330612793,0.4760181860988448,-0.9156143735600837,0.27145861098472573
12510,-0.682193667383085,-0.416074475396238,0.4726333085467845,-0.9124276536116871,0.2767727257821431
12511,-0.6883393019870468,-0.4129669201685327,0.47786820643230954,-0.9096168323734716,0.27812405828083087
12512,-0.6931076173894813,-0.4081935650903234,0.48380739095810243,-0.9013591413423102,0.28040001667836306
12513,-0.699331301188928,-0.3783957814305839,0.4887560662277459,-0.9136476941991041,0.2920141863639001
12514,-0.6800806287421691,-0.43629322698750167,0.4813313633447243,-0.9315268159333085,0.26537531731139075
12515,-0.6739832767753386,-0.45293222023752383,0.4761922267351157,-0.9249506797414623,0.26192243762765627
12516,-0.6805731637275603,-0.4290412911351715,0.48169254671944634,-0.9309515337682072,0.2689823578070794
12517,-0.6576778730173415,-0.4937712379377554,0.48033748130197473,-0.9145396048542728,0.24703496684850498
12518,-0.6355241422533918,-0.5207712898274774,0.47214845593190957,-0.9191239245266919,0.23524513277450076
12519,-0.6492397337790079,-0.4884524109504008,0.47167606119483885,-0.9238331207536375,0.24537824573991282
12520,-0.6569231396953973,-0.48160685118502217,0.46856907764629574,-0.9285336780774585,0.2507776282860389
12521,-0.6500326411557625,-0.4979675588054172,0.47939716713075164,-0.9196551445233229,0.24248850257437496
12522,-0.6612037443540145,-0.4838087750482882,0.4785916045078125,-0.9102539933428337,0.2522492941922979
12523,-0.6902871842744518,-0.41310636644581733,0.4816940994818616,-0.930001344434123,0.2788040010622696
12524,-0.6923481588139175,-0.4270484954127914,0.4755607136608031,-0.9067315792585079,0.2769759147310197
12525,-0.6618790519396802,-0.4772969948683721,0.4782808025579509,-0.9041732570008968,0.2554103434524992
12526,-0.6457913607776459,-0.471480074607351,0.4522338971532912,-0.8865082055619458,0.2555413719293604
12527,-0.7565457365891497,-0.25239277679185557,0.47846722429538374,-0.8925323209211534,0.35023700125193585
12528,-0.7620603715310202,-0.22749959422959692,0.4950680699124241,-0.901620988439566,0.3489277609292017
12529,-0.8209422625119563,-0.05232940796612127,0.512660719718625,-0.8798312863850692,0.42196738494617203
12530,-0.8275918450194286,-0.06797684223661069,0.514080915611068,-0.8829811544795655,0.4169518983601126
12531,-0.7384915723004033,-0.25952259672837513,0.4874909923054229,-0.8884649026384299,0.3359035537493016
12532,-0.7594036968326913,-0.2353832340901938,0.4945561556878944,-0.8989319688732892,0.341362862411322
12533,-0.7538182021910197,-0.24524252725584633,0.498732303888557,-0.891364127531426,0.3423122546567951
12534,-0.7608206400081193,-0.21166163849294398,0.500373667137681,-0.9026085952646096,0.35299080847133024
12535,-0.7166416053746625,-0.3162038576029969,0.48146598283867426,-0.9047669662595005,0.31104544470535445
12536,-0.6110695273600535,-0.5479932346561586,0.4609406087657382,-0.9430328168541232,0.20387373994737346
12537,-0.6444180502514522,-0.4682957242876258,0.45917733661415383,-0.915377487570829,0.24372960292050158
12538,-0.5804676460341383,-0.6092459787800502,0.4512685707363887,-0.9600155144454561,0.17517658539273306
12539,-0.5692798473372651,-0.633652582397007,0.4514313073767184,-0.9584231772242364,0.1636084319116815
12540,-0.5536340759675318,-0.639325584901043,0.44609816402858954,-0.9660825784052874,0.16266403141509694
12541,-0.5872367097341262,-0.5931271323132827,0.4486011177248569,-0.9416462395090356,0.19142605311043304
12542,-0.6093119258076574,-0.5515777247102459,0.4565224418383062,-0.9344601533903697,0.20663123826067084
12543,-0.5547811369807736,-0.663133274281645,0.43268043158821207,-0.9202868910717396,0.16823368487186327
12544,-0.5903327532128638,-0.590362344942935,0.4456205909812424,-0.9430938041678344,0.19393564398062046
12545,-0.5380955194532661,-0.688157112939154,0.4381249328607639,-0.9454584554425741,0.14995163915813928
12546,-0.572340183691148,-0.6140421568718586,0.4470785674140437,-0.9564598005855554,0.17753069537722035
12547,-0.5967428414999579,-0.584873046172494,0.45173791771524313,-0.9393331393399251,0.1976931114151022
12548,-0.6774552452316803,-0.38013033874219315,0.47669719658629867,-0.9033354037270548,0.28228989978754787
12549,-0.6145648416545553,-0.5394439322945714,0.4663810505764802,-0.9469170282077556,0.20659438527745005
12550,-0.6677572136321788,-0.43009003582008476,0.47816043635898625,-0.9280841502578194,0.2607673542429728
12551,-0.6948673993436891,-0.33331421191095806,0.47307829733985735,-0.916214867649063,0.3012725227024174
12552,-0.5787771675275786,-0.6481843967752619,0.4592025718459218,-0.9631439659632071,0.15820115956748898
12553,-0.5608843488884946,-0.6445364223974244,0.44440481857772557,-0.9517816379733856,0.16440788273570237
12554,-0.5775129823913914,-0.6236151606365317,0.4501198684852426,-0.9599393435396045,0.1740226360450812
12555,-0.5683988474674349,-0.6467162645068809,0.4534434726633969,-0.9663221138658832,0.16360684050737348
12556,-0.6165942667725884,-0.5476962440909313,0.4596816694638379,-0.9325852888233561,0.21513732299347055
12557,-0.6525450217411476,-0.46961183245981,0.4711872561392108,-0.9186127769503142,0.24995036667981874
12558,-0.6707985662472951,-0.4232244073055955,0.4732018061050186,-0.9283902835982157,0.2627517926131679
12559,-0.6407788396738893,-0.5216558275553966,0.4711099899233493,-0.9315769073413673,0.22639738310076282
12560,-0.6288647842033462,-0.5159846444579418,0.47236746272621344,-0.9399763018753285,0.2234765044092757
12561,-0.6745415729347719,-0.4347527082479223,0.4784518213507657,-0.912031189524009,0.2653420072177596
12562,-0.635243510663763,-0.5138968784180609,0.46270192055416254,-0.9395763342297188,0.22608846135984284
12563,-0.6511932861220499,-0.4897180615623314,0.473418411387042,-0.923033311278438,0.23557432758995794
12564,-0.6563001936433694,-0.4727799158549402,0.4752917556163499,-0.931329210762116,0.2440250773508701
12565,-0.5933752872820277,-0.5912637696214686,0.46248281577120315,-0.957433757431729,0.18523740633708524
12566,-0.6774664404303732,-0.38485445286618486,0.4632881211977329,-0.9004863219400561,0.29413592486571
12567,-0.7152519537916777,-0.32435360814001735,0.4902285782010141,-0.9350570959456578,0.3051929948851307
12568,-0.6845357454641996,-0.39927300086986306,0.48435095762165964,-0.9298222111137292,0.2722296314360856
12569,-0.6416784600633709,-0.5141475731431938,0.4674359358437845,-0.9535816739855448,0.22024369512941427
12570,-0.709448261944451,-0.364562081567171,0.47925601201892754,-0.9145696160377257,0.2953378016261499
12571,-0.7324709827141387,-0.29726121643768544,0.4898934109420585,-0.9121862495199892,0.32265309172387296
12572,-0.707740131767377,-0.3507443649129085,0.4861612459783751,-0.9194388216929286,0.29863229016367604
12573,-0.7708838470734319,-0.18363418144884974,0.5021833496085912,-0.9010132699705905,0.3693339757889037
12574,-0.7536311514157793,-0.25163099763536095,0.4974277105221199,-0.8974396227815838,0.34397314780539867
12575,-0.75638197094795,-0.27370912868343916,0.49849593015042987,-0.896480028879558,0.334824846627613
12576,-0.7079181450835569,-0.3932458419962195,0.49409606973845427,-0.904897413185676,0.2821345591300946
12577,-0.791404354492592,-0.17293063275683648,0.5162407678582088,-0.8934382288915855,0.3771338916979266
12578,-0.7501961919309492,-0.25420534138601314,0.5022861120590687,-0.8908303721599321,0.34689743750229823
12579,-0.7617651844657205,-0.2516452447393231,0.5041387850204208,-0.8996481379502439,0.34230639275058033
12580,-0.7805116605005019,-0.23259326832411836,0.5147472957340284,-0.9189741523393273,0.3477492441041172
12581,-0.7771197489976358,-0.2032731964898722,0.5019134758019853,-0.8858784316463687,0.3674256535736083
12582,-0.757274964241706,-0.2928098022310171,0.5127781442452591,-0.9288906160758434,0.3152767611908881
12583,-0.5347651752284615,-0.8038040951838771,0.4514808093603173,-0.9566160200019721,0.10459371571032924
12584,-0.7884424894451393,-0.19173117291880412,0.5124095930411425,-0.905317813869059,0.3684632576020005
12585,-0.7330271268847757,-0.31625181286376813,0.49382236325283857,-0.9232537714678262,0.3091365667441118
12586,-0.7612757071073649,-0.272966376089527,0.5105506383221399,-0.9313841729354949,0.3237277354962727
12587,-0.765673066879304,-0.24150961371524934,0.5081008658067891,-0.9387049940277732,0.33365321677194
12588,-0.724946586620089,-0.334854392105607,0.49582003399277497,-0.9446464329611594,0.2939327150498138
12589,-0.7990131121206597,-0.16159679779868213,0.5123587547525406,-0.9325496237077773,0.3681998382692964
12590,-0.76154418231971,-0.25022569422407803,0.5006394793204686,-0.9297638864916385,0.3332506542372341
12591,-0.7506300488026739,-0.2763792774861649,0.5106097314824901,-0.9396327524883368,0.31257129414736246
12592,-0.7286719359540833,-0.32815790893744806,0.4948346394354688,-0.9330815066694194,0.29556839003880603
12593,-0.786038437605988,-0.19810451335220045,0.515671718602158,-0.9174481354156693,0.35584333850644595
12594,-0.7545289309619713,-0.2693568733243864,0.5042978803101756,-0.9201279848161857,0.32117029952489007
12595,-0.7706991600513338,-0.18510972172973106,0.4983768493591151,-0.8990532787315032,0.3633761933198118
12596,-0.7497681883335549,-0.2735046012481148,0.5065558688554452,-0.952236007728129,0.3116324108610835
12597,-0.7510354135972228,-0.26267252327000934,0.4998953879329424,-0.9253820481392271,0.3243196869087877
12598,-0.7548934750508786,-0.2540432701479581,0.508091429787123,-0.9399099732145456,0.3254657222613241
12599,-0.763734305401558,-0.20675295802437268,0.4937369174952558,-0.9076589872119445,0.35731558434537797
12600,-0.7013981708125367,-0.3888736742713578,0.49186353239675673,-0.9243743492466698,0.27467738435539363
12601,-0.7418996400048853,-0.28708227574831985,0.4983699886513514,-0.9188911999056857,0.32035239000459753
12602,-0.741920305399785,-0.3066273861900542,0.4937825687327857,-0.9210408438091524,0.3163947990231404
12603,-0.739652637000135,-0.3058200280597049,0.5011046099245544,-0.9153312794334575,0.31055833142885
12604,-0.7576907020678328,-0.28500769839296186,0.49326331065465157,-0.9289667883482973,0.3205337362638877
12605,-0.7346061500170575,-0.2710478408658848,0.48836704225383093,-0.911370731706106,0.32441596519445737
12606,-0.6948771134557276,-0.4189602551451365,0.49702200457647716,-0.9554632029104834,0.25615801107524505
12607,-0.718266106457544,-0.3501045048293768,0.4943907112291162,-0.9335450533528066,0.2876870604541194
12608,-0.7252007651665056,-0.33406512204658634,0.49691004998167043,-0.9270083495671063,0.2984789850402678
12609,-0.6446773908475933,-0.48319360785901233,0.46721330664317906,-0.9273559727042961,0.23627157954063976
12610,-0.7145747037084103,-0.35969623253396066,0.48861597540164964,-0.9182830273667321,0.294246075849448
12611,-0.7476110636087178,-0.24008408060590294,0.48157191954081946,-0.8823768098884857,0.34913973769477613
12612,-0.7284697903665215,-0.32403583179087797,0.5005384740291218,-0.9237133543406454,0.3065019481008115
12613,-0.7382310288270788,-0.31401053719784255,0.5064560329413312,-0.9285985152039825,0.30189227593391355
12614,-0.6972824369345226,-0.3947704696618724,0.4907418516546256,-0.9207849554877604,0.27444251554222326
12615,-0.7116222264489508,-0.35056432009438976,0.4952766646854789,-0.9355259830234907,0.2878392374694535
12616,-0.703549443071584,-0.38407790361621236,0.4920180491657466,-0.9265778631803671,0.27903901696904626
12617,-0.7089885599922316,-0.37488411451083814,0.48335596154243365,-0.9147638697177439,0.2921607325899652
12618,-0.6826699707419782,-0.4102389862884744,0.47851538617578754,-0.9303846319658795,0.2730881613039801
12619,-0.48082261683122995,-0.7679440310317084,0.4084749944461173,-0.8407268955964674,0.16105775996404414
12620,-0.7474876709815582,-0.2707887365629018,0.5017932361501551,-0.9228038809924847,0.3210412399868703
12621,-0.7316680445040988,-0.32445738338427726,0.4951669127912172,-0.9348230858454077,0.29734241692821717
12622,-0.7917917598715758,-0.17356503399474071,0.5091725077566301,-0.9219459596307942,0.35841972344997597
12623,-0.7869337473495263,-0.1804067143233515,0.514398564770901,-0.9536740503106246,0.34234034265050245
12624,-0.7844698130182685,-0.16906303367839787,0.509679753405024,-0.9366525499748009,0.3510965583453828
12625,-0.771530100999002,-0.2021424116550618,0.5009170302171582,-0.9254754949079315,0.3390425557596904
12626,-0.786104987458694,-0.15724330970901018,0.5101063153202432,-0.9359087781569648,0.35288093578442326
12627,-0.7537926775923959,-0.2547137286672279,0.498737970873078,-0.9349636562163749,0.31617850702270145
12628,-0.7813112674509158,-0.19566426716133986,0.5055428903355683,-0.9179606483771163,0.34472582705028354
12629,-0.7465673640045888,-0.2516353386848262,0.48988088370593885,-0.9182717169033687,0.3256735324753377
12630,-0.7946911002399087,-0.11983595889486003,0.5136640556605044,-0.9204848760902196,0.37271136658418347
12631,-0.565532973658407,0.9629925594753674,-0.013328005575322915,0.006654307651867265,0.9504149251971895
12632,-0.730049856513292,-0.31150370893189855,0.48206285964285145,-0.8971200087830196,0.3247309956379575
12633,-0.7597064889327513,-0.2690856739666845,0.5024248062780415,-0.8739858723155537,0.34355781549785686
12634,-0.7630690441101424,-0.2560370906210451,0.5112747204827347,-0.9318248736650131,0.32998017590528694
12635,-0.7594970465077936,-0.2556722702029332,0.5091509232702961,-0.9035883338037692,0.3378732048105802
12636,-0.7511386325443042,-0.2517579284245625,0.49997691143215844,-0.886034366687772,0.3432017748266481
12637,-0.7501316237143072,-0.259732849329604,0.49783538113850423,-0.8985474267563831,0.33646539475870724
12638,-0.7318684720207216,-0.33784287064377755,0.5015527140947178,-0.9105166610365265,0.30433612174581115
12639,-0.7308549445562617,-0.3335152521872241,0.49268676366887126,-0.9151271371528574,0.309328807936303
12640,-0.7604459505929828,-0.26147930439584727,0.4916968384123438,-0.8832766872052914,0.34490826415995046
12641,-0.7136185892353317,-0.33028847384874427,0.4819954089100135,-0.8866856352219211,0.3140964876390141
12642,-0.7379150688560975,-0.3067275556309039,0.5025032223894562,-0.8984065608417731,0.32383741155282014
12643,-0.538776552675306,-0.787064177957123,0.4372383203193902,-0.8947432861659759,0.13674953021969272
12644,-0.7692273719537188,-0.23464742713568612,0.5005655890905651,-0.8774331559561795,0.36124188148593067
12645,-0.696789305753268,-0.38746506220734184,0.4836828838481717,-0.9239987772729983,0.2840612818703814
12646,-0.5673708763047731,-0.7217323089189815,0.4473094728509311,-0.903817490362097,0.1638014455033939
12647,-0.8456934843526557,-0.04384864441041307,0.5161536732068837,-0.8727308348485456,0.42775621788843843
12648,-0.8117560767467664,-0.13220574765188794,0.5060071087700223,-0.8888267863012611,0.3895374054033618
12649,-0.7963404039100243,-0.14413118397580238,0.5111807951058936,-0.9008707296231233,0.3746420631762371
12650,-0.7934426459872772,-0.16721509884167685,0.5063232677435258,-0.9061242086390956,0.3693818051535097
12651,-0.7922781960144658,-0.1822447906806204,0.5140147379067269,-0.9184070125551668,0.35647774037764396
12652,-0.8034871910561403,-0.13809808707034224,0.5094112698910557,-0.8942649849308698,0.3801597087140763
12653,-0.795156621981273,-0.1573147981203484,0.5045976513974079,-0.8983513155957644,0.3760949063452058
12654,-0.8286258987327467,-0.06048517432390909,0.5072697094066297,-0.8656002738669718,0.42025847482512885
12655,-0.7671788198824708,-0.21008918843052557,0.499792795552956,-0.9089723102460109,0.3505191340287204
12656,-0.727189174087508,-0.3143036302457768,0.492950559887109,-0.9224327862800921,0.30923141733851967
12657,-0.7518441029091004,-0.22365411780088748,0.49668831023195714,-0.9081175806561806,0.3452608643427639
12658,-0.7456518427738495,-0.2696200699741698,0.4891675441258859,-0.9159183139276788,0.3291318688470765
12659,-0.7885755798794644,-0.1679689321634142,0.49596730087125057,-0.8802220032163849,0.376394625471583
12660,-0.7561150154819996,-0.24883587249301764,0.4997792181364196,-0.9157699967494454,0.3367186593079787
12661,-0.7530353630499255,-0.24707284710947497,0.49889361708629615,-0.9019132183021891,0.3402043413901559
12662,-0.7420882388987602,-0.26251174220839857,0.49794256257173114,-0.9019924359006455,0.3333859512124112
12663,-0.7097093333867044,-0.35228396239251797,0.48182019574154533,-0.9004533061971364,0.29698593159535774
12664,-0.69972806469925,-0.3760012466796094,0.4794269938030633,-0.9131998073711738,0.29105736757990214
12665,-0.7708786642214371,-0.20633071334387135,0.5036577485784767,-0.8886406533457661,0.35870750597498036
12666,-0.7240214300937873,-0.3023385066480377,0.4799612210150546,-0.9151735042144635,0.31504737675135835
12667,-0.7461600425338096,-0.25571663050744475,0.49234769745571694,-0.8914822055412649,0.33539531963938324
12668,-0.7345899017754016,-0.2634599794687137,0.49139386905326227,-0.9015279633384213,0.3285438060181908
12669,-0.7199535337276107,-0.29649026463306577,0.47996664539602213,-0.9054121305247903,0.31584055061051813
12670,-0.6315944573810406,-0.5282175903348801,0.46497662268200457,-0.9335221622571322,0.2139574409308523
12671,-0.5616022083944039,-0.6413915357338107,0.44964642659595344,-0.9744314433473388,0.156373326189975
12672,-0.6105876378943004,-0.5414663106827537,0.45574888905222194,-0.9424299093833945,0.20681776280445557
12673,-0.5980226263449234,-0.5677248235758092,0.4516594385342689,-0.9562744566770217,0.19156655769274777
12674,-0.6336207756726748,-0.49020206263578875,0.45607433155966126,-0.9226185575877707,0.2336481727043505
12675,-0.6503443366973161,-0.4513331155058265,0.4705243530327966,-0.9281748651244957,0.24383956162720383
12676,-0.6248139190316399,-0.49060610373092145,0.4603830622663696,-0.9498728009565243,0.22271318635927456
12677,-0.6129217427189094,-0.5212632537572803,0.4602050417106694,-0.9584604716439812,0.20707630157481172
12678,-0.6236561729514443,-0.5076810084935345,0.45805021620754555,-0.9447232468557382,0.21776656679974823
12679,-0.7203395450227145,-0.28222679414444013,0.4729417824594633,-0.903147942882577,0.32258482388119236
12680,-0.6628175291728756,-0.4214603199133312,0.46448480674906095,-0.9201153336664065,0.25882384926535784
12681,-0.643290709571854,-0.44884294507518074,0.4674733988411111,-0.9419987862205769,0.24265450882282333
12682,-0.6692108717854115,-0.41026915433909444,0.4703036031756773,-0.9393875709713895,0.2612453825681926
12683,-0.6172572782531736,-0.4972976347309086,0.45834811780329837,-0.9387754982679737,0.2217124748518599
12684,-0.5578875451356992,-0.6399375057239323,0.4392571173709256,-0.9667323741297303,0.15846601512201478
12685,-0.5181760444307489,-0.7338271339453726,0.4350960320115456,-0.9794282557993464,0.11640114038097923
12686,-0.5949378680435986,-0.5515088976281433,0.4389602045424548,-0.9068545367222408,0.20898142674028594
12687,-0.57308258752955,-0.6243101345231121,0.4526156004485999,-0.9610356643448769,0.1677838683473364
12688,-0.6148405055026496,-0.5141153759482741,0.46479173458989337,-0.9579149570663112,0.20827387489303653
12689,-0.5968854566589399,-0.5727686845212848,0.44547742261166673,-0.925253481611509,0.1998920789410018
12690,-0.6463988566734731,-0.46076002608783406,0.47156570505410833,-0.9494382900155676,0.2356481175554297
12691,-0.667241165676088,-0.4280709308614062,0.46569581985089725,-0.9250773208067331,0.25910590633301045
12692,-0.6662171995167588,-0.42959009608448323,0.4749385794565349,-0.916590454032504,0.2566696446760859
12693,-0.6886119861620837,-0.3836082419180381,0.4777001555127969,-0.93168545021844,0.2736579973749731
12694,-0.7071656475070944,-0.3348893354506987,0.4787341401929231,-0.9098912116148695,0.30247729601797374
12695,-0.7149394025685357,-0.3304925715478772,0.4871135561141859,-0.9102703585289675,0.305467763017024
12696,-0.7194542509434668,-0.3222589019343973,0.4897234658828438,-0.9039948154782482,0.3043016764688622
12697,-0.7350975962683969,-0.268101077414031,0.48671747960361916,-0.8891392271119117,0.3307637036616873
12698,-0.718939976984817,-0.30591270650228203,0.4830246275212322,-0.9053686532067068,0.31464580544379006
12699,-0.7153879859046014,-0.28448453524530765,0.4716183278980267,-0.8847919865991971,0.3300833528695456
12700,-0.7316003289982533,-0.2573937902202947,0.4841246087114909,-0.8560339026063606,0.346717504868236
12701,-0.7181932999374367,-0.285971739537028,0.47968641978894055,-0.8686204881791254,0.33072872994156394
12702,-0.7465934512292393,-0.2189859487132905,0.4750769225309952,-0.8646195556384371,0.3656724229462383
12703,-0.767069307885074,-0.1474628536432275,0.4846645638281372,-0.8523062438214786,0.40251279838223364
12704,-0.7422633288424032,-0.23521452792907457,0.4791423264761013,-0.852380678591494,0.3646975262844026
12705,-0.746402894705605,-0.22071818079395938,0.4859630969938993,-0.8587655958340884,0.3675419377078096
12706,-0.7469965818886467,-0.23366087607643485,0.47968651066609136,-0.860540833836661,0.3599117105063144
12707,-0.7475562200361484,-0.2234791708704752,0.48720160179590916,-0.8756275438672863,0.35928928537708155
12708,-0.7339107853301714,-0.2717202691170272,0.47225737866876544,-0.8540937338033244,0.346932775458325
12709,-0.7609591988657576,-0.20384345293693482,0.48884014892757555,-0.8734602388945862,0.3731159524624724
12710,-0.7733950070705143,-0.16775590974959914,0.4942739903296472,-0.8468438111127767,0.39387062344979074
12711,-0.7019050384534321,-0.3407890251381659,0.4783489087467552,-0.8888899439105216,0.30997419861686565
12712,-0.7232100983597699,-0.28973394141397896,0.4868617762095402,-0.8762836154901125,0.337793338963144
12713,-0.7170861786108274,-0.3296295090926426,0.4762135019078095,-0.8771997342850267,0.32320605798120333
12714,-0.7094762612142141,-0.34282698281154145,0.4824365947228929,-0.8737263809022785,0.31862177699508654
12715,-0.7192990921319934,-0.31780648582286813,0.48284118918158436,-0.8807093151103923,0.32706943231278723
12716,-0.7234221434825807,-0.30174645215685275,0.480602522004492,-0.8671923369282298,0.34030913834596915
12717,-0.7332805031689721,-0.2851257194909775,0.4832669052177041,-0.8538303255122958,0.35051570247658304
12718,-0.7391738303311981,-0.2805310648649973,0.4866750650427493,-0.8682709990122733,0.34672555882224065
12719,-0.7304071964003706,-0.2931730373256277,0.4813774701116388,-0.8685937389051834,0.3433905079750857
12720,-0.7296502439177315,-0.3118607429506819,0.4847791059133737,-0.8594350871344631,0.33734007111458497
12721,-0.7299709607306064,-0.2845840138967557,0.4868172025360081,-0.8518010255792396,0.35088990853033686
12722,-0.7354292511812738,-0.2812079094751031,0.48327104102596735,-0.852464686194396,0.35244919411856424
12723,-0.7169538309837414,-0.32208510341085494,0.4759310125750208,-0.855515520314281,0.33662269424031505
12724,-0.7628649968688267,-0.23834492041529415,0.4806304754038902,-0.8264172359297677,0.3790898594460856
12725,-0.7530841732076322,-0.28102879015709703,0.4831881760023434,-0.8351956607631562,0.35423396269250695
12726,-0.7439735814783075,-0.26925523917118244,0.49158267898747454,-0.8608713874318805,0.35272195095094827
12727,-0.471589762322577,-0.8305749866872181,0.41410118043790783,-0.7961520579093448,0.16662743503653787
12728,-0.8029706150209412,-0.09244206494749531,0.487735428697343,-0.7936188514951741,0.4522581528740163
12729,-0.7368995271056616,-0.3099473460249526,0.47496308692793604,-0.8307887065442182,0.3619897221662915
12730,-0.7242138683078608,-0.3674416615522252,0.4725879829644506,-0.8394201205601088,0.3392247443994259
12731,-0.7678470810127971,-0.24373095970671768,0.49243216189383576,-0.824703342655809,0.3907447066920521
12732,-0.7365644131838729,-0.28925533681587917,0.48081290993405185,-0.8637999845944873,0.3592301916781287
12733,-0.7424838609026416,-0.2975785541167374,0.4833303653667145,-0.840142040131998,0.36405702071898505
12734,-0.7363130651649185,-0.31616538147516415,0.48979699725907283,-0.8709795116435759,0.34831362200942717
12735,-0.740233031894827,-0.28997738021000113,0.486950270833446,-0.8498646118272419,0.35651657334901343
12736,-0.7574517609888441,-0.24408319288949867,0.49078673145600343,-0.8495083789897767,0.38027454727488924
12737,-0.7568462561262689,-0.23619926781132494,0.48407763287285416,-0.8211932587549956,0.3909598186437925
12738,-0.6896917530683802,-0.4305964408229874,0.47765493658569774,-0.8598255516553325,0.2971353304673925
12739,-0.6952161162324755,-0.4316047441659865,0.47388507854532835,-0.8524169507921497,0.30251501845586964
12740,-0.712491354707665,-0.33229794105817523,0.4751429543584239,-0.8655979364042159,0.33876723097619277
12741,-0.7115273769953839,-0.34757861397326073,0.48786841853846297,-0.8598021546382656,0.3272051807461436
12742,-0.708127242142044,-0.3543939458020006,0.48526402759447385,-0.8610398704488644,0.3250666271129474
12743,-0.7111720487528861,-0.33902132507037425,0.4893890904043527,-0.8555043210592445,0.34381388540113733
12744,-0.6992305292883931,-0.4084857016419299,0.4666253846659165,-0.8319729460109081,0.3205010177541367
12745,-0.7248635054020515,-0.31957511017226914,0.47665173961286744,-0.8243058224875441,0.35528138461354775
12746,-0.7013624388579821,-0.37858443214920534,0.47458790682998586,-0.8385122844146685,0.32704273877837864
12747,-0.7327642669131736,-0.273663192062337,0.48212126445347764,-0.8572905777929596,0.3642540185994973
12748,-0.7197876022225299,-0.32779758302479917,0.473817847054235,-0.8470409138609146,0.3467885299170703
12749,-0.6863077065685765,-0.4055827840537709,0.46784268198492013,-0.8591234715356183,0.30656343311944784
12750,-0.6789982918710934,-0.3984174098562335,0.4634823284076373,-0.8601816044097261,0.314316780257225
12751,-0.6599214333336707,-0.43949158946141936,0.4534763995700643,-0.8501101672731397,0.3021570772576295
12752,-0.6717576802306287,-0.423607076321589,0.4601931096746598,-0.8696902753705582,0.298541989919687
12753,-0.6403075261936861,-0.4929628395155127,0.46808320414520643,-0.8886061124469393,0.25961317312096543
12754,-0.6021381688796141,-0.5696763623561404,0.44658496733097297,-0.8830945808528146,0.2328098090231406
12755,-0.6246595529658434,-0.5138877719711149,0.46063040016246504,-0.8765998955436435,0.2612564653166025
12756,-0.6227472538502593,-0.5265115070506181,0.45101003942010354,-0.8676978344885848,0.258952253696898
12757,-0.6096266923719992,-0.5532707834579481,0.45558047382971706,-0.8849759127569203,0.24577306304583646
12758,-0.5857647569418417,-0.6486281898906457,0.4496556668839883,-0.8977053381615185,0.2031013121654855
12759,-0.6461173452812946,-0.47574826379039914,0.45136034450242124,-0.8449608661892267,0.28631100526493897
12760,-0.6198252261352569,-0.5164951690645225,0.4558537887590805,-0.8857410758890373,0.2490047941866574
12761,-0.5898728098390665,-0.6062374039840094,0.4472674911887028,-0.8991628679747509,0.21810272710946157
12762,-0.5491122412375488,-0.6765438037622877,0.4239810609824091,-0.7942846979147242,0.22522615049986955
12763,-0.75539791725045,-0.28000657533287804,0.5027668042487353,-0.8783542855939964,0.3579161764562453
12764,-0.6896324444363454,-0.4186239540382259,0.48302349309773074,-0.8901316432692129,0.2997923426093288
12765,-0.6522018832953572,-0.4871382290575277,0.46911074931857566,-0.8899237801626038,0.26210831864538797
12766,-0.6663483116946605,-0.4391302333239545,0.4697354190630587,-0.886353265153297,0.2747604313388033
12767,-0.6774734390326757,-0.41768881448395706,0.4731870682093056,-0.8868861564872146,0.28682703101249163
12768,-0.6578155435176095,-0.4478598162978629,0.4711858912895337,-0.9247340309899237,0.25915414334237624
12769,-0.7239605556435945,-0.2764732701422097,0.47841510759597233,-0.8759012789548231,0.34258926238672716
12770,-0.6529517635153178,-0.4577552694501456,0.45834451613715993,-0.8812392236468382,0.26845903913136976
12771,-0.727891103616556,-0.28309741321045484,0.48426556305846613,-0.8881821511387306,0.34050888957545017
12772,-0.6516379791725129,-0.425109971321557,0.46833437433398006,-0.9129129843065397,0.268323865144763
12773,-0.6626415521694964,-0.40631606731812225,0.46616877097539966,-0.9048022216216268,0.28544001316867545
12774,-0.6895589313204451,-0.3472947019204234,0.47136724252362955,-0.8884370300742519,0.3084954440085574
12775,-0.6403948075816956,-0.47277518327733686,0.4671402936173082,-0.9058899721604896,0.2516413532276656
12776,-0.6290405315496742,-0.5188385454724546,0.46413754109474703,-0.9166294517753508,0.23605868229477325
12777,-0.6064506532630768,-0.5454365909110077,0.4533087135295235,-0.9333784425491879,0.21962646382855083
12778,-0.5835851852942187,-0.6122864200779842,0.4563455470028627,-0.9330074723260283,0.1880678118133709
12779,-0.6351633672980811,-0.49003971964114995,0.46308255386887776,-0.8994347837736925,0.24903433680841822
12780,-0.6429865774987445,-0.48960508194627284,0.4627803150678947,-0.8887085753729006,0.25315113085836655
12781,-0.6194266211915551,-0.5306047155048719,0.45637155569487503,-0.9071110722282157,0.22997820703685823
12782,-0.6298078474414599,-0.473482930442357,0.4655026270466999,-0.9292428376771639,0.24529957482040593
12783,-0.6662731092507773,-0.40857306073471816,0.46172777692753475,-0.8917297516661754,0.28280218115452876
12784,-0.7362307501223488,-0.2676874575679603,0.4877417709424243,-0.8838268407036144,0.3458217747535255
12785,-0.6907023247208697,-0.3765517964426488,0.4800123816451714,-0.9193478992068346,0.28417864280188393
12786,-0.6062515872945793,-0.544886029167016,0.45573669441769504,-0.9390918436557188,0.2112417647768709
12787,-0.6723863422321307,-0.41913235813608396,0.48011973227255583,-0.9138005104519367,0.2680037829839192
12788,-0.6286948428471931,-0.5187678658325773,0.46089441383973717,-0.9299213412682965,0.22688721754950758
12789,-0.6521378392555675,-0.4654608457122708,0.4695937011284583,-0.9368461432808258,0.2471465375622491
12790,-0.7115877552687664,-0.337613165144239,0.4900869826093986,-0.9333733848099679,0.2972585661983218
12791,-0.7178852162817239,-0.31066513884233565,0.48705761960310556,-0.933679873869065,0.30441084986566147
12792,-0.6631804652942811,-0.44446137433540295,0.47098594249219555,-0.9049018535355786,0.25865712374283867
12793,-0.7694098658635117,-0.1899320003697898,0.5067027793430622,-0.9356408016319724,0.35326824255981687
12794,-0.7576453723987029,-0.22605676858246385,0.49906234185258447,-0.9324412542576362,0.3351588361532545
12795,-0.7614726703803133,-0.21580807928892745,0.510123319015669,-0.9379424977544892,0.3354205488086116
12796,-0.7317597245722475,-0.30605574395304297,0.49194240423541014,-0.9145976291431017,0.30569005727890364
12797,-0.741449395852446,-0.26089785443463037,0.4865809853617811,-0.9134536284651258,0.3289008468955303
12798,-0.7417409403767405,-0.27842970387721894,0.49910679533805985,-0.9144429387154852,0.31977031648922266
12799,-0.7526535672233367,-0.2329050331062019,0.49489085746809197,-0.9128024901006682,0.342092547904773
12800,-0.7421418165195415,-0.2829886726907354,0.4945516071240243,-0.9235976042991894,0.3206500112181452
12801,-0.7326039950470844,-0.29328500013359804,0.4938574284678482,-0.9111334507568649,0.3144727974000557
12802,-0.7248026232840754,-0.32916154824652516,0.4909007846014723,-0.9317706143448298,0.3001805360126776
12803,-0.7578068665143489,-0.23015867990056268,0.5013675732556513,-0.9157245974933169,0.3417733505130049
12804,-0.7393040898063538,-0.30432219024759555,0.49417701993998037,-0.9161890214755063,0.3120110948217175
12805,-0.5920106158170204,-0.6507618073611711,0.4461708834575698,-0.9101340583845541,0.1839225468635648
12806,-0.6755648867218331,-0.4513937191462578,0.48057717045078835,-0.918348038315606,0.2592375551350997
12807,-0.4790433365818755,-0.814547457169816,0.4015433212278037,-0.7950941286848305,0.18706516313113933
12808,-0.6810348212321226,-0.44852150413547875,0.4495409838818506,-0.8078051847496254,0.29297464322475875
12809,-0.821378592923982,-0.1466669304464274,0.5227154609511488,-0.9164529893464075,0.38242682545358114
12810,-0.8058718798174508,-0.17511782529196152,0.5200321392320487,-0.9298907176830218,0.3639866875673726
12811,-0.7973988592143589,-0.17777548388288247,0.5143677731658148,-0.9127821861990812,0.364764466716516
12812,-0.8259133315516085,-0.12797233610465802,0.5143238597336134,-0.8879459193127274,0.38867519111728105
12813,-0.8150354668006068,-0.10834747224843957,0.5139965357662082,-0.8957967069249165,0.3950204502114042
12814,-0.8159807772285909,-0.1251679938739809,0.5138383380650106,-0.8966450734792001,0.3882387167495457
12815,-0.8064588125133321,-0.15395043587994944,0.510071781349861,-0.8918357709130385,0.37795029710560163
12816,-0.8081924197808533,-0.13335272482190588,0.5102439755222183,-0.9041314037876238,0.3804068185196562
12817,-0.547765283522066,-0.6391608796661097,0.38734863186000024,-0.742972771495143,0.2571384707737476
12818,-0.7867184205907399,-0.22369612066062342,0.505019287586936,-0.8545368086188442,0.35719781300445486
12819,-0.9088752708226708,0.07478481772446159,0.5364835512545428,-0.8821988027485841,0.46970341211150346
12820,-0.3343123624540477,-1.147639479333292,0.35456902731681855,-0.7973123597882098,0.06695350220543006
12821,-0.6676822587013327,2.1547648898155622,-0.2908629371567875,1.3086473149200561,1.9043617023111805
12822,-0.1819643000080061,-3.8145434986990034,0.6092198602549459,-1.1669354869688695,-0.8170749722721781
12823,-0.5691994050557165,-2.850529882498788,0.5868425892568836,-0.45589830856600216,-0.18024959395182322
12824,-0.18290514855854434,-3.8128449893644443,0.6091091883557959,-1.165108046565909,-0.815402177568068
12825,-0.18328174619987933,-3.812304239069361,0.6091709326335112,-1.1640349404316288,-0.8147758589120934
12826,13.378334858329533,1.0123682498227835,-3.795407357831329,-0.3048197287175084,1.2975376515544812
12827,13.707914677311802,1.0755294279793002,-3.546885842246841,-0.27607231206930866,1.2634782857301028
12828,6.2854262971199,3.1534564655329063,-3.6333685621360723,2.214241211082243,2.6609736139983804
12829,2.8174893159635044,0.9418304624603582,-1.8918210700174745,4.027145627249376,3.419654953954179
12830,2.371055407691997,-0.21208292931233164,-1.4432559457044214,1.716283630249008,1.4802747854520848
12831,1.165264906129512,-0.856145617948444,-0.6731254877546745,2.098282442577649,1.8900483541341822
12832,1.6810448513924316,-0.03996091813938688,-1.1489080351123668,2.4379493009814666,2.0845108564399846
12833,1.9196097426982457,0.6866149275725629,-1.4639646913267443,2.0887664319289025,1.9162450228312118
12834,3.7995979441225836,5.295298555710804,-3.500056327767921,4.996395957720828,4.742959921492425
12835,1.412187636267174,0.9982105235814916,-1.17160810427375,4.201680941436742,3.7878620315287557
12836,1.6896422290033508,-0.5833259352442287,-0.9709316746633223,1.8247383034928912,1.7208575906212227
12837,0.582886864769847,-1.7723009131235183,-0.13592177296635544,1.2197866698433737,1.2380626637939083
12838,0.3682261822008975,-1.5878122315543066,-0.10376311176273403,1.5667377157344626,1.5646429362190097
12839,0.32113069758497487,-0.6865371966741507,-0.5117047056536329,3.048954353433951,0.43034689623495814
12840,0.6769832050222399,-2.039921792396248,-0.2820454655524053,0.7557805371367352,0.9406054817553572
12841,0.6996909912541469,-2.047554434675196,-0.09912377023113945,0.7919214887084518,0.8699567643313109
12842,0.6949627209943504,-2.054000227525423,-0.09443849645244425,0.8128209564910284,0.8902667585475464
12843,0.6514954466901345,-2.002448929163377,-0.10451482925059352,0.8637070984701637,0.9512139613862951
12844,0.7152889488309991,-1.9565909136533126,-0.1481186134664407,0.9123681570144548,0.9724541462911638
12845,0.7157720484408022,-2.0507858263004506,-0.1312165764479278,0.9148340104497809,0.9652419037420429
12846,0.8785988229734805,-1.9884088743445054,-0.2336276056016963,0.8498062675906122,0.8918065480191492
12847,0.9932929950442794,-1.9435499489182484,-0.32818719952517295,0.7383460580870348,0.7710548628506845
12848,2.177433986204194,0.42357174387289276,-1.381187073656736,3.464614336098275,3.153030956629676
12849,0.4348873458124965,-1.9218112432353873,-0.056465235165919114,1.2853896093737374,1.320968747012002
12850,0.4151287026158152,-1.8880640390567565,-0.04594520347993057,1.3616313746846398,1.3884003368315143
12851,0.3854651374794874,-1.8042810428758682,-0.05151896737310999,1.4621777282967536,1.4830057728149506
12852,0.38300413441624914,-1.8230881188162662,-0.04715175235111452,1.4610901722092016,1.4838006882986052
12853,0.38561768069684327,-1.8353019874064571,-0.05033107511025172,1.4472405579439704,1.4741401041683795
12854,0.37047279711128955,-1.8030234155538671,-0.04119357713782798,1.4758266387504566,1.4989291322723908
12855,0.36845466364993307,-1.8078583642257953,-0.046684388616049954,1.4806578896441753,1.5076181180259296
12856,0.38324983653659866,-1.8279535918195344,-0.05151837940693524,1.4631436667678988,1.4872061296657795
12857,0.38710678464123593,-1.8114038369040009,-0.043294435037876555,1.4825235631063445,1.4954050277127588
12858,0.3475621698183026,-1.7893584012949626,-0.036195332434206855,1.498338221715052,1.5212785393803367
12859,0.4144768000598115,-1.8615380842676625,-0.06420412355006945,1.3843094384855124,1.4054234337358595
12860,0.3323372247490525,-1.7922157800238248,-0.02544163952320112,1.4926106911811705,1.5187806772307915
12861,0.31114172498004394,-1.7839707666949978,-0.02227115166823184,1.5136298438027869,1.5435848797467049
12862,0.3450506121578159,-1.805113621263326,-0.03490289063463833,1.4758397735277886,1.4928847863016945
12863,0.29298178227711164,-1.7251663205638554,-0.018733102722912127,1.5514443614252775,1.5773962463949172
12864,0.3361536669916426,-1.7254546989516455,-0.05313123121554931,1.5794266033984523,1.5918606136940205
12865,0.29902104741474705,-1.7408288150129667,-0.028260662249758813,1.5641866124829427,1.588697892598582
12866,0.33749808287927224,-1.7669392688456684,-0.04638062926519258,1.525360557641579,1.5415142463995086
12867,0.28329114707545794,-1.7391882702104393,-0.025205103931619826,1.5475503857453266,1.5809125083393898
12868,0.3029129848176759,-1.7767522377220097,-0.016156397149254705,1.5203846851611935,1.5475606037432954
12869,0.2697619991606837,-1.7207291452210427,-0.01249671416393692,1.5772996258964946,1.6071987407814308
12870,0.30634301519473983,-1.7829145394894896,-0.023129205110705427,1.5232681563370722,1.5527148115262646
12871,0.2745871822507174,-1.7155743183724206,-0.02543422163951232,1.5938828878135431,1.6229698415352978
12872,0.3339387243997243,-1.802173332084123,-0.022520936272603438,1.5172324025630515,1.528842587297655
12873,0.28913057271594506,-1.7420623719532222,-0.026668875643023372,1.5598763987244695,1.5871179334875953
12874,0.285731736945315,-1.7464311461799302,-0.026686349835254395,1.5656342412007884,1.5953722447127685
12875,0.28890655319959374,-1.7616135599613096,-0.01746699784155462,1.5535466749128182,1.572487732167569
12876,0.28322904343964256,-1.7582578039222754,-0.016846502150801624,1.5621148926012096,1.5873420857143452
12877,0.28041050315843774,-1.7419705331856248,-0.031775415808914374,1.5522685616205927,1.5877662844789102
12878,0.30013906876565777,-1.7605934993572172,-0.01698033442899807,1.5407959202307218,1.555960073560126
12879,0.2997017103381867,-1.7505546564193257,-0.030108485615891252,1.5748828854381667,1.5923714960596829
12880,0.29463675586998356,-1.788106861644535,-0.012710652767667066,1.5342607441859837,1.5566621415754511
12881,0.27535329369682837,-1.7520332720924443,-0.011878058844280892,1.5718658708085287,1.588291795204836
12882,0.2816658023191106,-1.7657315332827213,-0.01608778964056302,1.5380356750054562,1.5600861274363462
12883,0.2862924174943552,-1.784415456880124,-0.008825384494783503,1.5472641653780161,1.5664978516315142
12884,0.28882585846487374,-1.8065067138048005,-0.015889101022631705,1.5101344437873379,1.5319753282318218
12885,0.2923513498600674,-1.8057631122838256,-0.014365958021295836,1.512770836793208,1.5385081407913788
12886,0.29484982913574664,-1.761445901886032,-0.015318392227237992,1.5855273047961056,1.601206445716381
12887,0.2998083519268001,-1.7876320805935013,-0.015003639461179623,1.5597619250779102,1.579842466205294
12888,0.2935223257633166,-1.7678046290538183,-0.024980416684738153,1.5836969160271308,1.5992880455290768
12889,0.28975887142942686,-1.77483714221754,-0.02157040310448576,1.562882339722344,1.5869597166056355
12890,0.29074248919522944,-1.8282225764477833,-0.01623364282195634,1.5119843348146638,1.5387446060497731
12891,0.29163563291955774,-1.812371059599726,-0.004715470019987756,1.5366798048596821,1.547503232950771
12892,0.28280048365568117,-1.8106629656629527,-0.013872942856700116,1.5212837830695365,1.546364620330612
12893,0.28161092360980905,-1.8073246636619953,-0.018650761657417324,1.5247906809031673,1.5493834195320786
12894,0.26131673296227276,-1.7784572773957599,-0.01266975219299441,1.54889359941395,1.5720218027997857
12895,0.26532589593559114,-1.7944002518279938,-0.009712959362190379,1.5411139461089414,1.5656962292211445
12896,0.290030063914205,-1.8281023237254448,-0.013972696930025431,1.5161202885228668,1.5364715955414874
12897,0.26996655043155604,-1.7939591245439106,-0.00722003973864591,1.551031741979943,1.5675238101217401
12898,0.29789232767933216,-1.828423268529983,-0.013166545816450992,1.5200681358809234,1.5372421080918552
12899,1.9811265361243102,2.623592444963082,-1.858476246820798,5.874323618349184,5.160842827757426
12900,0.5812907653278823,-1.9234924493849077,-0.09736522964492478,1.1609111627905493,1.1984708057348175
12901,0.6060716289155028,-1.9125740649896021,-0.12001087166241815,1.0809601891202276,1.1391679584379408
12902,0.6097902879267552,-1.9502292230733123,-0.11265875777252675,1.0682862791450498,1.1231487623847378
12903,0.574972406137273,-1.956829261923536,-0.09197314012677932,1.074953699416164,1.1308322187643667
12904,0.5655674001884244,-1.9164487890461321,-0.12008091869952167,1.0967265004070994,1.1676567679935423
12905,0.5593967965909017,-1.9046702002772133,-0.1040751005069321,1.1121109906251925,1.172423903616987
12906,0.577612003892411,-1.9070053218970242,-0.11090943252962858,1.108161707892331,1.1648413396875337
12907,0.5895122495397975,-1.9507339525431804,-0.11454520168208178,1.060291875236486,1.1166017795157175
12908,0.5209736619228316,-1.8622834070847292,-0.09328474582127869,1.1687753853113503,1.2252658573844726
12909,0.5489831518395536,-1.9089801595830496,-0.09800169372255761,1.1314007091190266,1.1882605538833344
12910,0.5574048888390988,-1.9100293557477168,-0.09712261084072002,1.123299037237648,1.1757588438413473
12911,0.5421253027365651,-1.8824329712185983,-0.10717087169768906,1.1438599748317224,1.2044282170032234
12912,0.541241892521728,-1.8752414527553969,-0.09605175582606373,1.1545224001652439,1.2056112487167607
12913,0.5340307577078099,-1.872029044660166,-0.1033610523778772,1.1556957313941139,1.2132659371315375
12914,0.5553080490703194,-1.8934128469578642,-0.09671838389236087,1.1411162775968042,1.1898227412171034
12915,0.534137417539401,-1.9039465640784121,-0.09508819066557148,1.1288634535401625,1.1887592969229768
12916,0.5653145780466188,-1.9141661669413534,-0.10216604093890386,1.1219331089963622,1.169670875129519
12917,0.5387172666807253,-1.9120815015925896,-0.08124965110465947,1.1272528561165938,1.176453305249164
12918,0.5408316252469579,-1.9089060985246857,-0.09423232597665811,1.1300016675187938,1.1858867946548521
12919,0.5392247022534145,-1.9017173350869205,-0.09894457070557607,1.132854514651257,1.1895222802812995
12920,0.5312338577915067,-1.9129255558242921,-0.08951346514819755,1.1203390052827875,1.180022499506699
12921,0.5422970077262663,-1.9152291271657729,-0.10225705279087699,1.1309456278358139,1.1881139687310591
12922,0.5575566458722282,-1.943215892843734,-0.09763365962313574,1.1027346725645168,1.1571061860458225
12923,0.5346031905742928,-1.9069816762042042,-0.08995292961646387,1.135605222698288,1.1891408783423472
12924,0.5519712587916877,-1.9444841995635453,-0.09237614302297127,1.1007785102801122,1.156446083831926
12925,0.5468413738476784,-1.918042010357462,-0.0970743946348945,1.1141486214460343,1.168500551711426
12926,0.5496923034279017,-1.9323942043808595,-0.09412233856038878,1.1122000372440404,1.1671618064223073
12927,0.5459559816474759,-1.945343283568889,-0.09198742197367271,1.0975067703078796,1.1579645720514684
12928,0.535955407230459,-1.9103422062645383,-0.09170770064909445,1.1357870112838657,1.1889571714120455
12929,0.5313378835858145,-1.9113869366823062,-0.0924356034277435,1.124788107527697,1.184940114748761
12930,0.5453281340549193,-1.9407531776064888,-0.09481353277385302,1.1021130538464081,1.1633355992687788
12931,0.5316891057753327,-1.9119499628936596,-0.08233606466388065,1.1304267714807845,1.1832867642351033
12932,0.5487916461554248,-1.9252000184640208,-0.09135751416858001,1.1154918790838542,1.1654241683115885
12933,0.5385004915536911,-1.9145073000956296,-0.082773183743241,1.1199293992059938,1.1724954529869658
12934,0.5563309549335167,-1.9367460249022932,-0.09894220329126067,1.0972568925592079,1.1546029856280315
12935,0.5533264049164992,-1.946088437011268,-0.09548543653202436,1.080723834355378,1.140956596552539
12936,0.5616706803050382,-1.9345315184359368,-0.09727347482830694,1.1004358583415716,1.1555678667348428
12937,0.564102523387591,-1.9325313253213137,-0.08794288878026467,1.1203114318386502,1.1604008865828817
12938,0.549114091737077,-1.9461018945133737,-0.08742647138118116,1.1051366765184172,1.1601792836017286
12939,0.556241441797557,-1.9480421636447747,-0.08572162881373313,1.105075846965217,1.1536252753984
12940,0.5525013896153661,-1.9477683243887458,-0.09410802800583536,1.0956760018862701,1.1543088916102844
12941,0.5456284751225616,-1.9392016690626925,-0.08168213885404256,1.1131675874914029,1.161632618830379
12942,0.5311152291718795,-1.9393488633309883,-0.08703459062102101,1.1091307959069066,1.1705863979764586
12943,0.5525530483023166,-1.939479625473826,-0.08631848631026853,1.1171901644161604,1.1659787129587391
12944,0.5461232455513835,-1.9299584032035944,-0.09423205741615476,1.1098520626928352,1.1667677715840041
12945,0.5641225874177452,-1.9457766629652031,-0.0930061540914691,1.099009797883203,1.1497070408978822
12946,0.5352484523262515,-1.9321132057489887,-0.09930172582442424,1.1001360638720223,1.1675054554534534
12947,0.5439078446094777,-1.9496425059566842,-0.07933157683994776,1.0985138897954065,1.1517406659984484
12948,0.5383217154770387,-1.9316470368197467,-0.0829463710281437,1.112335198394851,1.1651860798173646
12949,0.5528135781177999,-1.9429324572773372,-0.09094883217072229,1.0907297391287842,1.1475201091690523
12950,0.5695374749647996,-1.9702844300208704,-0.09733310068195226,1.0591215431242358,1.1139267051158175
12951,0.5760879893841969,-1.9861999518476057,-0.1014887243035489,1.055649769913619,1.1175344229182818
12952,0.5689019741495063,-1.9759008990358549,-0.08707956389004241,1.0706953508038783,1.12640224234071
12953,0.5245756795951106,-1.8905593488077115,-0.06725310288198545,1.141251548250911,1.1856373413384849
12954,0.5628595522746399,-1.9523912546115836,-0.08937386840796502,1.0720265974141376,1.1296739946811993
12955,0.5491172585381412,-1.8986858311357313,-0.10207511791706655,1.1140022624932826,1.1725443895339924
12956,0.5695923603598112,-1.9523001308924717,-0.10345220107206957,1.0764047157167729,1.1423264546528233
12957,0.5804931852647426,-1.9602670039783305,-0.10507374050345099,1.0782975303107658,1.138145070385867
12958,0.5620210494391027,-1.9444707479629548,-0.0981505307837212,1.0929055538601022,1.1536250055997395
12959,0.5795788618355874,-1.9637646216232774,-0.09804333291890242,1.074472005279734,1.1313031634857889
12960,0.5757016795274793,-1.970850501963124,-0.09174571416576757,1.0620690009845926,1.1260823011846934
12961,0.5772939978574411,-1.9649045806991723,-0.09486311310338677,1.0704565968862525,1.1281202476359415
12962,0.5850922358597889,-1.9495579977239135,-0.0989732437471493,1.0878128974131243,1.1433089393734437
12963,0.567625147766466,-1.934671609369606,-0.09958139180389433,1.0873048466953956,1.1489318014061418
12964,0.5804102193343608,-1.93849338138608,-0.08875613847938095,1.1085296662176367,1.1528216576572516
12965,0.5450887615675782,-1.8750282282935113,-0.09933022851352022,1.1600826915012141,1.2090286587462897
12966,0.587450858410984,-1.9592181015511192,-0.1046430812651729,1.0879090541585597,1.144466134367445
12967,0.5888418459114686,-1.9583508489375254,-0.09317383729830506,1.0941498636476124,1.141226612935218
12968,0.5569835110990862,-1.9475697960308078,-0.09000854288166557,1.0923732393674468,1.155396516455543
12969,0.549645558431082,-1.9113799711613875,-0.09885618596627918,1.1097791049110577,1.173443417053384
12970,0.5965155923227236,-1.87542052791943,-0.11049370601523731,1.147099892341849,1.1747401207457018
12971,0.8616145844327542,0.6037688074159849,-0.96453003126523,1.766849075305432,1.7258961138553643
12972,0.2477991499173909,-1.7109194786497046,-0.011100180393854176,1.5515644237519368,1.5830814261476231
12973,0.21975943921783228,-1.6768469567489284,-0.011297792806342011,1.5898978026195152,1.6307660368341768
12974,0.21073526593486933,-1.6660641132854592,-0.001673621840471195,1.6154835221319173,1.6513093600750637
12975,0.1890667916828381,-1.63782333582665,0.0012387890336633663,1.6383640025336261,1.677619955253282
12976,0.1996047346580931,-1.6496096028808198,0.0001335463563593144,1.631613481433659,1.6648568024053234
12977,0.21311831206671952,-1.6687342059110404,0.0009477178513267382,1.619954692524735,1.6506881281892944
12978,0.20621327308303927,-1.6703297128516803,-0.002656788310664423,1.6030448677331193,1.6434575410836485
12979,0.22355127509052294,-1.6542120382382468,-0.015998542169397827,1.5832272054254828,1.6198688654327709
12980,0.22671115889802015,-1.7009117445649045,0.0009921093140989534,1.5586489238507404,1.5912125767330494
12981,0.2144517991669043,-1.6800846731791885,-0.003455285691631792,1.5647720515990455,1.6028079504608852
12982,0.21608915447915963,-1.6472906670126082,-0.016840641862973488,1.6138736343325992,1.6523213150947944
12983,0.21002004158777826,-1.6514352501304164,-0.007709126670956483,1.6200493641397409,1.655654722060985
12984,0.20484875097799826,-1.6769749036128756,-0.0013705557296785494,1.5928618525284135,1.6368583105491414
12985,0.20788380900519102,-1.672966932554489,0.0016378955421384358,1.59430137604651,1.634451812241851
12986,0.21078431457197747,-1.682031270437187,-0.0016449248396847981,1.571526531382981,1.6124852609369655
12987,0.18904490758178488,-1.6314652381544366,0.00732587942912551,1.6319741074029561,1.6680885953040918
12988,0.1937864909521499,-1.6458017982138857,-0.003347330549097473,1.6097905563185533,1.6528499310651383
12989,0.2047399250929113,-1.6736714095294132,0.00134279495441401,1.5832964620201497,1.6177753953578131
12990,0.20297888055671826,-1.6517180143291037,-0.01014471019143048,1.6212203108009922,1.658328495678472
12991,0.2009018654347293,-1.688301292480257,0.004298602959888669,1.58325321240743,1.6227960238718553
12992,0.20369158541084065,-1.6492498325157312,-0.008113091690359694,1.6148306849209995,1.6462834356052523
12993,0.2141190319844067,-1.6739771925716855,-0.005919058828230844,1.6064214102736614,1.6433745963232278
12994,0.21105046110384315,-1.6702751033765073,-0.002300817515093586,1.609697011067346,1.6445217715296425
12995,0.23234573049027785,-1.7062128791950604,-0.0009302193785222538,1.5686832802138173,1.5972481778306091
12996,0.21316544604408014,-1.6778285230943344,-0.004680088849955227,1.6046150220771884,1.6445604293627365
12997,0.20037526634784525,-1.651657793238006,0.009991330710431285,1.6455015276094493,1.6695651051528388
12998,0.19884951679702634,-1.6356847505077212,-0.013458106712069503,1.635092673641678,1.6751931499522692
12999,0.18800770809359682,-1.630793388624704,0.007842164195462168,1.6570191334126552,1.6869669185473037
13000,0.20114633188441608,-1.6602328046659853,0.0031861402971168433,1.630317430963513,1.6620542783180345
13001,0.20336788745740697,-1.6569540437714019,-0.004281238729547226,1.619005444557128,1.6564499624726412
13002,0.18372208841583618,-1.6388429322518663,0.0018869241583931943,1.6468892204828505,1.6845480827183634
13003,0.18032109387360656,-1.6201640080730186,-0.0012822702193751913,1.6646318622838863,1.7029360548229444
13004,0.19918152806185851,-1.6489289346529705,0.002536870689104353,1.6537741792141274,1.683689875247098
13005,0.20384722708232988,-1.678140691046455,0.00837281532663385,1.6129758456711074,1.6489874711490442
13006,0.22540226078526346,-1.697790111468228,-0.009124486860028314,1.5700749252714408,1.607424051982407
13007,0.3050083776220043,-1.8482894364736409,-0.01593239247678082,1.4612877339595018,1.4834998618196504
13008,0.23023194215788026,-1.7000500002384198,-0.010717399814083525,1.5760297481413628,1.6120513975261535
13009,0.28172678651775096,-1.762106143735716,-0.014110199340599034,1.5552153586851605,1.5769385972815597
13010,0.20351568649563706,-1.640183127001441,0.0001893278359133241,1.6537315666423438,1.690312310297682
13011,0.21512005782297228,-1.6945798161622287,0.0010900444364545315,1.5989688676262832,1.6351001765233268
13012,0.20315026651302306,-1.6975476971554173,0.01196887583250552,1.600857963617096,1.63638174958204
13013,0.19657493540617757,-1.6815072167988774,0.009699781484132853,1.619180523516247,1.6525631632470357
13014,0.2136352482028422,-1.6803467762747115,-0.003956571307499863,1.6202421657629944,1.6595919322400396
13015,0.20158762794088475,-1.6779422615018205,0.007337086073155113,1.619649385903208,1.653241811767128
13016,0.19249097022470638,-1.6546754638209475,0.0031094474964915315,1.638805605668971,1.679992207129151
13017,0.22632075035970295,-1.6978868854994011,0.002696598732916681,1.5926771551724714,1.6200903814533416
13018,0.19066245026738074,-1.6394753555400916,-0.004155521543672762,1.6396955009704963,1.678775186848628
13019,0.18425198502763734,-1.6324402635780113,0.0022196741378219136,1.647775086987645,1.6823134683788505
13020,0.3873624975616484,-1.9146036554955246,-0.04051099353742183,1.3578616097570597,1.366020544767776
13021,0.20662518933794924,-1.742165739672998,0.008577029886116383,1.4975199732158284,1.5381003978959145
13022,0.23769868638886016,-1.8030983832143983,0.009702372470702738,1.470974685964291,1.5030154399902438
13023,0.19630646347081482,-1.7508076023149877,0.03308740304489878,1.500382220386827,1.5343361717067512
13024,0.20356644676153315,-1.7765898196081698,0.02808896598845,1.4716380182087092,1.5083829773264306
13025,0.17237191716034084,-1.6978091311868768,0.019008669396769838,1.5541819005195632,1.5947964406631765
13026,0.1797358919848777,-1.7223666044791863,0.017423788169209194,1.52783620713062,1.5712115961360382
13027,0.18415995340486319,-1.6963500476580098,0.009061414622628728,1.548083513021325,1.5947547066880177
13028,0.18011980570164457,-1.7102755339797306,0.02164678652755863,1.5312340543563532,1.5761924707932229
13029,0.1961618641656225,-1.727259977483125,0.007720981112867675,1.5257998225491876,1.575168468630375
13030,0.18367016779390508,-1.6728559923966513,0.015156851958881612,1.5851735780926834,1.622402659098201
13031,0.18219503545196497,-1.6832490663064035,0.02514797641928438,1.565387999250295,1.6047733636501302
13032,0.19935067074431947,-1.712246399013712,0.007782061875839132,1.5209137046305874,1.5683939719376598
13033,0.18723863576351762,-1.6952866898074772,0.016779566724774965,1.5476550239657638,1.594695438919721
13034,0.19949632445981083,-1.6587251841714272,-0.0027211968985815516,1.6029844160483337,1.6340646651385673
13035,0.18547605855784516,-1.6931118036356054,0.017330915430533753,1.5531487332264973,1.5973716635334578
13036,0.22108793846604344,-1.7233169991503496,0.0020261339067709555,1.5273823987946449,1.5608487559866449
13037,0.20893389776166604,-1.7291746395179135,0.009051334469096704,1.5216896744550583,1.5673030626662854
13038,0.2418711324125528,-1.7687705576658799,0.007517288559390237,1.4907753452557566,1.5270922889641407
13039,0.24715461047521775,-1.7716368012675963,-0.0075715077528303604,1.4796163800212667,1.5217938430315492
13040,0.1591603220650944,-1.6261283586863908,0.0189085205705272,1.6118040445395894,1.6550814554058026
13041,0.2052121740988697,-1.7132003123986033,0.010459097072573378,1.5473182081929164,1.5864522445999873
13042,0.18888538434843424,-1.6838302782088612,0.015586151478603025,1.563157834872637,1.6045206727796053
13043,0.2212653658494743,-1.7513100706581681,0.016180646903111082,1.506057553466032,1.5429667083214949
13044,0.22298681039631166,-1.7330891051488935,-0.002600731613259112,1.520652176240121,1.560921224982252
13045,0.2182420996410458,-1.711780828800877,0.017678221100579598,1.5581032486971653,1.5923681648704415
13046,0.27074826862089735,-1.7721055340724645,-0.0016033740234332836,1.5054823394492285,1.5317754572484144
13047,0.4174293350868532,-1.6670613468177182,-0.12642264275218146,1.6555482030434128,1.6311069795729123
13048,0.3022296700475814,-1.7085918545734002,-0.03357367596462225,1.6092405267872896,1.6315412563002163
13049,0.2831430943386819,-1.6094015182584451,-0.05191195748706145,1.7041833745091646,1.7226757717636394
13050,0.30795486289381085,-1.681483025752184,-0.04752388961226118,1.650353800422017,1.667434619858697
13051,0.31835989044445145,-1.7100794627172093,-0.03772599374744186,1.6136329930402487,1.6269049371462652
13052,0.3027060402001014,-1.6676375802250631,-0.04238730862286124,1.662783134943114,1.6791540417105846
13053,0.3116567404197878,-1.6878031889407243,-0.03804683678530588,1.6514904431093484,1.6666405796374937
13054,0.28569918575081965,-1.6380034958604899,-0.04794263339835821,1.6897610823089957,1.709111535707137
13055,0.6295652800023867,-1.7109937447352923,-0.19202455227182283,1.2738005620310522,1.2361069745476676
13056,0.7702822009571606,-1.474524631640253,-0.34623700448225486,1.4605206373094404,1.3781064727497239
13057,0.5585846398002681,-1.939183669578508,-0.10527143686910106,1.0830188274130619,1.1448006928315428
13058,0.551250493795117,-1.9340032412996766,-0.09204415536465906,1.0931924643928417,1.1493656440344955
13059,0.5548838915722593,-1.925761664797122,-0.09397156747345134,1.097679922284666,1.1547944716915042
13060,0.5404604277065242,-1.9051190996048013,-0.10278468691996141,1.1104390582810635,1.1763058605522272
13061,0.5432483121789387,-1.90496102184347,-0.09491102449075543,1.1133950869669917,1.1743965026352454
13062,0.5352050333935315,-1.9006955109206578,-0.09490324248930297,1.1155806632737493,1.1819525828635369
13063,0.5316628867352419,-1.8798773804100215,-0.09320818988663988,1.1331403997180618,1.1918293338903758
13064,0.5383650303818169,-1.8803542586468829,-0.09709342915916445,1.12859747352023,1.1884583157255135
13065,0.5162893072816382,-1.8783724464387952,-0.09528449859926136,1.1312197353518045,1.2008860067978238
13066,0.5393511746863466,-1.8679663185190236,-0.0860640576949808,1.1489535857327535,1.197880582948871
13067,0.5182505770270337,-1.8422346317905134,-0.09542342482568386,1.170561809524803,1.2254913678874289
13068,0.5306266446156416,-1.87299624537303,-0.09470838626076507,1.14379706331728,1.2040566302972335
13069,0.5099586127281185,-1.8298973404829797,-0.10405770691685494,1.1709640726567025,1.2412913227999887
13070,0.5330447329652048,-1.8832533963582034,-0.09030218829125117,1.1320123922118352,1.1900435612708342
13071,0.5373374772926311,-1.8769325442182698,-0.10945946756766423,1.1371230484856474,1.2021572512876912
13072,0.523591514088962,-1.8697330364319606,-0.09714998946677023,1.1462104089969305,1.2042917931705912
13073,0.538921946306722,-1.8750272269241812,-0.10164277491924069,1.139994896000525,1.2014261918339941
13074,0.52326468887923,-1.841117885338783,-0.09684660796843185,1.1841254824822895,1.2371358508736316
13075,0.5435077364651326,-1.8856424055689347,-0.10118250466178312,1.1164451329502507,1.17945456187224
13076,0.5483559896215452,-1.8824195076575867,-0.10102988206209332,1.1445561048620194,1.1986247390059699
13077,0.5410165542911558,-1.8797440874479603,-0.0961015794004312,1.1523287341958244,1.2029871569869932
13078,0.5331219904087853,-1.86256924108805,-0.10403384747720776,1.156709617209773,1.2166115228288108
13079,0.5609420817459363,-1.9028978667705432,-0.0965503857590464,1.1243923511318883,1.1745978995436535
13080,0.5296578974350148,-1.8603122375337504,-0.09934124804765854,1.1474076304706298,1.2093192462459819
13081,0.5489841783712007,-1.8788389040249607,-0.10336917211224733,1.1425702086921512,1.1958063477774707
13082,0.5452756334121812,-1.883854710448291,-0.10427481882236797,1.1373688965889752,1.1999000323811972
13083,0.5462045173824346,-1.873334318628909,-0.09458463391468865,1.1463136367171887,1.1972195365824967
13084,0.5245233316702852,-1.8525889390559758,-0.09865133029224084,1.1456693658901267,1.2075935457174332
13085,0.546050981532212,-1.8814139238091705,-0.11104867460976042,1.1233440161521717,1.188096561894828
13086,0.5493381209519774,-1.8907727912361076,-0.09642181396977689,1.1214441512484536,1.1768174850258029
13087,0.5436336242721838,-1.8693433362455756,-0.10551848922333985,1.1426651549761835,1.2011740242397326
13088,0.5409960837649702,-1.8666615403665627,-0.1070240665270568,1.137293186040713,1.1989475334420923
13089,0.5516160090087007,-1.892634027774792,-0.09969811186729202,1.119019863634703,1.178438880080798
13090,0.5602490539171366,-1.8826916527988264,-0.10787491185295149,1.1242883017376823,1.1861160050884718
13091,0.5498600643900572,-1.8881539492494812,-0.10224891677291052,1.1127579429306411,1.1745198536286188
13092,0.5666194234491901,-1.9192897176018227,-0.09314628933604881,1.094280454797732,1.1476306157466596
13093,0.5623318249299833,-1.8949422266420723,-0.10416889868794212,1.1037585680518982,1.1646661768515343
13094,0.5540635678316035,-1.8981229675659765,-0.08862559275874832,1.1004895602990368,1.1546074763262402
13095,0.5333471408947786,-1.8722404036978841,-0.10669814782829354,1.1229573021834023,1.1918170823601038
13096,0.55462861618956,-1.9016393286732203,-0.10120417533364694,1.087285354130916,1.1515984858299815
13097,0.5610945191360871,-1.873831484381076,-0.11537770249670724,1.106170852854271,1.1746351421570909
13098,0.5522196531829117,-1.8929632546338835,-0.1026056048410147,1.0956376271393606,1.1605639145793818
13099,0.5691628514357512,-1.92645729444253,-0.09390099531094412,1.0708985044547052,1.128700905778855
13100,0.558859531954389,-1.8969171149289403,-0.10963690803363883,1.0888763320411212,1.1566848431202197
13101,0.5584163960294567,-1.8854457798095507,-0.10488880263009216,1.1138150905233697,1.1726603301789287
13102,0.5620987239831953,-1.8833953205172618,-0.10970944366640796,1.107246761592766,1.1669934265767357
13103,0.5573237401132655,-1.874753300320956,-0.10505544332349052,1.125504380872453,1.182112835333837
13104,0.5636333271705076,-1.8917152583628205,-0.11006022440457344,1.102662442829736,1.1634871249748402
13105,0.5742435377460084,-1.8955594821901662,-0.10521583544823468,1.0821651962294903,1.137338736783806
13106,0.9948189260174779,-1.6940444582786842,-0.4304445239989849,1.2378923563394997,1.1828014280126218
13107,0.6432572893549526,-1.5837997934256896,-0.21508849834757326,1.926535089162377,1.8941519238668385
13108,0.6425440307357208,-1.6749522352291684,-0.16616461277982436,1.839344168752566,1.8078401580123737
13109,0.6558606679209905,-1.7003976286066942,-0.17846479643966182,1.809919415604558,1.7781983429975616
13110,0.5926039803499821,-1.5641692016506958,-0.17896894682892617,1.952029914621395,1.9167512002079172
13111,0.5715557143609252,-1.4987625731494498,-0.17541709279911277,2.013596469790858,1.9839114434919207
13112,0.6017724040417832,-1.5213852232458642,-0.1861240532380652,1.9982800332693662,1.9660338138062252
13113,0.5958265309252362,-1.5015011747980607,-0.18364667976756852,2.0167618485825605,1.9865187402679523
13114,0.5920165078635017,-1.508149965442979,-0.18217333574116443,2.0124818181945603,1.9836594899166773
13115,0.6129675089449335,-1.5283139110330932,-0.18040883564460028,1.9970888127122643,1.9623367762060595
13116,0.5945403399683437,-1.4617779029521984,-0.19083012777671055,2.0681345101604536,2.031025143728597
13117,0.5889088429117089,-1.4669855023201581,-0.19133792993329826,2.0634239128040033,2.028262484241333
13118,0.6050769812937495,-1.4804157456469018,-0.19252312273726702,2.046430491184642,2.0105222297090144
13119,0.591800516594392,-1.456173469245565,-0.19179835074173684,2.0596663808162567,2.0309797993748737
13120,0.5756255353884822,-1.4398027640161657,-0.18799626748887882,2.079445889364499,2.0515687534904528
13121,0.6164929434579278,-1.5269656212083436,-0.1889241471103014,2.003658093011335,1.9633905797833981
13122,0.5803010580658153,-1.449727410799895,-0.17943013360581475,2.0616590087847406,2.024720764427284
13123,0.9100583220986509,-1.8175577733447452,-0.4274640209431904,1.3458331974209286,1.4033928351542
13124,0.8590792943203829,-1.5358135077340878,-0.32496315056074754,1.7216834982588585,1.6513593830108086
13125,0.6790294949513406,-1.6134034084131754,-0.1859085149133717,1.901344479727961,1.8612904835434378
13126,0.7281797279829983,-1.677195152567392,-0.2048441267253818,1.854696511994339,1.8122879650977306
13127,0.6769967278712382,-1.6187658226507236,-0.19391793183843092,1.9004054248233213,1.8587999113787894
13128,0.6767484358992514,-1.6171534585192255,-0.19124588327694192,1.901639838453779,1.8661864879560508
13129,0.6721267270791814,-1.6041990082055517,-0.1918231240716605,1.9162824606033164,1.8806996982517785
13130,0.6477944705052971,-1.5407788843438803,-0.19972590891123732,1.9705644083335434,1.943219329829586
13131,0.6852122117368198,-1.6160272369364943,-0.19978766854077654,1.906709935521291,1.8664326751074816
13132,0.6598917545974247,-1.575030417463381,-0.19470311423541053,1.9343393619420703,1.8981073707673684
13133,0.6378283221180143,-1.5372511643753628,-0.1951485240950131,1.9805764868937368,1.9478180796209221
13134,0.6372385978857491,-1.5275728034582998,-0.19826072059562042,1.9862659472755915,1.9517453162552953
13135,0.6495086747876899,-1.5669746478840993,-0.20171816148098773,1.9412444792883987,1.9167975920952425
13136,0.6412415150999792,-1.5675776299875948,-0.1821155657605417,1.9645311791665825,1.9179755459179817
13137,0.6419710074113395,-1.5848817251965075,-0.19974982436464347,1.9364105811496932,1.9078724959539664
13138,0.6536409713338015,-1.5965165761979556,-0.18785272221727897,1.9253096061756105,1.8888763093239134
13139,0.6678014644335589,-1.6030935021591461,-0.19311189520391914,1.9247206201102938,1.884238663241851
13140,0.6520479223245901,-1.5706832351849278,-0.19617470615737717,1.9527098480346523,1.921067694165509
13141,0.6727047468202498,-1.6036960972525531,-0.19598900755084372,1.9175495521805426,1.8821568375230635
13142,0.6664393939797513,-1.6115875671719067,-0.19579282282284513,1.9069322700744773,1.8759656588857803
13143,0.6696390997856174,-1.6089946948157392,-0.2085145397238604,1.9154987634638894,1.8864106078064191
13144,0.6513847470628334,-1.5708859248399045,-0.1933655976170103,1.9522729508315644,1.9185813240345002
13145,0.6698514858889975,-1.5988421818519825,-0.20657565882280418,1.9135931075720358,1.8872846212464551
13146,0.6335273729708891,-1.5360276741067176,-0.19927767675466054,1.967518372041996,1.944229792795124
13147,0.6648334421201001,-1.591902362669561,-0.20167868030806355,1.9269646362697816,1.8896532509918773
13148,0.647084251759994,-1.5683171410812426,-0.19809715315882714,1.9469517338325633,1.9173896110879853
13149,0.6607229034077241,-1.5544038193475684,-0.20233876972341977,1.9740667510580974,1.9313141950845807
13150,0.6439963053252131,-1.5628725407071133,-0.19867025665996482,1.9524008418880017,1.9203750622029667
13151,0.6098750115639449,-1.4880401062037556,-0.20225265300750456,2.0178762944928965,1.9889066390374868
13152,0.6489021106969555,-1.5715969422645992,-0.19627002044952355,1.940505120461503,1.9102864515129325
13153,0.6409634078399461,-1.542405402594687,-0.19979118300545515,1.9772703519582795,1.9353319105790274
13154,0.6473513811331322,-1.5644073599348953,-0.19690914376197813,1.9439322806697439,1.9153174895355556
13155,0.6665684663925727,-1.6102229465570386,-0.1927416127435647,1.9045340847679162,1.8668220224914442
13156,0.6512893427952581,-1.57030549107014,-0.20258714456058913,1.9238110665102237,1.897948537746547
13157,0.6645175588341211,-1.6117050194502518,-0.20168002225403292,1.8883520767829307,1.860460246222767
13158,0.6547814366188408,-1.5993004157843538,-0.18954318399120082,1.9069037083324905,1.8834791051399913
13159,0.6612444225602637,-1.5886860223978558,-0.19229357202588956,1.9247896984853672,1.888555713876588
13160,0.6384939078835449,-1.571972236819077,-0.19702026728477115,1.9279404742973656,1.9076938345533496
13161,0.6631910315627443,-1.5972522467914743,-0.1940620332242671,1.9103241889797546,1.8776053237502428
13162,0.6436384257120472,-1.5753684299269677,-0.18748865853504576,1.9326465150008127,1.9011180593719663
13163,0.6277191226151893,-1.5738878599543857,-0.2088514521414974,1.9249959891912776,1.9096386484588777
13164,0.6903153198311941,-1.7284284908936955,-0.19549383791712324,1.6855782077762436,1.6252396222796501
13165,0.5753928901388485,-1.7650907743869872,-0.15940520466398192,1.4211120698604671,1.4645928827447015
13166,0.5844050618781156,-1.7937166227922134,-0.13124213571197196,1.4065912691595206,1.4325455310816804
13167,1.1201697045735313,-1.2915957159872145,-0.6439585567691151,1.800629469962778,1.6842467271094472
13168,0.6494665281101607,-1.6509946921550918,-0.17481886794162857,1.8661458605084986,1.8145022409598461
13169,0.5997912815147444,-1.5661166463098513,-0.16650434151640428,1.9495871818003254,1.9147601237769094
13170,0.6136399184508727,-1.5597291587441249,-0.1852604477587056,1.9556160252483064,1.9336027792216899
13171,0.6161962861570711,-1.5905123676462236,-0.17602919706018658,1.92469204441194,1.9001986850018924
13172,0.5928530962692067,-1.5331757096059573,-0.17763838334996046,1.9830593158110752,1.956163850221454
13173,0.5880560164442413,-1.5426006990236387,-0.1729738810776871,1.9711937029537092,1.9460101408582389
13174,0.5871043155702068,-1.5358092244096273,-0.17126134447216418,1.9717756315374713,1.9545955585727028
13175,0.6111316160936955,-1.555167409070961,-0.17288556440317474,1.9697117613111876,1.9353184749093633
13176,0.5764578687284926,-1.4980648141348556,-0.1709971917023956,2.011911199103218,1.9888700004291398
13177,0.596872515321116,-1.5353153353993463,-0.1756058559801116,1.9743430399803579,1.9518278140606937
13178,0.5674060242483479,-1.4926101800360145,-0.17501950238295363,2.0218172308530806,1.9948522460695466
13179,0.5709983165458236,-1.4861104453488096,-0.17485855774565842,2.021879765423076,1.997580045483475
13180,0.5889755136248076,-1.5275366076941035,-0.1826925665298549,1.9820025042576062,1.961573312676759
13181,0.5783892131556491,-1.4924236726075377,-0.17221171108743363,2.0148980633956737,1.9965972594592536
13182,0.5910960540087109,-1.5335054187727133,-0.17873439010558848,1.9690911495828851,1.9580432066817028
13183,0.598510548188792,-1.5534742389643275,-0.1734571466156099,1.957959112023087,1.9379817802532773
13184,0.5634872226577488,-1.5117453224261121,-0.16766342746697402,1.9916097990603,1.9727485653364414
13185,0.5766754017678944,-1.542669342964469,-0.17176748280881754,1.964432940867019,1.9440241530098388
13186,0.571617379328136,-1.4954995555462671,-0.17936697467689164,2.009896647568542,1.9922997052417388
13187,1.039560779573873,-0.43574778042163603,-0.750623248739578,2.6016230297852623,2.330053124269366
13188,0.2225050885462907,-1.7710289428535197,-0.00184145038565164,1.2343590756781089,1.3177310452345596
13189,0.27400250613934624,-1.7768472583509518,0.0035657126571093634,1.2583268414967248,1.3207258842932459
13190,0.270269999571733,-1.7826501307124538,0.006956178107593593,1.2550448445367646,1.3173674072600865
13191,0.241721068201777,-1.7807715229399612,0.01167056165467922,1.2359611500600203,1.3082711921101335
13192,0.9240883497841166,-1.778452217749057,-0.29981793496083053,1.0323883840752897,0.9615241274216723
13193,0.24131163001491326,-1.7337346799548,-0.00991987886324133,1.5456158956193105,1.5859360328867083
13194,0.20591068264854076,-1.669304262078614,0.0013855136639247272,1.6191888861259565,1.655665239447568
13195,0.20584801112943385,-1.6564676089264296,-0.004540115066015455,1.6538412867612464,1.6943763592974173
13196,0.09090656516356672,-1.4482799858561008,0.02122506527043394,1.8346681933174067,1.8891479648991067
13197,0.20740784293090547,-1.6396001716623334,-0.007073627649009497,1.6695072196889995,1.7091892160801265
13198,0.26342729074339677,-1.6427274670968994,-0.03688844776351046,1.6851570113083427,1.7052189012205878
13199,0.205199099399324,-1.6046297779696226,0.004626103474844497,1.694789902558296,1.7268480369765276
13200,0.2156144013075554,-1.6115148261040904,-0.022871696803954036,1.7035040104828503,1.7469525850802927
13201,0.1424236335413314,-1.494612108062195,0.007225649025819191,1.8142292407098513,1.850504868626389
13202,0.23151126726554053,-1.6733621602926947,-0.010425933242297056,1.6498377508602766,1.68392420287323
13203,0.23574953991930384,-1.6694333452070294,-0.011399162218944558,1.6565062041955414,1.68747966866849
13204,0.22822582513355605,-1.6192398198984035,-0.013959085895889404,1.6953422604338375,1.7194831658398972
13205,0.38085245289659103,-1.6365551516338488,-0.10432056281568214,1.497409043915936,1.5094556465087832
13206,0.42562162689557415,-1.6358083494462945,-0.14196465601267488,1.4593807316798721,1.451755610569916
13207,0.18785800220416843,-1.7198298908553622,0.023327093130405374,1.5176256336754332,1.5709106119648766
13208,0.2082515673868976,-1.7298257731439493,0.0046081550257656605,1.5027456572761084,1.5542429124710222
13209,0.22119454563546548,-1.755643387508012,0.011296382831822382,1.4943629557468374,1.5365554049556571
13210,0.20710037043741453,-1.7042602551633765,0.0049792787484001545,1.560543719813847,1.5950477970220645
13211,0.18857882844375753,-1.7196586593211856,0.019006486609446833,1.5261952253598468,1.5773843149834978
13212,0.17473264165952707,-1.6910390266608264,0.02044719680447347,1.5542711897087846,1.599479537944978
13213,0.31316510524264807,-1.4940881632024454,-0.0959625522620777,1.830945346044799,1.7838955744227605
13214,0.26433782738526307,-1.7023179958822126,-0.019742625285550736,1.6067080331597416,1.6373708741408288
13215,0.2876928860465627,-1.69171976067074,-0.024875952557907803,1.6426315539837126,1.6613798659303063
13216,0.2693319106302626,-1.6710362805925798,-0.02746844801795757,1.650143737977029,1.6841117564693135
13217,0.26730151290844084,-1.6570208649187577,-0.02541741838976748,1.6657760335960485,1.6926066312173438
13218,0.29216991239180456,-1.6979985923040513,-0.022688756610933877,1.6379372906549667,1.6577169192634202
13219,0.26621528582271353,-1.67164667254924,-0.026253603491534522,1.642126312109267,1.674500697731027
13220,0.27866302284869426,-1.6855459258469088,-0.02533182569765278,1.6420251170218518,1.6679989943736282
13221,0.2805694666687319,-1.6986384753028523,-0.028475048228965665,1.6194509500703473,1.6492898971330163
13222,0.27980182447572965,-1.685639083019265,-0.03022305000800516,1.6325882013106863,1.6596758139239747
13223,0.26061332208141713,-1.6736150317796479,-0.01828259843933898,1.6359688658037874,1.665572141176975
13224,0.2800406284422944,-1.7055343014562725,-0.022182100122716073,1.6132887301938263,1.6419973846506586
13225,0.24439434872845836,-1.658687077596489,-0.022680391256641848,1.6443530404710112,1.6826069574286584
13226,0.27737148461329164,-1.7086783294046373,-0.02177854420872983,1.6075015341476253,1.6347276471757015
13227,0.2916944282549331,-1.7250008860422517,-0.024505339524370392,1.5970425221517812,1.6204101409619858
13228,0.2640343307001933,-1.6943387190695467,-0.02262128380748594,1.6220123423906088,1.6572164210048732
13229,0.2948116988224123,-1.7319072304796246,-0.02430910425221009,1.597096473079548,1.619893066326229
13230,0.2832932796152756,-1.7056781703864847,-0.021181290386575534,1.6178048100250288,1.6426744696836182
13231,0.2842611973478458,-1.708779045879395,-0.033915952248728946,1.6043005573131168,1.6367287315965398
13232,0.27768599704231217,-1.7094468958119187,-0.016628306469997297,1.6097444809983175,1.634435004516544
13233,0.2631082196547117,-1.6903955599538643,-0.018544386979919406,1.6211884136351764,1.652119033270952
13234,0.28037179673563134,-1.698497558246877,-0.02807769357519591,1.6212230988415541,1.649271741179308
13235,0.2987442171096957,-1.7281581368560397,-0.022418987871393244,1.5927339537379428,1.616742708557842
13236,0.28199494268138875,-1.7086590588380428,-0.02749362373297137,1.6046878411963421,1.6345377590454773
13237,0.27968846950950954,-1.7032772516688668,-0.02672857837895668,1.6147455789107854,1.6422961135553862
13238,0.2807226820231882,-1.6905679497292514,-0.03222892070885658,1.6215318611515117,1.6500900286215616
13239,0.28237023049987914,-1.7219029975074127,-0.018326701086656516,1.5939138401325912,1.6226319855093216
13240,0.2827039620976841,-1.7114013314470418,-0.021142372447251572,1.6028920121888428,1.6295630197040534
13241,0.26585691082317775,-1.6977279041947262,-0.023549757484232603,1.605644751445002,1.6415148276847156
13242,0.2759226530113055,-1.7033521292020017,-0.021384911168115767,1.6124387347232485,1.6398708173461822
13243,0.2807277460638842,-1.7115391495234302,-0.021723588647406807,1.6035605178597958,1.6328174065876726
13244,0.30006931664818404,-1.7270369014631122,-0.026665956818728666,1.6008398367603132,1.6235995825158265
13245,0.28301129632299493,-1.7133649330522118,-0.020754128231170454,1.601948283230267,1.6316495221858789
13246,0.2855921007336184,-1.709178101539929,-0.02705896296302177,1.602824963212578,1.6318009574301247
13247,0.2882237359077207,-1.7071263673388362,-0.02895681956400388,1.5994233037931134,1.6275458579126474
13248,0.2663211451357091,-1.6893952205889662,-0.015698031427028636,1.6128203731182025,1.6405512464826835
13249,0.28454373122596566,-1.7029141377979882,-0.032966866216917884,1.6005598321875831,1.6307886725671967
13250,0.29937968688272987,-1.7379998117793887,-0.0359931259192935,1.5695364647157521,1.6017406317844083
13251,0.3002409446925434,-1.750610761073834,-0.01778233541649448,1.5666915312982501,1.59015390462127
13252,0.2885587682136777,-1.7129462634444101,-0.030490128168561722,1.6061758401680393,1.6342758061971654
13253,0.30546036275450983,-1.7438700960936724,-0.030806934808258843,1.5794405047280806,1.6088923902199908
13254,0.26164974728218304,-1.6978231799316632,-0.0033778003006762728,1.6152959446975135,1.6414426568879352
13255,0.26680937889889933,-1.6921981587334805,-0.023861186835428233,1.6072540179590518,1.6411599973825948
13256,0.29034926144885737,-1.7231343738595104,-0.027478832978461997,1.5909463293362056,1.62240366868807
13257,0.28972045370553884,-1.714959473358821,-0.024343441291185083,1.600195859830214,1.6256544796704466
13258,0.2680179723999729,-1.6756384016526176,-0.02428896032303661,1.6341981968909363,1.6639849733987746
13259,0.2880949224937685,-1.709503617939294,-0.027131733074367063,1.6046206844869655,1.634008592041005
13260,0.29833726987894726,-1.707352907207969,-0.03355123940205125,1.6070853144255528,1.6358844978259568
13261,0.3227809929165265,-1.6773186827492013,-0.03950337412946656,1.6466905812363732,1.6478671582928097
13262,0.36572384041763095,-1.8501300862129608,-0.04597185404003381,1.4085516857589775,1.4222337439331663
13263,0.279686911243091,-1.827279543653006,0.004294067433659584,1.4552866503653115,1.487524317520047
13264,0.4968400378631088,-1.3282800661733642,-0.23606387919375013,2.0168812510868026,1.8758989366639347
13265,0.7004335753401019,-1.7135134414986102,-0.15637199331626525,1.3008374961670517,1.2053208741527932
13266,0.7185628182938312,-2.0336362551154163,-0.21607546161763103,0.8671273395256033,0.9434865421398275
13267,0.6280994194103363,-2.0329296016007654,-0.10242072112510925,0.9414109918032283,1.017213940298722
13268,0.6528365710782954,-2.069325410422594,-0.09465643343983964,0.9343910429994762,0.9993057050688366
13269,1.0278068837114416,-1.8028954777984743,-0.4026501612143896,0.9897355899066954,0.9789434155823542
13270,0.6436272542101779,-1.8474788466713317,-0.16741149993241095,1.4852032630701084,1.4965426214508677
13271,0.6015458360151031,-1.7299968866508428,-0.17106233703485269,1.603235462791473,1.6041684962052
13272,0.6464110198248328,-1.8903313980802965,-0.16061071835812535,1.4573685622158639,1.4773470701466445
13273,0.6129207909923355,-1.8274548483724433,-0.10716353112853123,1.5430348690856173,1.5316982558973515
13274,0.5921304761282464,-1.616276447218004,-0.15076001506378234,1.7420153194552197,1.694460736967406
13275,0.5916058816931076,-1.6837883433133327,-0.1783085877384193,1.6523471911987353,1.6452109737851779
13276,0.5642296278116226,-1.6492591153705527,-0.15468457440048097,1.6846273209109088,1.6747304643909786
13277,0.564610102785381,-1.7330245339983608,-0.1640912371451545,1.5972509492443812,1.6222185522546924
13278,0.5565989521481294,-1.7524551639673067,-0.13228618832076308,1.589209458045346,1.613277523685413
13279,0.5410970715552824,-1.7238461585199065,-0.12050743811925771,1.619453892504202,1.6321554418005473
13280,0.5473480548663022,-1.737587764633082,-0.126454970363994,1.613020579681547,1.6297623336766534
13281,0.5381166264654255,-1.677510848495685,-0.13611341913043065,1.6763969608665874,1.6827283824145538
13282,0.5489145759929226,-1.7494416335203242,-0.12230407807193312,1.6050850290332013,1.6234295367489355
13283,0.5347233991602472,-1.7206737132911052,-0.11870384870831978,1.6291724313242426,1.643000198862504
13284,0.5441096091625742,-1.7294321860855033,-0.12126825510400224,1.6221818853672842,1.6332686952301831
13285,0.5383879746015692,-1.7396316563899004,-0.12383558195147297,1.6043704127624918,1.6269948112798154
13286,0.5297364859421437,-1.6988575756071758,-0.12441602390696706,1.6425670096436231,1.6549776343319613
13287,0.5219895447990838,-1.7046730946653932,-0.11260123140397751,1.6496768842608183,1.66304354692418
13288,0.5502869465702065,-1.7632130321524107,-0.12635231609241843,1.5938576012755965,1.6100937864588516
13289,0.5278113571793845,-1.7031604738344392,-0.12047816499276343,1.6606331891663946,1.6670032446260459
13290,0.5382311025263659,-1.7137509584521449,-0.12619488228482095,1.6417495613667168,1.6540709004534055
13291,0.5243334158716179,-1.7008261098273587,-0.12054788730983797,1.6573205145722323,1.6681612688936214
13292,0.5264043322784693,-1.7093169223559281,-0.11683710873419212,1.6478318455071386,1.6526225723315302
13293,0.5155039158462583,-1.7221940944320049,-0.11138302230560364,1.6270671706929087,1.6428216531516397
13294,0.5115712914299542,-1.68574823433895,-0.12342778092719735,1.670224660534897,1.6863462737149366
13295,0.5261156768929397,-1.699856234740784,-0.12194009580813117,1.6545743151840795,1.6580390892702332
13296,0.5112682886089729,-1.6890504848601584,-0.11679353188477282,1.6587218877248542,1.6766341826732936
13297,0.513796897072727,-1.7015580770216572,-0.11299676723346627,1.6528125127291045,1.6637463072540155
13298,0.5342826849391301,-1.7124916976071747,-0.12780099730131603,1.6379874850161187,1.6482643534004955
13299,0.5064030732627374,-1.707667319788952,-0.10583506181325207,1.6436377547300915,1.6578976337125229
13300,0.51035191633631,-1.6896946149067387,-0.12112472100290603,1.6531083739834862,1.6750817827428817
13301,0.4963825452329898,-1.6515450214000273,-0.11087000549874981,1.6956760387571155,1.7059716964881542
13302,0.5003674435329543,-1.6564161960823054,-0.13908960891372674,1.6786520241072607,1.702845711590162
13303,0.5277200279037753,-1.5977088301944034,-0.10700850335496769,1.7721495857130378,1.7369395796566724
13304,0.3761010510455179,-1.627656396258319,-0.0823366181125727,1.6614911643250145,1.579125544361126
13305,0.22332361565787787,-1.522684627904513,-0.06895912479076864,1.6637709731360215,1.6616321465528547
13306,0.22423882791332123,-1.5844386290686894,0.009824394335691024,1.6816621141313348,1.639337891393441
13307,0.608498249655863,-1.4620885871141407,-0.25796348956524134,1.522605678832406,1.470215018020817
13308,0.7441077350225522,-1.66123198485443,-0.2846766683131357,1.673479357232451,1.6233555708518874
13309,0.8482130729206465,-1.4675825382895868,-0.35050082684166045,1.636357797568821,1.5169057751679822
13310,0.5632874828109623,-1.813976566322279,-0.13723043191028958,1.3225089607912077,1.327960550296911
13311,0.682936067841233,-1.8678450005266711,-0.16250720910019564,1.2643661672031097,1.274175591330384
13312,0.5362473526820892,-1.9645598597393459,-0.06986743795859884,1.1468448671118399,1.177259003804871
13313,0.9576013871825755,-1.8527113321940387,-0.4854180355252225,0.5153380119648453,0.7232702132357065
13314,0.6062410414609415,-1.7279245064147946,-0.08467733727799899,1.3473847488728614,1.2852550195197932
13315,0.5769848963083213,-2.0045320956988637,-0.0678743993030746,0.9709902970560979,1.0323493709625402
13316,0.531160456452124,-1.9522083308897038,-0.09047769704598796,1.0429743409072454,1.1124214998748845
13317,0.5864777701592938,-1.9779469002610621,-0.10356472223814832,1.0192052079426464,1.0825266157683964
13318,0.5529664255696496,-2.003863680727253,-0.07810319669028279,0.9751880795497215,1.0463495944553856
13319,0.5474198661214157,-1.9221699211886396,-0.08266523972638957,1.0616298199825165,1.1135791960197068
13320,-1.2012205088057895,1.9892728874515009,0.4652903019460818,-0.6263538397633315,1.2536462916251399
13321,-1.1089149172534638,2.0162188385449613,0.3318717913064784,-0.30316616099516835,1.346214074907913
13322,-0.1399830244368809,1.1429383385816088,-0.18439501992834553,0.25915320219713306,1.2354666114092236
13323,-1.285074713790085,2.078734348528482,0.5124633201054607,-0.5896997150333603,1.3404827315438002
13324,-1.2804932433429794,2.0726691589338473,0.4936197421355761,-0.5673317047115797,1.3318353575114756
13325,-1.2518212272135294,1.9520310428106946,0.4976872644396821,-0.6135896711301998,1.267143629657153
13326,-0.5125296519973215,0.6890784918477657,0.21021080267517664,-0.43716711094260513,0.8171395502829881
13327,-0.806046231540644,1.4586300964186532,0.33186293762771774,-0.6473450025358022,1.041635016643776
13328,-1.1074540330918805,1.7414888185198019,0.4659117565382854,-0.7871568219212056,1.06165611734492
13329,-1.0651276925701403,1.5699827045216612,0.45879569262385245,-0.7999872708403192,0.9949586312786538
13330,-1.0526697244420296,1.4917398120386338,0.4641262415689445,-0.7855517212568052,0.9777699612488878
13331,-1.127506528997955,1.7227704156678159,0.4721416726534142,-0.7748094813265342,1.0703948876565612
13332,-1.1246850580917969,1.7011396821253084,0.4804280901907649,-0.7928400742442426,1.0557693529564567
13333,-1.1410747366107379,1.7101270569400706,0.49261243950457245,-0.7721297971651759,1.067747644932235
13334,-1.110548165591792,1.6598888566093608,0.4706698529894181,-0.7721330883711949,1.0436052937433746
13335,-1.132787486530157,1.7638602661261258,0.47794941229802324,-0.7870471957088748,1.0777923962226237
13336,-1.1539450753305989,1.7607069605844767,0.49247087228052244,-0.8004256989487878,1.0705877057795996
13337,-1.2488684318904275,1.8305991111848585,0.5295677217498994,-0.7354580571383862,1.1650565772654102
13338,-1.2092787169414512,1.738864731719592,0.522256004526656,-0.7489480046260168,1.1092008770634498
13339,-1.2114734028074585,1.684459381550287,0.5262777698713399,-0.7678111734319439,1.0941492444799386
13340,-1.2195687025702124,1.7385560511679945,0.5241847534153389,-0.756063407787066,1.1137955311715269
13341,-1.226849129104183,1.7223670280062238,0.5455711915804254,-0.7846525266391668,1.1028458998412565
13342,-1.2301669970684208,1.7832442934468877,0.5223036313933733,-0.7268940414253905,1.1440578067984515
13343,-1.19867545354976,1.6973984892524234,0.5361090518622378,-0.7828272441074255,1.099586770750143
13344,-1.2351460111661454,1.7488361878501582,0.5178413885278664,-0.7242761681612223,1.1231322684505054
13345,-1.2675810125738496,1.8068445816577363,0.5499177338693763,-0.7479793756484299,1.1544936607793483
13346,-1.2363125935951749,1.7835847768418924,0.5169302927209128,-0.7176033155554823,1.1383738663620562
13347,-1.2666756187207018,1.8864237260263081,0.5396442750514218,-0.762064788698832,1.1701121598846376
13348,-1.2215114820107855,1.7757909859973464,0.5189202223409018,-0.7529406366568862,1.1184683059556186
13349,-1.208713272625302,1.8228530414903903,0.512260744886223,-0.7794639552710501,1.1188152624256011
13350,-1.2488801620493462,1.9341233348976041,0.5203991967637512,-0.7665214444640551,1.1673645764665832
13351,-1.2051943302530292,1.7505699099715686,0.5125244951106048,-0.7267529836544191,1.1241993128996415
13352,0.1054871951634969,1.0307408076138174,-0.304127145632279,0.4820738700162492,1.2016867814517591
13353,-1.2178263294426226,1.7898297390274112,0.5231933229304147,-0.7229825438317646,1.1437150891555359
13354,-0.606566917707726,1.1599880873160462,0.1712114699533324,-0.1184718060834731,1.2290396119005644
13355,-1.188582802072975,1.7866836684847194,0.5119644851344057,-0.7853589948115539,1.1143616025355003
13356,-1.052428624301293,1.5607761826858604,0.4423849676355613,-0.761507036274024,1.018411963576962
13357,-1.2199058944306564,1.9068726113525036,0.5028350756721173,-0.7504940743472872,1.1704057623857498
13358,-1.1786138485106303,1.8199075829115974,0.5003028521039611,-0.7966800430166051,1.1177330705249264
13359,-1.1589588872213732,1.7523960026864007,0.49485132877478594,-0.8054515211185634,1.0875317180375441
13360,-1.174951999036106,1.7957297786283715,0.49413224069219613,-0.7844601018439036,1.108194538225435
13361,-1.1842734883171528,1.8177969138373196,0.5031658817273742,-0.8007476259438006,1.1143715853722203
13362,-1.2137534529548268,1.9367145387337454,0.5056835574557405,-0.7765860651630335,1.1731198260563798
13363,-1.1887329657731462,1.8102617661482496,0.5015428685511595,-0.7947575586993838,1.11224662377586
13364,-1.181249726260381,1.8246855440341359,0.4985834378100331,-0.7790008604706375,1.1163148836051913
13365,-1.1759830869803607,1.8160626536504327,0.49760345633597614,-0.7954784149294433,1.1169960134246502
13366,-1.2579180231560056,2.0357991611712856,0.5164085864650503,-0.7552011152187618,1.2167933780005604
13367,-1.1616344186245278,1.7436378215282398,0.5008285760674185,-0.8133393507927758,1.0755342627374467
13368,-1.2084206505109356,1.8769163264971072,0.5252534169524615,-0.8243803525565178,1.1358539357676514
13369,-1.209877584653336,1.9002621325038993,0.5108189357415317,-0.7871011415932211,1.146878218612862
13370,-1.1967686945104556,1.8687376175633403,0.5002918999405835,-0.7848269253058031,1.1332647627803594
13371,-1.2875830459514415,2.1106019776855116,0.5114334883780665,-0.7119165742228144,1.2471750126968444
13372,-1.1813525885980112,1.8118952391505714,0.5005358461721666,-0.8006606998611474,1.108504100511036
13373,-1.231985819903844,1.9416273232264978,0.5205807205126105,-0.7867067056020732,1.1675520508873605
13374,-1.2039615926360439,1.8551100444874131,0.5168990889916654,-0.8154764702457782,1.1256517323247033
13375,-1.1936072393605304,1.8244971289898415,0.5073962085333458,-0.7919058488998678,1.1170373496522343
13376,-1.0946037138343012,1.5389693629449555,0.4822923375074706,-0.7988764163549781,0.9773255521888587
13377,-1.282827994927067,1.8659994712581898,0.5509216425352184,-0.7590784500043366,1.1666058996962718
13378,-1.2327762757452114,1.7312726023480058,0.5420171052530837,-0.7880116060950134,1.096404190953282
13379,-1.248477512746554,1.7867414015537966,0.5441435847467524,-0.7711652060344872,1.123784428997232
13380,-1.234797354078094,1.7359131133598262,0.5408999721096024,-0.78338505485847,1.10546011079717
13381,-1.1869791854070275,1.6198634063097062,0.5285978968739959,-0.8119331749066733,1.0461666359870567
13382,-1.1942903387479722,1.6563893682882591,0.5324859458872782,-0.8106327664023015,1.0611322196643926
13383,-1.231916767526242,1.7301587488024306,0.5427788281119178,-0.8068242022265492,1.0949737701671627
13384,-1.2058120406649069,1.6652885126808932,0.5340167874698316,-0.807156036106381,1.0652272347498883
13385,-1.1988431587135975,1.6503516367852122,0.5241585149372725,-0.7884898952558992,1.0614435407135268
13386,-1.2203482028815573,1.686031136249252,0.5364476432425365,-0.7952966435539676,1.0772706994512555
13387,-1.1890776163602619,1.6023269554501551,0.5333210721665261,-0.8063021824124778,1.0338393467917089
13388,-1.1807648550125598,1.5697053207492448,0.536622184623771,-0.8187020895268506,1.023455121931013
13389,-1.1865987455632245,1.5899772968990378,0.5330185998485457,-0.8228785015101321,1.031083801074269
13390,-1.220189443837741,1.6808553872444965,0.5382728748451816,-0.801300000302222,1.0715663990471032
13391,-1.216261130995174,1.6940950618931456,0.5370158827603726,-0.8101984735154205,1.0759902251851916
13392,-1.2105187921468372,1.6777279147202935,0.5379936310194594,-0.8063338259569416,1.066230105026549
13393,-1.1931436860505034,1.594447150778966,0.5274392271293111,-0.8031257683561899,1.0337095710667146
13394,-1.1675233958852413,1.538051002893332,0.537113381954165,-0.8438057289256848,1.0003840807456439
13395,-1.1675011034779295,1.5291236642506856,0.5313084696846205,-0.8425112819417298,0.9938861113679963
13396,-1.2281152153274975,1.6967321413319543,0.544879484780218,-0.7952378512508018,1.0813110079569666
13397,-1.1652287795345189,1.5667393686365645,0.5185277608154958,-0.8181382606770532,1.0125757791658836
13398,-1.2083084360744647,1.6400827411212353,0.5433846907528143,-0.8125410852690461,1.0523183618937906
13399,-1.1485074748569835,1.48679461122885,0.5269438997301078,-0.8371176810496808,0.9859361762578482
13400,-1.1307362548775974,1.4557456534304096,0.5125718379304605,-0.8252703985075104,0.9584140443491096
13401,-1.1618751220576184,1.532008755727403,0.5289854189212335,-0.8370387357866432,0.9962982236570629
13402,-1.0525683854740657,1.3110050427507591,0.49770867631855525,-0.8793493195905626,0.8785998459164136
13403,-0.9214817614140721,1.1993228174034727,0.45196623567051786,-0.7503929221208464,0.8856441285803449
13404,0.44701419173598744,0.2169060797966023,-0.4027679191128155,0.2243828614028589,0.8657259120801594
13405,-0.9662093612244076,1.4332869865909406,0.4202205815460449,-0.8377864288761155,0.9103817553536885
13406,-0.9809179282493173,1.510131122709434,0.4178376027047864,-0.8092279978246224,0.9557766403141512
13407,-0.8916228726547585,1.351151105578119,0.3876549660869907,-0.8008165586083629,0.8834749059234916
13408,-0.960540043194826,1.5354725191930416,0.39810220193081697,-0.776774040902195,0.9667061044882533
13409,-0.926119327262286,1.3987414382418517,0.403210249274228,-0.8124362641974795,0.899415516423819
13410,-0.9853823308436536,1.5841365410778687,0.40639974533525947,-0.779889334983072,0.9795690348302534
13411,-0.9162098298371911,1.3570570214949367,0.40436169053270365,-0.8215443864796893,0.8865889350783236
13412,-0.8816608248421742,1.3288292676150462,0.39119349783149393,-0.840172252975598,0.8540429420436876
13413,-0.9179645292452998,1.43885108947026,0.3932727198628179,-0.824075428346062,0.9011556109775273
13414,-0.9353384934732752,1.4556697474900209,0.40829288927040513,-0.8300246683503631,0.9107566188908884
13415,-0.9163357637557535,1.4347941091228102,0.3960089641205592,-0.8290724098563373,0.8967050374465735
13416,-0.8941818224930869,1.3943738195101116,0.39063426138165447,-0.8465662723919838,0.8649087257125849
13417,-0.9018261746580385,1.4155672988185617,0.40103403201287197,-0.8664314230711742,0.8746196511207978
13418,-0.9213775376660157,1.4928782270697538,0.38748798444356186,-0.8135625595065396,0.9155878737281407
13419,-0.8886661924836564,1.4199882523826508,0.3842372848756326,-0.8487525177802726,0.8747384953612289
13420,-0.9081905340381153,1.4371447732182443,0.3942772494263925,-0.8349088619882012,0.8998837807449318
13421,-0.8885193799855359,1.3989337760797163,0.3926170804955319,-0.8475380466211745,0.8751815020398187
13422,-0.9211233847243369,1.4839035269026473,0.3856116143532256,-0.8102225750294366,0.9161818748573693
13423,-0.8547009008400975,1.3203150184446653,0.3815019263651038,-0.8605175017896023,0.8336798134562329
13424,-0.8656903660408936,1.3424719468578705,0.3846432310918092,-0.8660287381145582,0.84210797578199
13425,-0.9264436100309118,1.5305051919522594,0.3830782319845986,-0.7955440864059532,0.9272481262426758
13426,-0.9212513614887506,1.5051857755564695,0.3862170817496331,-0.813760583075163,0.9247648184373584
13427,-0.9120470272416507,1.476648896626522,0.38860658246042384,-0.8090943532695706,0.9126315596457395
13428,-0.8705057938084122,1.346216910818073,0.384826386401406,-0.858035093322551,0.8447638287622355
13429,-0.889474787344512,1.345422475101759,0.3956296690295684,-0.8350984527936663,0.858032067830442
13430,-0.838579201634689,1.2420062248430086,0.38011402622306206,-0.8693120177413183,0.8031751703713398
13431,-0.9179807308578691,1.4822017617274665,0.38546450595607384,-0.7921399018404854,0.9188438652711859
13432,-0.9159020144936343,1.430712131849959,0.40276796294858874,-0.8353857072024882,0.9022056130535271
13433,-0.9064912540260591,1.411243024595882,0.3945753571241579,-0.83819413414872,0.8838739369924914
13434,-0.9020052404533936,1.364280872097337,0.3941756071575743,-0.8268675007034596,0.8733207021342005
13435,-0.8969224426393136,1.3966450232588372,0.3930302768850066,-0.8355827614368502,0.8863833600805933
13436,-0.9318863266650728,1.476270749635573,0.4031861037398455,-0.8107143436880649,0.9203111492456866
13437,-0.8941869307204526,1.353007451698833,0.401327556909846,-0.8481653020176486,0.8639521182365787
13438,-0.889855270558839,1.365384750860117,0.38333883655114653,-0.8203048822373628,0.8701320397404159
13439,-0.9134691914994076,1.3909476343588403,0.3996189622264073,-0.82744534129449,0.885988154711857
13440,-0.9311863450714841,1.4110639246042083,0.4049876576557526,-0.8260688372295053,0.901210273856818
13441,-0.9158950155779614,1.3979408954254922,0.3969166921295733,-0.8181288914240531,0.8914061818348618
13442,-0.9540314031400272,1.4861003732349183,0.41522630581160114,-0.8226646304876067,0.9286900796839122
13443,-0.9204818089247429,1.3869023966298701,0.4072969572291074,-0.833194961308945,0.882740033585324
13444,-0.9660542864115731,1.509095162189326,0.4141723424157741,-0.8106773124559404,0.9479586055709824
13445,-0.9429029108790963,1.4743661036993572,0.4101400260538573,-0.8163888075270177,0.9264726012344741
13446,-0.9252522974062419,1.4099667789642305,0.4088471587438796,-0.8433236783127868,0.8944042325071141
13447,-0.9779304165252704,1.53656656918495,0.4194634739747264,-0.8029171363662667,0.9567481469896169
13448,-0.9170167801682335,1.3980801541968626,0.4031865370544362,-0.8395918069197154,0.8815191592039621
13449,-0.9521016981670907,1.4727439646197353,0.4091223824188451,-0.8078616217230601,0.926966136467484
13450,-0.8916328767103721,1.309401165769551,0.4057086262379488,-0.8607876020490697,0.8459294274795561
13451,-0.9019574291544362,1.3896496372352534,0.4021496512113639,-0.8618079441905856,0.8719680386646212
13452,-0.917406287026792,1.3911417093750753,0.4116494990218671,-0.8492269197315839,0.8761519223938307
13453,-0.8762337562052614,1.3384109697945674,0.3835027630763453,-0.8465920608081837,0.844717817537703
13454,-0.8980143001102158,1.3308423194791605,0.41077894775152285,-0.8661924649916919,0.8512803255213358
13455,-0.9079691315661635,1.3822769289328216,0.40202110686397585,-0.8640297727230011,0.8642383498592021
13456,-0.812990812358811,1.1770829874007305,0.3858525941112684,-0.9013379376052781,0.7641048747370565
13457,-0.6025875267321305,1.0971266963658952,0.2062100063610359,-0.6173970232299779,0.8007542594841166
13458,-0.8251257684129807,1.2177946287209085,0.37706786597996816,-0.8699406535829434,0.7821171510777576
13459,-0.8642102240933933,1.3077657575845072,0.37498754844295834,-0.8161601699285279,0.8436385910182923
13460,-0.8030810633867688,1.1309986564967165,0.3715498272528299,-0.8702344929385696,0.7532225317507387
13461,-0.7710496608302292,1.0983904736918502,0.33745842547499777,-0.7314671969865406,0.810104776933585
13462,-1.1386691459766625,1.381985650763203,0.5132474698164519,-0.7979192387245682,0.9406380413781672
13463,-1.159548046117007,1.4269978284295282,0.5222146839829148,-0.7683771657495145,0.9805022975109491
13464,-1.123231659745517,1.3402039699194144,0.5120922126268576,-0.7985526956297703,0.9276143666151617
13465,-1.1360489902056925,1.3778226026763385,0.5018429755665503,-0.760121395207265,0.9515006245666077
13466,-1.1022282765058193,1.2662457142611845,0.5147506700930338,-0.8116475504597824,0.9038116574578824
13467,-1.0915302635207162,1.2556346570579693,0.5062040636210873,-0.8063651392548957,0.893519332313535
13468,-1.135292726809893,1.373581413435227,0.5147007472369597,-0.7804523439113623,0.9579092733185978
13469,-1.1265777492841742,1.3209100803406828,0.5136600435158759,-0.7735140234972062,0.9361047465529524
13470,-1.0998805713737119,1.2702515198245057,0.5101593348895664,-0.8049364161819068,0.904464041870621
13471,-1.154846046865281,1.4380759468389754,0.5071964610267594,-0.7343204876948637,0.9895954868580715
13472,-1.11482456467552,1.3110678909770748,0.5027408540233957,-0.7655919779904498,0.9308200422444395
13473,-1.1652682044244183,1.4535941474992145,0.51633584624689,-0.7551140669383862,1.000539398477691
13474,-1.1062808856972732,1.2817185898404808,0.5086974745449359,-0.7979264022683027,0.9159480363677329
13475,-1.1518588085500785,1.4057337571338635,0.5164890425966265,-0.7590139191417846,0.9723649075277454
13476,-1.085706488006587,1.302320649630816,0.4835900484058316,-0.7329118134999874,0.9466076188725383
13477,-1.1007002420564174,1.2718149297774775,0.5099200163559127,-0.7991888266889617,0.912182624984067
13478,-1.149831298304435,1.3934722742262535,0.52224741340602,-0.7522233522095689,0.9767256991453486
13479,-1.2031166226873424,1.517003438995191,0.5252869732317247,-0.712815046429622,1.0451425681843678
13480,-1.1697444486455826,1.3994299626161963,0.5266293565711261,-0.7557491600171701,0.9896913875984162
13481,-0.7374509375975545,1.3187793490034303,0.21279280708487427,-0.30870105180261714,1.0873882374081065
13482,-1.0011082007106589,1.5396445210170522,0.42390990159360836,-0.7711267412966387,0.971068557935209
13483,-1.061272690099225,1.6649572351864914,0.4447091796830798,-0.7430173137095758,1.04753318371682
13484,-0.9801827386017977,1.4829324645817457,0.4078073854706974,-0.7698503533427974,0.9543331260457398
13485,-1.006446707980493,1.4858759051556205,0.44197372096096066,-0.8041307079120915,0.9535342652638301
13486,-0.9857229970683675,1.4805477721337952,0.42201425560934724,-0.796069230632648,0.9376696351798192
13487,-0.9272741753693291,1.3033645333036554,0.42361106394397813,-0.8511899888657604,0.8496395606573666
13488,-0.8262286089957066,1.0798976065849375,0.40662398478498835,-0.9194082494451743,0.7293443364625934
13489,-0.8078581766435697,1.0048270278162206,0.40336739285245615,-0.9445318787768967,0.6891896457198275
13490,-0.9019214356677503,1.2265782669115668,0.42179577529182977,-0.8956724504921505,0.8028982461246801
13491,-0.8896733461150382,1.179075731229228,0.42720017522734544,-0.9087687706375625,0.7773566660573816
13492,-0.9648478799759462,1.391421867461182,0.426503694001551,-0.8137654854928222,0.8950318473934676
13493,-1.0761401585457087,1.6495884245141772,0.44870975044131617,-0.7573745409579048,1.0267567232425212
13494,-0.9514921186892218,1.3391629122499458,0.41143990490038673,-0.8027588481677892,0.8677375055120438
13495,-1.029621781545397,1.5122402755871995,0.44331517293532285,-0.8047751976236774,0.9689725711032733
13496,-0.7510217192361053,0.8574477944426784,0.3510062218856677,-0.9153356214218529,0.6526032220797476
13497,-0.9042563010238017,1.2341945540120416,0.450014962311588,-0.8472065273485281,0.804464137519468
13498,-0.9194462253637476,1.2206720049578368,0.4361013317893236,-0.8841780246229445,0.8131463309344032
13499,-1.0426522284919,1.5484416125258533,0.4363046141925323,-0.7635323698573108,0.9803994678655412
13500,-1.0039650706532135,1.5194590408369455,0.4131985854157934,-0.7510060916984711,0.9722967729385802
13501,-0.9638518259670071,1.467977358777957,0.4212670276225172,-0.8259373881095785,0.9311754114348008
13502,-1.0031433822775593,1.5753146798195072,0.4192700930965468,-0.7737051602699687,0.9931282248697128
13503,-1.0003623548226728,1.522836002517078,0.42254478273845514,-0.7822547395235148,0.9640730932804299
13504,-0.9867779530790681,1.5236606098418466,0.4065329578516178,-0.7476381625057812,0.9646470184457356
13505,-0.931701666969984,1.3642210705286728,0.41688191395550145,-0.8427043702226641,0.8776034413075926
13506,-0.8923648933887824,1.3248467810038442,0.39706062651733653,-0.8315606551069326,0.847081077863617
13507,-0.7367730948547786,0.891123572664676,0.3803889605252645,-0.9654074534326085,0.6314351608839255
13508,0.2998223595457062,0.23024499397656537,-0.24111416308765624,0.3721564023887293,0.9144171236205585
13509,-0.5800497399844574,0.4886686820042006,0.311952618297119,-0.5823876976853617,0.7282855685868173
13510,-1.0562030395091673,1.1879349471451992,0.48897053347555447,-0.8070403592349756,0.8817864022234877
13511,-1.0843241702667288,1.288009117643487,0.4955373643943372,-0.7299550774072914,0.968984951598503
13512,-1.0445823914989827,1.2008631560113239,0.4780752969285281,-0.8236505145179892,0.8829607207308322
13513,-1.0737350262546987,1.2973637930646869,0.4889852127301264,-0.7823140719013921,0.9406930039187585
13514,-1.1972583686811262,1.6009260933711447,0.52347287631819,-0.7417281060838212,1.076695345683337
13515,-1.161658229567756,1.4912634395488844,0.5103191054849091,-0.7563818337657124,1.0231691515086552
13516,-1.0608530855300504,1.3715241437543626,0.4693183279145101,-0.7032172587102452,1.0038836090161043
13517,-1.2687743887734153,1.6210553810986696,0.5549629913438278,-0.697391714098746,1.1357362478384538
13518,-1.2155312912470906,1.574492442891205,0.5199753690624306,-0.6870121786645426,1.0956768138578963
13519,-1.2020730808795521,1.511396395061823,0.5350383316467959,-0.7542761589051663,1.0544845901664757
13520,-1.2331732766516779,1.5855769650884803,0.5388523079478865,-0.7229209742011156,1.084490165024693
13521,-1.202440864789333,1.5027620092302334,0.5353305055033218,-0.7503801131137486,1.0478934756327212
13522,-1.180270524988354,1.4846832233033231,0.5208711694654964,-0.7362495991989657,1.0377217618007872
13523,-1.2158195103254852,1.5251881046717413,0.54836969544389,-0.7625021085141346,1.0557672827010294
13524,-1.1909251960088383,1.4754226061871483,0.5315375727689741,-0.7532031361354128,1.0375418110309078
13525,-1.2155110984997954,1.5628875098223702,0.5434941042395399,-0.7540778382179679,1.0709621326282905
13526,-1.1648165189923863,1.4146721090707257,0.524892384847558,-0.765821991659222,1.0085075265099763
13527,-1.1806304429445769,1.4608436505501192,0.5439611306677646,-0.7793785478632105,1.0225920088698397
13528,-1.175150591438382,1.4202406928841582,0.5424976710563294,-0.792427934204976,1.0037268065952605
13529,-1.227341994323746,1.5541330994209994,0.5577582723809544,-0.7776243409182879,1.069788349710818
13530,-1.2271181502408004,1.5682806989557343,0.5462704931047773,-0.7459476853639254,1.0820782806119376
13531,-1.180875689716413,1.4383087833982529,0.5435637964817149,-0.7784889642003432,1.013552255059243
13532,-1.1757590481355196,1.4122269794832438,0.5370444105459132,-0.7772300142988763,1.0027699064987632
13533,-1.1870039141210353,1.4441861544666053,0.5444521203942609,-0.7636161071150059,1.0221744822805465
13534,-1.200240837982518,1.4823805247768689,0.5501162302625292,-0.7788981162746177,1.038651441899359
13535,-1.2074524016700463,1.5230707616012893,0.5374820452708057,-0.732654268185581,1.061429143145476
13536,-1.1974123704968718,1.4857398705700244,0.5470316612165796,-0.773630770993433,1.0369069595123601
13537,-1.185544064854085,1.458797163237499,0.5302920185065525,-0.7563372131733667,1.0328552311229435
13538,-1.2049422171705593,1.4789946108508103,0.5483404905523013,-0.7600755933756499,1.0345452020926522
13539,-1.2217383018896806,1.5391536805603176,0.5427614261655488,-0.7386297854052393,1.0719973470771949
13540,-1.1703896425427303,1.3697685393956016,0.5359500706104771,-0.7939104695088881,0.9875811309380224
13541,-1.215112595223913,1.5379833261391953,0.540561820390081,-0.7494535416563852,1.0678817723032343
13542,-1.1745156433243942,1.3807547441733203,0.5327357536741364,-0.7686794072156984,0.9999788494437127
13543,-1.1966046394592065,1.4440284184235637,0.542393320124571,-0.7757205702548471,1.028689723283024
13544,-1.2062401562217786,1.4754764698042777,0.5431063837444471,-0.7432797082958237,1.0459180656600875
13545,-1.2334322328416814,1.5430434363945813,0.5548289684424735,-0.7580156586374762,1.0737399006516626
13546,-1.182141092620956,1.4048169965876987,0.5378539792706837,-0.7787485657069678,1.0000112876089629
13547,-1.1600507479858602,1.35973229278487,0.5246594447132261,-0.7466017562483721,0.9964492279928424
13548,-1.2028891240685384,1.484484844575958,0.5348605261417176,-0.7466361671660152,1.0531256248955285
13549,-1.2019233289149596,1.4801530353255186,0.5229300197935988,-0.6945272168291041,1.054941614637955
13550,-1.19425110465616,1.4705437381935897,0.5247725422055686,-0.6744461093659153,1.0528219190905765
13551,-1.1625735435118185,1.3498069334766778,0.5328690210620466,-0.7405737417148176,1.0013855437250283
13552,-1.1625809930860274,1.3428945582669798,0.5403269117750306,-0.7541070707048368,0.983852630121659
13553,-1.19262634211817,1.4481992975576041,0.5329477986571781,-0.7176096960760131,1.0424332991513858
13554,-1.1870007108858776,1.404959375279179,0.5514554031028809,-0.7529445823848665,1.0138047037854045
13555,-1.1848092551484586,1.3765707924676345,0.5512294310709217,-0.7491159661285615,1.0043658731978482
13556,-1.165476086935243,1.356740261174728,0.5367015580331725,-0.7681885186365274,0.9883167630660283
13557,-1.185898290767219,1.3884769831839974,0.5511103488138663,-0.7678350927074824,1.005114556487515
13558,-1.224859041099147,1.5243401183792988,0.5454941621246749,-0.7190109905093984,1.07127622427097
13559,-1.209706956124559,1.5001226951967965,0.554459005991721,-0.7472207597670459,1.0560036298370141
13560,-1.1730747860773916,1.350282592452569,0.5469084562707855,-0.7872426364571262,0.9875324258273548
13561,-1.164451792778762,1.3349137905923107,0.5540387977447135,-0.7816896478401754,0.9772525523886895
13562,-1.2064084172782117,1.4534446392627585,0.5479820551154438,-0.7450648412375236,1.0350310395593854
13563,-1.1690848625427308,1.3675488851473097,0.5445086118462322,-0.7663207800529316,0.99318423505727
13564,-1.201577783695858,1.4819247580064998,0.5333991058924877,-0.7311410353155989,1.0447766839341535
13565,-1.1772762984113259,1.3691000437659666,0.5544088190698431,-0.7862156385510045,0.993941835087677
13566,-0.7384350951271811,0.7855909809428365,0.3502962233823535,-0.2889401534110138,0.8973346877225544
13567,-1.0759392072008074,1.3298073023993162,0.4649536708997902,-0.8509154546904228,0.9274227403223343
13568,-1.248756768264529,1.770885340867139,0.5424913661065033,-0.7907970745835015,1.1196938681008761
13569,-1.264710430810822,1.8075864374630066,0.5453302947010406,-0.7851166266961874,1.1343461143349716
13570,-1.2273262693933449,1.7450757479067234,0.5271557957382987,-0.7580446298817581,1.1094546020910065
13571,-1.2227791485906274,1.7194304109357028,0.5325974326999691,-0.7770860605230787,1.1071814262423627
13572,-1.1822523583594113,1.632388360877395,0.5251100122507986,-0.810351992691032,1.0524988218499738
13573,0.36500893060272993,0.3754852915680929,-0.3542387426690453,1.6476851060916087,1.9650937814827605
13574,-1.1503999506750513,1.4273476247566765,0.5093008403635702,-0.7493940331053356,0.9966474913953901
13575,-1.1482502914644948,1.3286355224655617,0.4604529258969494,-0.6030354537165487,1.0104528093383032
13576,-1.2063399087151807,1.3376840483038734,0.5536571172821991,-0.7715772968937741,1.0063411076413251
13577,-1.2489598265085415,1.4402432620092376,0.5659406653702638,-0.7384876816479214,1.0487265834082986
13578,-1.1960475338817622,1.3038018755152043,0.5578735494029142,-0.7387449618735467,0.9808439406781314
13579,-1.2688684652355628,1.523539058317984,0.5795864143463898,-0.7008180159178254,1.0782826993780708
13580,-1.2928865906808822,1.599340654291944,0.5780542851927547,-0.7020123013840144,1.1158349408795343
13581,-1.2535216202393213,1.494286743970885,0.5773807157382657,-0.7532732854624725,1.0548176998577081
13582,-1.2772003540940011,1.5760235133903298,0.56976395665072,-0.7173526223481823,1.1045015981992774
13583,-1.287074755153414,1.6142734477665717,0.5708684742195991,-0.7401772023885905,1.117327701182486
13584,-1.315796062499414,1.666197666990901,0.5843011054709463,-0.7413964190888785,1.1403006065498522
13585,-1.2349141468810594,1.449898759904694,0.5646252479947578,-0.7757586503089129,1.0353240654209475
13586,-1.2843114437072864,1.6152670115868009,0.5693843459504062,-0.7188308061651362,1.118355032069541
13587,-1.3367623386401712,1.7677861794605378,0.5876886671689492,-0.738967577221203,1.174415373967515
13588,-1.2241326710992682,1.4935426825129556,0.562522202261074,-0.8002883414762803,1.0333154635959612
13589,-1.244111446084151,1.5113757462307882,0.5708216217132268,-0.7819416342605132,1.0461883976179451
13590,-1.2373237677439626,1.5186205181269443,0.552687758511062,-0.7398659591787373,1.048855287488217
13591,-1.2008769335698903,1.4291284503609254,0.5484654775358903,-0.7812104913596667,1.0003620834622702
13592,-1.2346331825566845,1.4998367301110695,0.554879034631053,-0.7615237757578172,1.032450815562578
13593,-1.199198495748203,1.4371917974006203,0.549655764950823,-0.7883990979634927,0.9999810959313183
13594,-1.1919735278868955,1.4037488790009052,0.5591674676884761,-0.7995070507493081,0.9888518674981512
13595,-1.2204747246529932,1.4845482748219596,0.5660382713565559,-0.8202487021125461,1.0169547174335924
13596,-1.2816553165709907,1.6326516137761227,0.5763770612947491,-0.7762748366935144,1.0918584288499884
13597,-1.2497284190327311,1.5559687550208097,0.5559527100959402,-0.7642834416409845,1.0613414839271424
13598,-1.207232455188842,1.4399986493057508,0.5626237741692653,-0.802414795712304,0.9968388682245757
13599,-1.2007918130045614,1.4881375175665765,0.5465350475115323,-0.7741344609813716,1.014582400612887
13600,-1.1533943924191217,1.326210680231723,0.5441030489298389,-0.8455793990659459,0.9283434841158555
13601,-1.224210252261574,1.5219736313010193,0.5586844769113165,-0.7911533861192624,1.0330120512266063
13602,-1.2584853378161702,1.6577208491248552,0.5525727150421598,-0.7560592705038742,1.0914003492781796
13603,-1.2308785265226365,1.5826590813837167,0.5469839142658051,-0.749609584147114,1.0681852792768876
13604,-1.1864075086057475,1.4363562641049041,0.543355603073711,-0.8093661074346479,0.9854421710093986
13605,-1.1765342894704232,1.438755979553734,0.536210062019899,-0.7982590609226533,0.9837405205662284
13606,-1.3280670151732903,1.8239338238153393,0.5703229397178325,-0.7398446022707702,1.1786341794204356
13607,-0.7258415273530787,0.8572938324510112,0.274292895781659,-0.44335737398421277,0.8539571266566259
13608,-0.32385945842278596,1.8058896216616855,-0.3045208681333893,0.5896270745057913,1.3994455109629116
13609,-0.9753034643276453,1.40821684238819,0.41154205927221377,-0.7570325641829274,0.9348295665947641
13610,-1.0638732916409093,1.4997583274019741,0.4505642226228054,-0.7465943976841489,0.985876467732912
13611,-1.0068108683978463,1.3483792416161473,0.43666962303038476,-0.7426641799145244,0.932886448119854
13612,-1.0146419798269153,1.426807825296272,0.4349857521991894,-0.715811060118576,0.9750509460509592
13613,-1.0421096328471462,1.4865798759348074,0.45056068714211744,-0.7326718523536633,0.9848081155786067
13614,-1.052788909469833,1.5371165173257992,0.4423158405099249,-0.7221443726408521,1.0099811158218974
13615,-0.9598428474150129,1.901877461121152,0.2637994004702754,-0.34586908545644146,1.2481288966147797
13616,-1.0954236765486212,1.6836740448313539,0.45011304805872676,-0.7193005530722372,1.0705155973095763
13617,-1.0484426589984654,1.5494792842948342,0.4457285473065037,-0.7639064040744868,1.0055861460253346
13618,-1.0363889103996164,1.5265539875609917,0.4424862645018693,-0.7609616376892575,0.9917337559346046
13619,-1.1223973025126919,1.7843278128096365,0.44583230491667464,-0.6956992754390262,1.1224115661879863
13620,-1.0649108905610112,1.6016318735495791,0.44323607919959257,-0.7266063426309121,1.0334804264253015
13621,-1.1072514027090334,1.701036292709906,0.4517276005040688,-0.7178717745237947,1.0805859136143023
13622,-1.089735990235388,1.6581415143145832,0.4492480594820204,-0.7218778098107258,1.0594599864532213
13623,-1.0828871848119495,1.614701506286215,0.4547415572734017,-0.7394349975933159,1.0397441172261215
13624,-1.0689093623821375,1.6022553667624837,0.44702459604659156,-0.7329467047220298,1.0316311127851132
13625,-1.027304012889584,1.4806908472200986,0.44149886122747983,-0.7588704356248263,0.970484886538852
13626,-1.1007007479228754,1.6692317844030384,0.46167135632638084,-0.7368532160006764,1.0624113840820297
13627,-1.1065716134271955,1.7022771341170446,0.4530226856457432,-0.7214141784723417,1.0748515016755444
13628,-1.064836986952595,1.5449068320228179,0.45402209802090965,-0.7490766412998687,1.0116068320663574
13629,-1.0143280255576816,1.4181402956540776,0.4439239640033856,-0.7833852630581317,0.9427012189100282
13630,-1.0639689539882904,1.598114519257271,0.43834583900075286,-0.7234037774835578,1.0293703226588171
13631,-0.9976764226286503,1.3709482326731963,0.44738284591285055,-0.8033833677735892,0.9206360455162766
13632,-1.0581674392343101,1.5344158469689841,0.46149875567683657,-0.7686079143018354,1.0015040443442165
13633,-1.0773529790155434,1.5935892409985095,0.4543911405062537,-0.7528624043590119,1.0292712328884481
13634,-1.046434155544339,1.4933698401419986,0.4508090156115738,-0.7701290516316271,0.9777170870100731
13635,-1.061569598014647,1.5580804215147699,0.44583581531185873,-0.7395835985870742,1.0090681247492967
13636,-1.0082795949752903,1.4140389116175818,0.44326818159241377,-0.7872403915712286,0.9417162553731689
13637,-1.0485605282260784,1.5200963468763717,0.452471282932646,-0.7679150053469922,0.9887458737348673
13638,-1.0589463740413756,1.5535913361314333,0.4415066828197832,-0.7345583094226311,1.0056386627398788
13639,-1.0146490606236203,1.424236170262845,0.4423546426338,-0.7826122196840948,0.944988926820288
13640,-1.0467213520626921,1.4884134229732688,0.4557636341144635,-0.7664878685125717,0.9713186028407431
13641,-0.9823278880097339,1.3397600301455959,0.4350197542487176,-0.8003040826171309,0.9068657633281031
13642,-1.0255236101628376,1.466794407563555,0.450240813657285,-0.7782806304524654,0.9659460370117066
13643,-1.0657796208758117,1.5701504072587693,0.4471169705001719,-0.7434443746451163,1.011919199441499
13644,-1.0121439699478458,1.4517411030733822,0.42168447259149366,-0.7463403650440155,0.9566159744195558
13645,-1.0496305918980318,1.507775914430172,0.462674233913997,-0.7693581367844575,0.984947676249435
13646,-1.0144108256576254,1.4517036823504126,0.4340717784477746,-0.7675152532835278,0.9524230743998804
13647,-1.0798857848489058,1.598840984822835,0.4592978386819888,-0.7492046106856414,1.029165135888927
13648,-0.9889539642244006,1.3482585967328669,0.4346678115464219,-0.7900471292860632,0.9138228842139273
13649,-1.0719107079884922,1.5814054316360704,0.44951290729178695,-0.7449692113782452,1.019810014649237
13650,-1.0769318618924189,1.5892041749683152,0.4547115562208866,-0.7374276649062349,1.0276183328964599
13651,-1.0485307486395374,1.5366071014942766,0.4417062917849329,-0.750295214327196,0.9955356765433322
13652,-1.0039073284587288,1.39734173141388,0.43762786288687805,-0.7858099563970848,0.9314920803477631
13653,-1.0526735136004481,1.5441546943322402,0.4376971730261166,-0.7301300427955308,1.0016983050060344
13654,-1.0069195785294354,1.4200862312186362,0.43770304858811304,-0.7724904970551931,0.9421686668104702
13655,-0.2388010538082781,1.4230960498057235,-0.14255732595658227,0.23358580627952225,1.3485705497384868
13656,-0.8798946547138605,1.3022501026812667,0.34638779953364573,-0.5188467651236536,1.0591076443618597
13657,-0.7918439351602048,1.2408184437113419,0.3241063000949636,-0.6194012830758564,0.9570834799592557
13658,-0.9706770313103108,1.2745510739394614,0.4346677411812148,-0.794918951046142,0.8820464581843479
13659,-1.0627600145970293,1.526568088069137,0.45648410732674594,-0.7486934248682358,1.0110438337350387
13660,-1.0335751794333188,1.4167394540479374,0.44976408132862133,-0.7527012887357233,0.9602867077276371
13661,-0.9718517935383811,1.3829701172301463,0.42092793202240447,-0.7707325125076918,0.9225333324718046
13662,-0.9528819107551231,1.3288997451317701,0.4212455561766012,-0.781400426990727,0.8995100017641295
13663,-0.9877360433337586,1.407594689938081,0.42338272275761646,-0.7512658393971023,0.9476319658462157
13664,-1.0007802550158347,1.4104688003397636,0.4295486010167329,-0.7549037822432515,0.9498095208790505
13665,-0.9775154617180378,1.4034179791021164,0.41892945330519066,-0.7561227291779552,0.9350869560933155
13666,-0.9799576352887065,1.3916290552172397,0.4152355283338325,-0.7421386968083582,0.937734376067824
13667,-1.0095063720890012,1.4617740276730506,0.42847951850018884,-0.7441410731092077,0.9662454010174852
13668,-1.0023818730005996,1.441253418926363,0.4284944172662676,-0.7798575351485858,0.9370563805741591
13669,-1.0089309710193168,1.4793682039760263,0.4430946713440542,-0.7865242960115948,0.956444290645513
13670,-1.0471058393271608,1.5657436638598485,0.42816584068097724,-0.7373322305511814,1.0042780752876899
13671,-0.9509427830769022,1.3058204603844012,0.42694944563346326,-0.8088643770450793,0.8653243785063326
13672,-0.9518884316605063,1.3245167174710628,0.4169411026609233,-0.8161508789143546,0.8816168847378945
13673,-0.978531869465487,1.3804974550274072,0.4353779558651965,-0.8037654258700889,0.911115631433197
13674,-0.576826406471223,0.8847421652510464,0.2675149812051412,-0.6961522322790525,0.7903669873276021
13675,-1.1905417972186865,1.4123879448737269,0.5363343707446906,-0.7582910303605268,0.9959538256563859
13676,-1.2061965754887778,1.414109755635285,0.5332992196191328,-0.7276049546940071,1.0015605769411233
13677,-1.157396914229602,1.2364596733127635,0.5383404468013034,-0.7731584477895568,0.9208082918874548
13678,-1.2546577488267279,1.5381711151457447,0.5507005424453207,-0.7122422428403029,1.074438111516037
13679,-1.2197289043831163,1.4536478690958465,0.5473680249117007,-0.7238663949295528,1.0303091004472462
13680,-1.0358409495078023,1.068981582153591,0.4760933177352745,-0.759913829436987,0.8282715790000249
13681,-1.1989901521744826,1.5042150319251706,0.5259279184981852,-0.730264696488069,1.029770440021365
13682,-0.9309320624865173,0.8088047931888946,0.4828484661240337,-0.9116776337891211,0.676724901196787
13683,-0.8860861009142654,0.7448376033311844,0.4789683446549278,-0.9476785699904693,0.6315930305310494
13684,-0.8665373438580882,0.6965909429204351,0.47031012687457485,-0.9647852341528538,0.6021563243816128
13685,-0.9231927364066568,0.8284660123385483,0.48078958900587526,-0.9213585896282431,0.6636117813982896
13686,-0.9876758798762655,0.9358966282473082,0.5037673967052935,-0.9043760521554336,0.7253719325415307
13687,-1.0346369853690922,1.0465072193591847,0.49358115109720696,-0.8339644307560697,0.8024400471590883
13688,-1.0615037231648878,1.1024020145931088,0.5066475433397768,-0.8269825176044894,0.8322251546175287
13689,-0.5218875058837168,0.39726945289747106,0.27899743239198405,-0.6010939072905018,0.6743802211640589
13690,-0.7720596761208399,0.899982907847617,0.3454907227278884,-0.5024543938237621,0.8298054836948285
13691,-1.1621543647448134,1.4039387211587013,0.5254203039882711,-0.7610503898701816,1.0029510737808915
13692,-1.057368341360293,1.1539171508649901,0.49394398952331253,-0.7860283112074917,0.8884392341289963
13693,-1.1397308992216233,1.2957308248299277,0.5058183308174948,-0.7732961787247314,0.9668843209648985
13694,-1.2016958802551458,1.5280770436203324,0.5137185067016034,-0.7260005407162047,1.065640357172567
13695,-1.1861653426471956,1.500215078678812,0.5346985555471027,-0.7577769013585501,1.040694288192684
13696,-1.3140893293748954,1.846398950738727,0.5721434020930355,-0.7120094940024758,1.1958674688408688
13697,-1.236523225004244,1.6307367858329966,0.547392977113046,-0.7400141387210516,1.094458910854093
13698,-1.2841363410579785,1.7707344161898269,0.5568548175659837,-0.7266066292123831,1.1606101562082358
13699,0.30475182832962056,-0.3205174656705751,-0.12689854351436416,0.34776273690910153,0.986434466161335
13700,-1.2449900832308871,1.8139761582070784,0.5193984995327606,-0.756480623333896,1.1362248077337391
13701,-1.2360129509365454,1.8139436165062424,0.5218441562666596,-0.7813426754888207,1.1335280827346041
13702,-1.2616018848273043,1.9289287886894146,0.5251137491771131,-0.7561906508579379,1.1831312030755057
13703,-1.2901018792364627,2.0138679656194176,0.532044319151285,-0.7490549401428559,1.217607516040112
13704,-1.2117796325775094,1.8155005509932736,0.511063043081145,-0.7686396272666456,1.1178933320410958
13705,-1.1796594833795224,1.7292655737384,0.4982030832761403,-0.781620178049325,1.0806353136510436
13706,-1.242519377612769,1.8844889144374135,0.5172211534108548,-0.7659014041724522,1.1528973876908069
13707,-1.2121826910549471,1.771215889729625,0.5159217124706363,-0.7807214668412564,1.102417596584631
13708,-1.231663660875965,1.8951522522758921,0.5193945035972506,-0.7794526559671087,1.1511494084604261
13709,-1.2395745482963085,1.8718242409212547,0.5181914019973994,-0.7634161551534474,1.1438207357944916
13710,-1.1811733127018618,1.729507415453888,0.5030414581944724,-0.7949331492572169,1.074221976442826
13711,-1.226239780321002,1.862065811328074,0.5186957392384316,-0.7828592507755241,1.1365081892761426
13712,-1.2780216751828464,1.9643145612551276,0.5324332091036992,-0.7512635834537481,1.1859237601352381
13713,-1.226409680429406,1.853534492405513,0.5077331323911618,-0.7576246535023372,1.133663078447877
13714,-1.2227451627205113,1.842889819581626,0.5153955397250018,-0.7833458079510438,1.1290341088362628
13715,-1.2173572272756594,1.8501408490169877,0.5154098832721092,-0.775258615287814,1.1318067392965803
13716,-1.2274727032569637,1.8638252744466066,0.5251722450963711,-0.7836483672395399,1.1361465348805275
13717,-1.2027268879590847,1.8238175993814842,0.511497674851073,-0.7934505551110154,1.1139490404516144
13718,-1.193198394010207,1.767847072714542,0.5142717159661272,-0.8144589092547887,1.0885158741711265
13719,-1.1678196349853078,1.685379930482927,0.5001768580252427,-0.7787198534970506,1.0535053802670975
13720,-1.2317857975112354,1.876275172417974,0.5303467945290788,-0.7918806093026816,1.1409781629872777
13721,-1.1857936687241315,1.7271183243854151,0.5154827438248069,-0.8129902696623171,1.070112594197203
13722,-1.167149763859817,1.7036711507900317,0.5025624395353874,-0.8175527386203488,1.060104954389599
13723,-1.1903041966704488,1.747172557315352,0.514992300750125,-0.8073621596955306,1.08010641350631
13724,0.1589537020457865,0.25868775119035514,-0.18740759167776175,1.4405402038290962,1.9171719970971202
13725,-1.2959751590954713,1.770295611575962,0.5514081266288388,-0.7319399117932094,1.1614677419265647
13726,-1.276535505055684,1.6788528083856726,0.5479137180933742,-0.7588626819757215,1.122612000087914
13727,-1.260690045025088,1.6435472650235874,0.5568608657433001,-0.7659628441085964,1.0991862283708076
13728,-1.2436019786839196,1.6431338571059386,0.5502206404832721,-0.7552224346649726,1.0979580081069475
13729,-1.307281528216708,1.8016351102688941,0.5649468819731782,-0.745528112214307,1.1712348460804862
13730,-1.2308644348411335,1.6058770709883083,0.5449103804661833,-0.7779129705879113,1.0750420590725878
13731,-1.2542093265633767,1.6563067886355447,0.5453987034811851,-0.7471065497300037,1.1027261815693215
13732,-1.1769556727421822,1.4253608710173464,0.5339038601691815,-0.7801552858646625,0.9894420183822149
13733,-1.2651901022418441,1.6967432294396336,0.5565358738685393,-0.7503200864510052,1.121039963598447
13734,-1.1689870830330988,1.4525351957773072,0.532898017227118,-0.8075649455274829,0.9928051357763257
13735,-1.2775168820431975,1.7219539353699045,0.559739745489256,-0.7587598496070709,1.1283914971792934
13736,-1.2095537892390869,1.5424289264128361,0.5416711827088553,-0.7902732265211271,1.0416912970850294
13737,-1.2262024596525094,1.5630731050583826,0.5405557048808951,-0.7526161923023583,1.056509381715938
13738,-1.2643317762802888,1.7014320407916963,0.5688933041088355,-0.782738693890796,1.1097816668615266
13739,-1.2085669743955443,1.5348556207907993,0.5436501237021106,-0.7972096552236945,1.0337508907566555
13740,-1.2384677295559454,1.6255932223261789,0.5474450253717416,-0.7681992222456967,1.0785039525646762
13741,-1.2368403803535166,1.6105752342698165,0.552745881287947,-0.778110270021356,1.0730622778473444
13742,-0.24382976902577536,0.8136335046895563,-0.03141459054083074,0.10393355534985549,1.1050572284303768
13743,-1.1396022081130852,1.6417424480697256,0.41207081692338116,-0.45230451454565307,1.1614178676821798
13744,-1.3780301067572784,1.8176119994889692,0.5675355381806797,-0.6146952839492907,1.2393176866144582
13745,-1.4546986789751666,2.0210379370708025,0.6055824816743463,-0.605481409776743,1.3517109936148297
13746,-1.36938531277729,1.839950401551166,0.5906829780025967,-0.6443742134782452,1.2590001396932755
13747,-1.37982100671186,1.8717829215255615,0.5875666676087211,-0.6355263638749875,1.2838220589571478
13748,-1.4098767925690563,1.9617586285178885,0.5881065102756545,-0.6328534115006945,1.3210065659584396
13749,-1.4814074411485258,2.18881732233611,0.6110872982033175,-0.5997235025480743,1.429536994647636
13750,-1.3670559731277312,1.8385867003609082,0.5829351987744281,-0.6251195264889637,1.2605051796393745
13751,-1.3074498752333963,1.6933744401014241,0.566458803377803,-0.6646158377127128,1.1952867928650945
13752,-1.3187834942099115,1.6944251563720392,0.5737553845488412,-0.6579394491459118,1.1977167490199931
13753,-1.4366467597584707,2.035602625093966,0.5962912033435741,-0.5994572759446276,1.3619552914386133
13754,-1.310869171211034,1.7049457129428343,0.5601744546167763,-0.6331459402116255,1.20274451805256
13755,-1.29179235821376,1.6380141084447195,0.5696899594292841,-0.6607054912146012,1.1651119375263836
13756,-1.3664580435586327,1.8226451921098592,0.5764246766645217,-0.6230226439086002,1.26134851980857
13757,-1.2664720539855447,1.5676926695754818,0.562871660053923,-0.688730179561622,1.125484742042086
13758,-1.2201582971548182,1.4875703766170763,0.5366873384555537,-0.6688791678906822,1.090896164384123
13759,-1.1233220310205907,1.2638875538849088,0.5246772284513674,-0.7449519529944673,0.9648166794357157
13760,-1.196443345429746,1.4222787427324561,0.5406941019177116,-0.7171114197813704,1.0466580650551458
13761,-1.235233795826932,1.5406573902522749,0.5501308733544987,-0.7225867547912994,1.0948309770116398
13762,-1.36904731501721,1.9547453324920125,0.5400376874797673,-0.5146709320636237,1.3150417236026852
13763,0.29555965427064,-0.22160689211060752,-0.17319337293315998,1.0503587752733112,1.4888085556795505
13764,-1.199642680693735,1.5092968778118692,0.5407757528877166,-0.7693967856672448,1.0247257609212403
13765,-1.2114379619735018,1.4943594366412651,0.541112444072389,-0.7996674668629639,1.0195832177731798
13766,-1.1392854543894964,1.4716639820465836,0.4962891778848731,-0.7475644423781289,1.0069737358887958
13767,-1.1852036025015875,1.5098883103465126,0.5233741286834063,-0.79309430823181,1.007948782488703
13768,-1.2879251822066655,1.7913224076757124,0.5510248555517985,-0.7510448620197764,1.145191098988431
13769,-1.2075431316949348,1.5662138293793884,0.5424513123017741,-0.8228652451418353,1.0257076857116005
13770,-1.194809229416159,1.5826783597924627,0.5210742452152404,-0.7681701264268082,1.0379022442595314
13771,-1.2689724868784245,1.7117756337856678,0.5497840700031418,-0.7708516702989866,1.1001617086103546
13772,-0.7284867161596469,0.739661368419699,0.29471730223667014,-0.5978025827232077,0.7006223782297747
13773,-1.2207461449874293,1.397010841478295,0.5347029821257656,-0.7741849752657879,0.9628791040669791
13774,-0.17966581918381724,-3.8190482703622535,0.6087656237267823,-1.1693848877720818,-0.8193981827139825
13775,-0.18036992616557104,-3.8172069771007564,0.6093061730873788,-1.1694529778910365,-0.8191489343611912
13776,-0.18056807556448162,-3.8169611698902792,0.609301055184985,-1.1685084231972684,-0.8185452174856477
13777,-0.18089271495083153,-3.816566736285984,0.6090607979394961,-1.1676654931163548,-0.8178386162109347
13778,-0.18118220454280476,-3.816024466762782,0.6090627143140349,-1.1673318741278782,-0.8174886725704659
13779,-0.18146109661835286,-3.8154568154895547,0.6091068611514825,-1.1676432999610122,-0.8176220143575909
13780,-0.1816010724087835,-3.815209645843597,0.6092527197471942,-1.1672730952591124,-0.817454973487179
13781,-0.18171785774464302,-3.8154659511115163,0.6088036339119924,-1.1659275959854931,-0.8165456162876182
13782,-0.18183217030809679,-3.815220272341969,0.6089230548973864,-1.1659652153232694,-0.8166132222320825
13783,-0.18213376956625985,-3.814488478828436,0.6088472805406356,-1.1664066292699462,-0.8165666603473382
13784,-0.18227375145594454,-3.813937686199303,0.6091825489907003,-1.1666731698351267,-0.8167004259785692
13785,-0.18236819783181177,-3.8139859187440117,0.6090153180774789,-1.1657232586492001,-0.8160811886994439
13786,-0.38168307629058906,-3.3304297728852648,0.5992398209116652,-0.8035122766874189,-0.4957361335430828
13787,15.84220689909511,1.4240974162379298,-3.400789717540852,-0.7749956211735894,1.5912199650826513
13788,9.294737939832915,1.1827235249438925,-3.9745909307825533,0.7909201465453612,1.3537274162478037
13789,6.699812631342625,2.9858312158472016,-3.6810009028874644,2.0184013087732566,2.5421950369662762
13790,9.466960943448145,0.9708125857261538,-3.8397554616055607,0.8641940825871928,1.2159763724266242
13791,8.485398212006722,1.561823908009187,-3.834545642285061,1.169682183595453,1.587959656309259
13792,-0.4414067965919046,-0.22104448588045209,0.12676176389453378,0.6076261087600506,1.1503435667965094
13793,-0.5848395224072009,-0.575654072509762,0.3648808286358592,-0.37964479892015063,0.5083328116138408
13794,-0.8864133146064653,-0.2509119666408839,0.5132404857809308,-0.5254246869741893,0.5564256795314202
13795,-0.970603022427735,0.12275354942129815,0.47798890960411156,-0.38286010368863654,0.7019688693794086
13796,-0.989803308984477,-0.008360045967340149,0.5473715629391195,-0.5233075408081465,0.647089589013399
13797,-0.4893363659831291,-0.5107744789229736,0.2715658414050551,-0.08887426118718791,0.6828683334021429
13798,-1.052053559189396,0.17268712204293593,0.5841818817170392,-0.5731851571260799,0.6848011607519434
13799,-1.155451281929107,0.40185982369516726,0.5873645087417306,-0.5488700906659459,0.7919085375618172
13800,-0.7730638795799468,-0.11002248426129813,0.42817897396462684,-0.3157539242279209,0.7465900075334846
13801,-0.6793387671363406,3.176506166729229,-0.4506139286815034,2.1571931238167683,2.8591216514345823
13802,-1.0071679271343001,-0.0038919735949219667,0.5419938988135529,-0.5234325735339972,0.6517162914321699
13803,-1.012597531086507,-0.021364339343342625,0.5591281234859385,-0.5815491005625686,0.6313291099721831
13804,-0.9743390727148821,-0.019445152793188532,0.5335658003633477,-0.5755814077127112,0.6027837055034969
13805,-0.551989746469114,-0.1822815047259612,0.2560986849173568,-0.05212276611756886,0.7664020294967485
13806,-1.154413381528875,0.36978907657864674,0.5855357632066226,-0.4870787816482461,0.7951231588659716
13807,-1.0299406524178554,0.011390350475505278,0.5735219739939497,-0.6159541301309547,0.6189691545119523
13808,-1.042936174590262,0.13918834612409062,0.5617298092949033,-0.5790693932986848,0.6810940523843738
13809,-0.8827995737742567,0.38225885159689355,0.3911618083851178,-0.13699146587111546,0.9660003072893479
13810,-1.041799137960793,0.07341329356725419,0.5814886792867676,-0.6093892904784886,0.641677286551511
13811,-1.1321556365873873,0.2988136566149656,0.5853662829214114,-0.5099748989090283,0.7596398983573116
13812,-1.1122754707655693,0.3169432475181119,0.5684092757676941,-0.48060148498531535,0.775325654210531
13813,0.19677694455299646,-1.5381614255700014,0.1686619300110981,-0.022556149621623698,0.24629688191408275
13814,-0.628693074570258,-0.23536474611438227,0.33264250229314635,-0.28764662942281244,0.6038445822157379
13815,-1.2338928863594663,1.0058417594737428,0.5490057547887179,-0.6211262527376498,0.9071351738331536
13816,-1.3934186738063654,1.3128724348050773,0.6584158357274855,-0.8148269904083115,0.9957591073615594
13817,-1.349441070275856,1.2509878717103018,0.630820034978242,-0.7993730798089748,0.9676541772752205
13818,-1.3994605680900163,1.3990471850225914,0.6240383289898913,-0.6958971376529702,1.048783157236481
13819,-1.3441665276793957,1.285009107700387,0.6118386088231664,-0.7126310600142215,0.9956976242856936
13820,-1.341255209511767,1.2642424335360092,0.6331880729544436,-0.772043025657069,0.9713699755967613
13821,-1.3942604412701853,1.3809082186222323,0.6579997170557926,-0.7801586160414019,1.018447827057961
13822,-1.400243785212474,1.3978593300571245,0.6604210080844642,-0.7821287892713682,1.0241528935172544
13823,-1.4589935921004467,1.574588182764919,0.6470654229764429,-0.6891767701119613,1.1127042858939928
13824,-1.4323251004128206,1.4945592634208247,0.6565109947991168,-0.7619619719214296,1.0631967673941065
13825,-1.4596054911561678,1.586205091824897,0.6610408239949975,-0.7538156080138326,1.1079484295408175
13826,-1.4991547513719605,1.6603538343995734,0.6764444973502467,-0.7389771162097604,1.1441842231614912
13827,-1.3479592775893747,1.2966681914895872,0.6448162842820802,-0.8200380143867267,0.9656811842917907
13828,-1.457927734142723,1.5856566297818064,0.6590423833241476,-0.7682246738310362,1.104239364130984
13829,-1.5053483177505274,1.7854802684967774,0.6590729391329317,-0.6882376360392198,1.1948069844391709
13830,-1.4092072069662651,1.5215490838364163,0.6568280139819194,-0.8076727997863935,1.0602820896372662
13831,-1.4147938771444466,1.5064800294313145,0.6563270804722768,-0.7816717877204752,1.0616099405406259
13832,-1.404850455140135,1.512645966995002,0.6501889515720514,-0.7664918066259192,1.061709017414352
13833,-1.4871916112192236,1.7468312082080206,0.6572581541344048,-0.7184194721177398,1.1736062984758886
13834,-1.3398370843168228,1.3157890699536594,0.640958993876497,-0.8189950350112124,0.9680198822090191
13835,-1.370109608927534,1.3823098480276907,0.6561864111509453,-0.8125780824506962,0.9959488836594942
13836,-1.3878414504607919,1.437513132277929,0.6371790937781429,-0.7516197725888805,1.0309576710237927
13837,-1.3888536394797264,1.442278756387249,0.6460252073580998,-0.7782557958316317,1.0277313206162646
13838,-1.3838980311117473,1.4626426639222538,0.6447937450029597,-0.7760767293698596,1.0333468277688855
13839,-1.4031968399272186,1.5090742609067864,0.651414781760065,-0.7889461555933978,1.0542505970971
13840,-1.3991830596930084,1.4548356396920996,0.6697341300030121,-0.8183786649570476,1.029174773734956
13841,-1.3867614263252812,1.4654156031405563,0.6488913532424346,-0.8103814193991259,1.029824782404223
13842,-1.3783442492628677,1.456542840195888,0.6425448281971553,-0.772860617838808,1.0319326796476127
13843,-1.3360298635489851,1.312804055914033,0.6368090279365172,-0.807328777499547,0.9680105233457105
13844,-1.428344748132462,1.57101455630167,0.6581107967272063,-0.7624830414485511,1.0814806003441906
13845,-1.3789439004100157,1.4810871464475202,0.6339731945773669,-0.7668134202059634,1.0418440991679403
13846,-1.390162196787233,1.502073867945974,0.6473371859265128,-0.7685790518723847,1.0504822643629226
13847,-1.3076421658996569,1.2335666869631132,0.6386282216888499,-0.8276103844369419,0.9281932616782829
13848,-1.3541237805407524,1.4009855562354687,0.6302507270930391,-0.7856708162796823,1.005116638877074
13849,-0.9016265089385757,0.41374729433228974,0.46479250261836336,-0.6124218725233207,0.708007795690664
13850,-1.0885300975585945,0.6900980063815702,0.546133084322698,-0.6739858854063616,0.7798980224656319
13851,-1.358093327190952,1.2808844603470617,0.6476582320027865,-0.7318497432183857,0.9962104878614607
13852,-1.3200613908676322,1.189240010567205,0.6540144909235439,-0.7951442988992906,0.9405888801409502
13853,-1.3581346876289124,1.3060085818029903,0.6584517251635557,-0.7812850278598968,0.9951213687581079
13854,-1.3717526486583007,1.3412898251498773,0.6601917001693445,-0.7751376675905237,1.0107283764593502
13855,-1.3715912948607096,1.3333731153506663,0.6520148422220204,-0.7579867216800306,1.012291151741776
13856,-1.3699634910719307,1.3641985578465876,0.6565296100263542,-0.7952222218208814,1.0154716634794998
13857,-1.3815066110527148,1.3755192974726218,0.6445295805036239,-0.7357400432705785,1.0318438963542704
13858,-1.3671781580068223,1.3875731400746523,0.649140932883091,-0.7790865801610325,1.020009720440277
13859,-1.39027540155421,1.404185081062925,0.6513995292800399,-0.741130100373548,1.0398463351901197
13860,-1.3674516404264405,1.3451612535965154,0.6417210190120777,-0.7456797718329674,1.0168601425520323
13861,-1.3576346072705265,1.2902315721084257,0.6401424075234802,-0.7442408636019341,1.0002796314729956
13862,-1.3252894621828601,1.2459819414879245,0.6215896659199326,-0.7407297075288731,0.9725042906822171
13863,-1.3649691873565815,1.3153078207560647,0.6431806213129204,-0.7387465817066784,1.0064622657488047
13864,-1.3597638453941152,1.3343344901357823,0.6506571556281918,-0.7842076652888675,0.9997886941471874
13865,-1.3544179923737258,1.3089488525750164,0.6460023141060859,-0.7592395658589638,0.9992879850221775
13866,-1.3722342133990755,1.3858251457036996,0.6483414136540671,-0.7632539179651917,1.0275092814136622
13867,-1.3200734529862868,1.2227302295590425,0.6286726376448274,-0.7497300239342202,0.9610370900681692
13868,-1.3393516385769437,1.2987899570277788,0.6343392312230768,-0.7687099478367547,0.9899936325979775
13869,-1.3349993202712174,1.2728515784590373,0.636917165161327,-0.7493128253973814,0.9824044931048632
13870,-1.309863283702003,1.2067556782913742,0.6406068217548688,-0.802954406180348,0.9401838689238761
13871,-1.2761780661540794,1.179642542706924,0.6143389891365598,-0.7055101091561914,0.9565991644596995
13872,-1.335574381208013,1.291619290075456,0.620626317949976,-0.73972083289521,1.0002423810676178
13873,-1.0985142567582367,0.725675426157823,0.5523175429188613,-0.7011162323423371,0.774336880911672
13874,-1.1017741670193808,0.7834759362521841,0.5077525645315197,-0.6157454647084618,0.8181964327272166
13875,-1.0952328006031113,0.7532525905302656,0.524649139639389,-0.6538382004869272,0.8013972679361228
13876,-1.1380814975940998,0.8527643636986034,0.5407405309674632,-0.6776287858317595,0.8346377430271429
13877,-1.1123916038079489,0.7737392357001308,0.5392748355838721,-0.7134303806220533,0.8098516447319796
13878,-1.217360609600867,1.0887330553169456,0.5438288995701316,-0.6095976715019099,0.9495500354990108
13879,-1.2614133192830903,1.1640704907253898,0.5771137305039415,-0.6887799183279847,0.9565251495011108
13880,-1.2265699643121284,1.0154885464222438,0.5895728836800573,-0.718990217936248,0.897218433478601
13881,-1.2302553865330992,1.1126838496355766,0.6002457182855231,-0.6995883841462901,0.9197699001550427
13882,-1.1917914066164086,1.059468479407415,0.5061259965229957,-0.5390016652908847,0.9527949075282545
13883,-1.2188341407030807,1.087506177165328,0.5770277077223434,-0.71630338724333,0.926363861922011
13884,-1.155599180349194,0.9560883510323337,0.5545216698705199,-0.6684174157560001,0.8799078606679795
13885,-1.199745790836342,1.0344177641486216,0.5651354105460108,-0.6790829422817277,0.9156093152316549
13886,-1.218496740491041,1.074087530702057,0.5813728670103736,-0.724253871436121,0.9086770688041879
13887,-1.234389337676709,1.152539586620545,0.5810344978582287,-0.6641280908633918,0.9638082222468467
13888,-1.2590515502930757,1.151259753503411,0.6090438006905475,-0.7407054082484484,0.9357798410501525
13889,-1.2710963349847915,1.163118370763159,0.6114278422713382,-0.7323564880287182,0.9350783299382165
13890,-1.3160994991525914,1.280017816849919,0.6077191681656392,-0.707207481325568,0.9975879253818573
13891,-1.2527707435485456,1.1874269948055596,0.608378837613357,-0.7219715030461544,0.9574414770821656
13892,-1.2770376097230594,1.2112677451391969,0.6094948866110982,-0.751904390407212,0.9552956065568047
13893,-1.322941750563673,1.2672399032135626,0.6065095961262669,-0.6478030910581228,1.0084052375539883
13894,-1.239765537674958,1.1433322783662805,0.5991589047577095,-0.7481555873247471,0.950547731166454
13895,-1.2560283879443848,1.1228663579826998,0.6008901440896393,-0.7511018710609363,0.932332244659683
13896,-1.2910045612565977,1.1943275238181086,0.6187540950428607,-0.7077879047055874,0.9656197418032662
13897,-1.2627479766641758,1.1508634504560311,0.5865284645179478,-0.6959491385513795,0.9656555064452766
13898,-1.2105733103750342,1.1020175224162772,0.5635276674958435,-0.6164529577321602,0.9776805614943586
13899,-1.202391001704975,1.0899501457169023,0.5634141557597492,-0.6615980793886856,0.966429617785938
13900,-1.2447686388811376,1.0839748080750045,0.5856848930762788,-0.694538592215671,0.9199343924420594
13901,-1.1765430077117003,0.8921057547924126,0.584461155424813,-0.7389577631149398,0.8246623433850452
13902,-1.13318246300783,0.7931741129744163,0.5739886906740974,-0.7758962616350134,0.7793687392111807
13903,-1.088800686126925,0.7396313409773876,0.5614084722791907,-0.7248601854009252,0.7955612123270921
13904,-1.0838266051203118,0.7087659801927807,0.5738701931106481,-0.6980951662188248,0.7837200276078011
13905,-1.1576708112312917,0.8829594190847321,0.5691662425342786,-0.6819476916802509,0.8531384659807668
13906,-1.1915419734972608,0.9855514936078498,0.5728035522887416,-0.7521358335500639,0.8730701339270128
13907,-1.2108174578102644,0.9650402280577061,0.5875990975628901,-0.7555033404486807,0.8573190629705686
13908,-1.1156302945800092,0.8536348737215823,0.5583642200612697,-0.7011325746884185,0.8392220415957617
13909,-1.0957751253490435,0.8168433380198984,0.5580091918960345,-0.6995159178520696,0.8068320319550079
13910,-1.2084378727119174,1.038619796232851,0.5880029232418073,-0.7495294667957749,0.883833615669847
13911,-1.1841814779238966,0.9924810057384469,0.5638333962352648,-0.6911773761831026,0.8950847541130825
13912,-1.1953159796742565,0.907239070137115,0.5724278649886283,-0.7789161016553852,0.830968807208319
13913,-1.1381330317360483,0.8697445126867099,0.5738685181045047,-0.6879399926145917,0.8449401851215474
13914,-1.1403661462797592,0.9027253294359487,0.5957017383328715,-0.7769613859365128,0.8283462115760218
13915,-1.2348033648749799,1.0010529197233855,0.6063104213317149,-0.8190252280374437,0.8549471401971716
13916,-1.2328798713365627,1.0565633167909703,0.5873574325965504,-0.7265407300265161,0.9095527791793697
13917,-1.1386989979423516,0.786465023332277,0.600945590540063,-0.7516909353802179,0.7706413022063263
13918,-1.251760402722374,1.0953135727926884,0.6107890579532868,-0.748554818108575,0.9018400445891668
13919,-1.2532789745682653,1.087015427322555,0.596727694459301,-0.7342443948713885,0.9034116910731579
13920,-1.1889413636620891,0.9032993233515689,0.601978995923848,-0.7786734938629362,0.8263391476781903
13921,-1.1794394215349315,0.8709852863045069,0.5852600831660911,-0.7733514819221494,0.8176281290634203
13922,-1.1918389190858727,0.9484802646739977,0.5919532668731751,-0.7591878981609452,0.8478939407005402
13923,-1.2194242411129537,1.0309180114924323,0.5717346634114655,-0.6687475923444051,0.8958673078893828
13924,-1.1078396506255193,0.7732106053102135,0.5326470825540269,-0.6539900052000579,0.8205635920829814
13925,-1.0970795399283035,0.8286739261471802,0.516181165418305,-0.6174070988677325,0.8185107166944917
13926,-1.3167872646269863,1.3364434077573335,0.5557363851411993,-0.6308347270252003,1.0447077470041917
13927,-1.15486034820297,1.0349565227952056,0.5504848871966128,-0.6684851733314183,0.9200157931768993
13928,-1.245357523246032,1.151969945412855,0.5683699784915425,-0.7192824151779146,0.9348515677559086
13929,-1.230294403519256,1.1914281155943793,0.537550891828291,-0.6391262911009655,0.9696240069829355
13930,-1.3069815863037162,1.3412724154777211,0.5662987499270462,-0.6482563283678855,1.025415806396392
13931,-1.2720668516789215,1.2524501201626645,0.5535719715872387,-0.648088359263289,0.9927807712136352
13932,-1.1728827641124495,1.1713469447795462,0.49003196998317206,-0.507027658200425,0.9971060251111328
13933,-1.1608251108153385,1.0550506518415517,0.52865309520554,-0.6142326060798702,0.9419560478218009
13934,-1.306202799860367,1.4372936522854238,0.5503170221259697,-0.5192604802925521,1.0858839468981265
13935,-1.239744384818949,1.2431907978004957,0.5436803783574139,-0.6226799716223367,0.9945608014955725
13936,-1.209569719254282,1.1268176771978462,0.5648092009387924,-0.70907112645209,0.9168229139569951
13937,-1.2256196868905043,1.295386971715725,0.49898204776962013,-0.5319971768799299,1.0197985211697427
13938,-1.2073724923211018,1.2538120893207887,0.5403440675767129,-0.6126085974414482,1.0064896797410816
13939,-1.1908519100584745,1.2343240991527114,0.5124220499147232,-0.5572163222469806,1.0043817387256846
13940,-1.2494887767484288,1.3828566949973475,0.5218098462430124,-0.5442449977294824,1.0673606183590407
13941,-1.1903988696532564,1.1465722212550664,0.5300234451427491,-0.650456047610555,0.946352678251946
13942,-1.2843738017205457,1.3239945932541723,0.5686428742918189,-0.6647429495043634,1.008142228284743
13943,-1.3255280774342957,1.4917421840461187,0.5985266063133554,-0.6757620407409399,1.0563468568724057
13944,-1.185660530606757,1.2775175742320721,0.5253224062230464,-0.5615756582207209,1.0325867118521097
13945,-1.2193767451430513,1.2494618811485734,0.5579876857501946,-0.6799914939869384,0.9980204652034192
13946,-1.168178159333796,1.087838685073111,0.5533472979969773,-0.6702566021419889,0.9370725447628835
13947,-1.115137078509934,1.079686082344962,0.5161322859619498,-0.5875984129048624,0.9653901549025201
13948,-1.1167527472772643,1.124317473788006,0.5139188517037736,-0.5375384569417309,0.9836172257442064
13949,-1.2631342443423754,1.4090454234987537,0.5420007216116994,-0.5992419257451945,1.074853279145569
13950,-1.3233688211563042,1.4260009223317032,0.6216587379509868,-0.757579981289774,1.024419706215406
13951,-1.2472439556430164,1.3152138234384574,0.5535630845773261,-0.6106982128547159,1.0451711808916744
13952,-1.2400375542775899,1.2596246992312705,0.5962090365703843,-0.6787991261889895,0.9818300868630447
13953,-1.212018916728312,1.1550908383281735,0.5785708466950241,-0.7144472310726336,0.9181909232206648
13954,-0.9942655554993436,0.5927499768231138,0.507111729739904,-0.6099362904014718,0.7981479042850467
13955,-1.3474600144581763,1.2671875400235473,0.6360212815603931,-0.7087314004272923,1.0081283721144558
13956,-1.3601127561787667,1.3224451400252772,0.6357702414685436,-0.7170999266238364,1.0280116432281354
13957,-1.3123326224649718,1.1713402938153092,0.5915323518536193,-0.652469970265721,0.9878343009502517
13958,-1.3637071155866387,1.4050419020783,0.5780750633975783,-0.570394410686776,1.109851919443475
13959,-1.360609014726156,1.347522405861615,0.6077765242212652,-0.640987150739409,1.0675133037712528
13960,-1.3875736064264048,1.476366352889528,0.5780655392544244,-0.5251314244292529,1.1338632102426769
13961,-1.355994619517663,1.404216911571746,0.6150293495396716,-0.6372901691253425,1.100307370241588
13962,-1.2451149202652307,1.0428874595590198,0.6025942563713595,-0.7064474171115688,0.9105001956335197
13963,-1.2045493990999958,0.9797643143530823,0.5180879390605031,-0.5625512121338476,0.9303246841635631
13964,-1.2100406587079136,0.9782393290937065,0.5855187310051234,-0.6302284756371839,0.8990430350102102
13965,-1.1976249257031697,0.9521217798540281,0.5427140057939209,-0.5880697035876284,0.9104989998189486
13966,-1.2777149611292564,1.1859687950897455,0.5649593454753418,-0.587659009179925,0.9895104960826263
13967,-1.363251267482614,1.445113495355553,0.5883400896756099,-0.5437271142247778,1.0954165321571527
13968,-1.2678890578094826,1.2493953004300309,0.5592336699201437,-0.5320644614307555,1.015110214627564
13969,-1.230613677521085,1.2223772229704324,0.4817443453371299,-0.4889775559964672,1.0153518033479485
13970,-1.1906374042972123,0.9713602676878539,0.5566192402878749,-0.6361494179939157,0.894095428455587
13971,-1.3907561793220626,1.5744228503514819,0.5733195643556012,-0.5623100160673203,1.1456290296618925
13972,-1.264666300972557,1.1875889373890622,0.578665850093488,-0.6725494048389274,0.9718126079514868
13973,-1.4432896383947966,1.724138468495748,0.5859496683007217,-0.5022051336368375,1.2080570711089769
13974,-1.3308748596789035,1.5146541533279752,0.529771983289255,-0.4275308471938569,1.1343496998101752
13975,-1.219722750514937,1.1685797110595268,0.46164060029037746,-0.42165635643193994,1.0181199909296081
13976,-1.4043904958853854,1.569494275706666,0.6134932762426436,-0.5893093350697223,1.1310839238051427
13977,-1.3461052429046216,1.4996169021672758,0.5371035454431239,-0.47321369653005757,1.1317839596758195
13978,-1.3457243331923832,1.3832199100684772,0.6257379702039769,-0.7103324419439966,1.0425839070955545
13979,-1.280687408753468,1.3158798709949873,0.5379571470758551,-0.47874233869957333,1.0500897519213412
13980,-1.3967416778810904,1.6360267319870374,0.5414051354021973,-0.42735674648932354,1.1878506697859066
13981,-1.5179663428702022,2.012008825248334,0.5975389981538153,-0.4455724600858778,1.3398872435915927
13982,-1.3133159405420958,1.3538499369874801,0.5628211785419671,-0.5828501746979359,1.0505624539872598
13983,-1.4476111531342923,1.7402191272242469,0.5877670032323253,-0.5247113045483034,1.2153887771426617
13984,-1.3837671250302985,1.4885039997616591,0.6254744609189261,-0.6987673273471424,1.0778489687672068
13985,-1.3550093582518212,1.3988595611164836,0.6150814162500537,-0.7019182389424131,1.0412242019773819
13986,-1.3571200322500223,1.4303495168572014,0.6140947054734843,-0.6767168499218734,1.0591632467672258
13987,-1.4024434459795216,1.6275261255995561,0.5734115277999741,-0.5537250788766933,1.1700113274816177
13988,-1.2995490236437501,1.2967309066810218,0.605937638157793,-0.7035495792557113,1.0047202142749743
13989,-1.3929913790527941,1.5243534908970844,0.6260289827314284,-0.6921801998949653,1.0904489795723264
13990,-1.3145868276200015,1.3365114570798022,0.5712416102626013,-0.5911085047974822,1.0274822158338237
13991,-1.280006016390995,1.29425552983132,0.5894871064990626,-0.6347621241920485,1.0261416300146249
13992,-1.312472333053019,1.3392761504463464,0.5912881356070353,-0.6723501694324402,1.0184972972142012
13993,-1.3837951376011925,1.545175333318934,0.607996759811412,-0.6434505327645488,1.0951256657805621
13994,-1.3357130110732347,1.4455492268701617,0.5654784895568975,-0.559180712166661,1.081100519657246
13995,-1.3623031287172158,1.458176277140057,0.5971517652818643,-0.6613858282847478,1.0720722424864266
13996,-1.4618421070626613,1.8129889972951514,0.5901635859474417,-0.5246923113636347,1.2348841707468539
13997,-0.8691856260271044,0.21245218687475334,0.5053402622249497,-0.694986932433544,0.561585818878342
13998,-1.4242654975708662,1.5769831310562408,0.6736946735516512,-0.7679072682445308,1.0825769332692639
13999,-1.5091116692213387,1.8391436433600106,0.6693978339515372,-0.690822246006597,1.2033373622939187
14000,-1.5260869216284942,1.8628948849623839,0.6862093981157059,-0.7580247309415425,1.2037502335040648
14001,-1.4689005677274432,1.7775007675211194,0.6459145379902631,-0.6874048841606896,1.1799834778008125
14002,-1.5389008482161894,1.915191517255017,0.6806916486665356,-0.7195248206601238,1.2336217899560644
14003,-1.48248892484833,1.8022079497280235,0.6595166239330763,-0.7389645940117694,1.1820316544930243
14004,-1.5483704491271024,1.9816984575052154,0.669588460452257,-0.730844966728266,1.2575716912884103
14005,-1.5367279512543843,1.9767441201226486,0.6653382559352968,-0.7267331631848696,1.251208905331927
14006,-1.4972825894727455,1.8616339845625627,0.6654090729570692,-0.7465648760942483,1.1997036248127029
14007,-1.4588935554213995,1.7659878293106734,0.6513194357417258,-0.7560250793453404,1.1547730593769716
14008,-1.4310654250117631,1.6903725817747544,0.6471007620158356,-0.7857821954366603,1.11262999479555
14009,-1.3577452889204846,1.4945880702677794,0.6242693680299891,-0.7803851653828051,1.0272221061410338
14010,-1.3841236206190939,1.5789250168658064,0.6358304645273473,-0.7842780210042286,1.0676509416098832
14011,-1.4062973519241775,1.6355135453934593,0.6350315775037411,-0.7834962631429306,1.096832211798278
14012,-1.3792039582073443,1.542523181329529,0.6413115130962157,-0.8173954655025985,1.0480326512455154
14013,-1.3745113005626477,1.5332888918856251,0.6422481038166773,-0.8448575447805929,1.0356122822490843
14014,-1.3795453671080637,1.5436922161882267,0.6483361918314609,-0.8439426337938472,1.045559662304981
14015,-1.4273547156231243,1.6576578340742132,0.6500978892880497,-0.778169927581526,1.1024135613941421
14016,-1.375678924961336,1.507136661680597,0.642504901662708,-0.8059245591668873,1.0340017854699668
14017,-1.379093100858444,1.5417362958712624,0.6449085972422757,-0.8178950404952973,1.04318734666943
14018,-1.3490389831961587,1.4587733868559047,0.6163763988574072,-0.7683041921419382,1.0183782012870606
14019,-1.3652208918347586,1.486920992661659,0.6343250547689755,-0.8219979016370148,1.0227498204524617
14020,-1.3434843000521517,1.4105844533886696,0.6472017792278177,-0.837602616740004,0.9871434966836137
14021,-1.3321200024040967,1.3728408852715912,0.6205990952877455,-0.7856547362249261,0.984774826246526
14022,-1.3756221284703645,1.5403797123765641,0.6226130128572621,-0.7749152211392916,1.0508806534378559
14023,-1.3463442010433,1.4684943898356726,0.6348995675175695,-0.8193942320115551,1.00744593934287
14024,-1.3464069291992273,1.3850077941269037,0.6429387667028785,-0.8306546170794492,0.9819651874697137
14025,-1.3319070220088889,1.3595436710470514,0.6220664052411652,-0.7878662198430578,0.9744337475901031
14026,-1.4361813736318545,1.6882150634379802,0.6603799719699706,-0.7881830605735068,1.1130985545552952
14027,-1.4660370038477466,1.768232689321329,0.6492601221472872,-0.7399905171044849,1.1572864106951142
14028,-1.3930595878617311,1.568683061929855,0.6320141315311041,-0.7550362653792769,1.066979544635185
14029,-1.3964434686199325,1.585662762455599,0.6558455425954498,-0.855772635772589,1.0557174775901315
14030,-1.4685684566572175,1.7791902906552646,0.6592068297118866,-0.7792531234651888,1.1578151908268548
14031,-0.4295811351852722,-0.7057504514978422,0.29103427703218315,-0.4167878437109916,0.3815280165055737
14032,-1.0530336961933149,0.2346427677139396,0.4278615226316788,-0.01735606110754158,0.9311239238255199
14033,-1.3779009338448187,0.5807507071644307,0.7091471062048335,-0.5710503177205855,0.8828577498753662
14034,-1.3535318590480683,0.5480624527813416,0.68571571215479,-0.5476526316025728,0.8661901343150272
14035,-1.3737487324535278,0.6309589682894665,0.6929612650123146,-0.5610510783391299,0.8948535150402451
14036,-1.327327879562093,0.5411416272989932,0.6673243069607584,-0.5605557901989099,0.8604724448293718
14037,-1.3971148052974856,0.772658383392599,0.6907022257365981,-0.5550347349529606,0.9524969165550404
14038,-1.413369377207811,0.7610117739501464,0.6961969139724303,-0.5343711331992762,0.9506005228757525
14039,-1.4361918061081123,0.8672279215945515,0.7006458664304487,-0.5750574098660268,0.9799229309405406
14040,-1.4527621554149561,0.9242489792736545,0.7132329021079247,-0.5887230860069972,0.9995839342174057
14041,-1.4566644639084905,0.9207209112296784,0.7127556733453481,-0.5632133003183473,1.0050140860690484
14042,-1.4251352144233427,0.8232468003389598,0.6951522755242542,-0.5767651519815499,0.9596383875907634
14043,-1.4700967186296134,0.9691368608606534,0.7205323085506743,-0.5941436452687093,1.0147739384278962
14044,-1.4709426779485093,0.9884119053368295,0.7091350169277406,-0.5688626685732461,1.0301203849514275
14045,-1.42523127929595,0.8615872625865125,0.7064858737166471,-0.6123714964975241,0.963422061481156
14046,-1.3288032722013052,0.6132561782022538,0.6675983703369226,-0.6100555439410218,0.8626212505682436
14047,-1.5149304454124253,1.1626562266756555,0.7362387679569594,-0.6268467083483117,1.061787222327372
14048,-1.5503826991005136,1.272422610506282,0.7417180282480621,-0.6335790849184103,1.1153032012267816
14049,-1.4105487411057342,0.9847123619734548,0.6944191242561923,-0.615936306784019,1.0014137573145152
14050,-1.5152162575447827,1.1543569020226068,0.7213448961925029,-0.5935995910337458,1.0685658500322326
14051,-1.549163363506794,1.3127014118508622,0.7497369551875206,-0.6683795253733058,1.1154446452782005
14052,-1.4929008111768582,1.1410942626619993,0.7288524967175799,-0.6419457098630764,1.0558428671045201
14053,-1.4949110449709335,1.1943792672977773,0.7096817894781686,-0.6116509322039073,1.0851630736559965
14054,-1.464456797036221,1.122753538668737,0.7072059704421815,-0.6011000936388124,1.059597094185548
14055,-1.395576485405411,0.956831562502716,0.6677021768575796,-0.5791244998295458,1.0114123008700873
14056,-1.4415118877826658,1.0953272139739387,0.686942353704689,-0.5877343343447163,1.0558104330749842
14057,-1.1516348113477293,0.3766234452531299,0.6239590687785852,-0.6139211362503842,0.7522167700211692
14058,-1.1869004947305453,0.4424664220379246,0.5976149521698456,-0.6099386914226753,0.7821817978359887
14059,-1.3324332126685425,0.770926641583609,0.6671302873568984,-0.6146642083969018,0.9114425454537897
14060,-1.3042181334529468,0.7230186113749513,0.6312578794575479,-0.520596627649596,0.934695153891744
14061,-1.2505551759852205,0.5701993915350667,0.622452177878939,-0.5898904483456734,0.8575078778548991
14062,-1.2648178542593291,0.6612781987137639,0.6206687460010386,-0.5198603190670535,0.9044201404408526
14063,-1.2015597307558585,0.4441606161065256,0.6211518105621066,-0.5534220150510673,0.8125096963359288
14064,-1.2801432604675846,0.743708847432266,0.6572674615187138,-0.5908664565839954,0.916813841529373
14065,-1.352626934445843,0.8209515230131303,0.6562290905999916,-0.6060026678070463,0.93843484771012
14066,-1.223136464250448,0.5770581954551881,0.630615752631127,-0.5698464770799249,0.8570284668398708
14067,-1.3563651243503336,0.8688671764249504,0.6448933368054927,-0.5339284082431301,0.9566633650379105
14068,-1.2948354092463321,0.6996267808840244,0.6392380261047612,-0.5633913940140824,0.8911078837946811
14069,-1.450927299170642,1.1297699356031996,0.6437490397938535,-0.44848187787223937,1.0819474778581133
14070,-1.3332603796111318,0.7501952640968425,0.6730532653266397,-0.6510971122912067,0.8838092049526712
14071,-1.3555165423816615,0.8966126368546514,0.5939735611329661,-0.36423134649095334,1.0035274679125596
14072,-1.2967960916960728,0.7260488646612014,0.5937935623057172,-0.48200561261108815,0.9195504093009134
14073,-1.3342521616327785,0.8931497414640154,0.593865150696955,-0.4312745619321834,1.0043678256265922
14074,-1.341890989319449,0.8317821222736183,0.6134734314614146,-0.48339314634064007,0.9579918750705526
14075,-1.3386303552142274,0.8321838425390446,0.6373635210125594,-0.5515356672642251,0.936472834319196
14076,-1.332527803855213,0.820846045308798,0.6252024904048342,-0.5128971124037808,0.9430663460372679
14077,-1.3581498375626149,0.8838566618790922,0.622632017788138,-0.5038012474405035,0.9695150138663774
14078,-1.3831059021536547,0.9297768627017502,0.6639663265137471,-0.644010454388504,0.9626382594570249
14079,-1.2851955485677526,0.8080956949105548,0.6373859779542292,-0.6073476026330539,0.8957367253151526
14080,-1.3845670448348084,1.0062699097362993,0.6600079817441425,-0.5836388164853024,0.995993932536321
14081,-1.3546043269227732,0.9228706511984922,0.6259031961655135,-0.5687173968905312,0.9629021578292237
14082,-1.4205271888677458,1.1402044268444527,0.6209506623729067,-0.4307071230853405,1.0736276892684655
14083,-1.378170088623242,0.9995387017714223,0.6292644258247865,-0.5370179650570349,0.9981598047397934
14084,-1.4337854032779906,1.1608007649464136,0.6683956803023667,-0.5617298839638311,1.0478864032925275
14085,-1.3364194437244343,0.8905106747811908,0.5961384473719737,-0.4645727125448922,0.966411988208059
14086,-1.4007449674120154,1.095206188023378,0.6364335205277908,-0.5152268916339124,1.0377226080007944
14087,-1.354464798507633,0.957911585862649,0.6522451192319023,-0.6253263061776331,0.9612843975673513
14088,-1.4290717630684857,1.1458582668612294,0.667676834572531,-0.6029960826538144,1.0395135248376897
14089,-1.384106369955819,1.046121172996843,0.664009247180787,-0.6429949490700263,0.9915446686052397
14090,-1.3709733611365822,0.9471631482815676,0.6695742883527893,-0.6766893621248793,0.9435743640251893
14091,-1.371778648853836,0.9988285617103015,0.6594311318880737,-0.6067596919537904,0.9713368364845818
14092,-1.4326607289109794,1.1702435037310062,0.657369001143536,-0.5497427494405852,1.060469828900401
14093,-1.382244244520853,1.011363434637179,0.6373826389813226,-0.5719154366298425,0.99091304500169
14094,-1.4618239444513474,1.234459039854509,0.6859340629613968,-0.5842245339685371,1.0728569104964685
14095,-1.4788509440584217,1.327889443416376,0.6437173433977684,-0.47828349955685756,1.1435717718061245
14096,-1.362065759130411,0.9634152156630692,0.6426403035330674,-0.5764113427868056,0.9700555310466162
14097,-1.4377138375699956,1.1776833021956832,0.6743281861591214,-0.6088642002928027,1.0491525316272823
14098,-1.4454007671624642,1.2084878557389862,0.655501075177035,-0.5686686414241797,1.0666632905726185
14099,-1.3880500122467667,1.0050090328417811,0.6697762034158558,-0.6018501868166596,0.9722434577226033
14100,-1.3913953817256044,1.0334963181202814,0.6462678155641602,-0.5624141237313466,0.993081195431614
14101,-1.4119093245182903,1.0641925036743678,0.6944344028591181,-0.7015143958090279,0.9787153483821398
14102,-1.4016375555531406,1.058459643972359,0.6704806050621441,-0.6282728243155794,0.98840155925621
14103,-1.2590050082245994,0.6781777456106038,0.6255337591986092,-0.658125590553132,0.8373484165691202
14104,-1.3490845352802852,0.9443631527157977,0.6373303162932892,-0.5688038712140724,0.9511357724632727
14105,-1.3376521872797877,0.8899484515985575,0.6763061923759071,-0.6969559357225331,0.891804212346239
14106,-1.1779739913962313,0.5376501104821826,0.5736652157240331,-0.6150015038357232,0.7820413257785777
14107,-1.3698025224069446,0.9730176472629085,0.6475435603244597,-0.5627944457875237,0.9631278012111094
14108,-1.2751690221007543,0.6222168636529786,0.6416212784174297,-0.5709478784230557,0.8477580765885775
14109,-1.0794848827193808,0.026554143436655363,0.5710858733556627,-0.5776437530181529,0.6254375159395278
14110,-1.1965402936741667,0.3294204211623828,0.5576938629414973,-0.41936612274316537,0.7950145302810693
14111,-1.1295242468155575,0.1662725082759305,0.6127593666143524,-0.5927794193798177,0.6890080239425975
14112,-1.1717144831620634,0.28863917507820697,0.5439084447397178,-0.21381844378297402,0.8270100080936147
14113,-0.9789273864320901,-0.3752782656221256,0.5352193871651677,-0.47881317204545004,0.5190551199233583
14114,-0.915925402227281,-0.5817096683574678,0.5207897941315278,-0.46912008055582294,0.4674410503974013
14115,-0.9918686832963574,-0.4740816587550668,0.5840061663548294,-0.5211557010237481,0.5093151429296094
14116,-0.9688585362127116,-0.5281950607385636,0.576284163731537,-0.5493629324925752,0.47688026043360154
14117,-0.935044353371644,-0.5904159307686229,0.5710824031249173,-0.5495056146317259,0.456599164789711
14118,-1.0483883925922106,-0.30980610226794275,0.6020868383029419,-0.4844032713467722,0.573315466988245
14119,-1.1280199269295608,-0.05618021513970786,0.59548257342502,-0.3576681597272396,0.7118819566063977
14120,-0.9507604110976672,-0.5592853964853447,0.568269667229116,-0.5238104898659209,0.4737315592207255
14121,-1.2740424244453747,1.0887847864341293,0.5769923191331817,-0.504774626628389,1.0325029327931607
14122,-1.3995868478904736,1.3812661001130504,0.6518359654757063,-0.7124822651881348,1.0381912886754223
14123,-1.2795296803637948,1.1419320683692495,0.6198265175532103,-0.7367108644336449,0.9297463188137242
14124,-1.1687574306606037,0.9857565148538122,0.4851856314339133,-0.5338395987945128,0.9363800748931481
14125,-1.155789132094705,0.8450163138645099,0.5543689678606578,-0.7098446565542573,0.8228970428331671
14126,-1.3464338654027788,1.3406493688225851,0.6001070486676129,-0.6862023437101501,1.0320599019656145
14127,-1.2566577422850131,1.1043085756174484,0.6074764662121889,-0.7723302244152667,0.8985629310596353
14128,-1.1611351676065542,0.9304253290921534,0.5855844691580293,-0.7787298952260743,0.8467658623704736
14129,-1.4802208643741834,1.6298782237652896,0.664608776173164,-0.6807608896060386,1.145707162469114
14130,-1.4251664688088252,1.5111312746733865,0.6584048076663253,-0.6984823818619627,1.0968800072880265
14131,-1.392874675420562,1.4106319996112773,0.6482714009960598,-0.7443679693726389,1.048208910824593
14132,-1.3522749264400435,1.3623625641618768,0.6401722769072334,-0.7046098798506127,1.0452301103679846
14133,-1.4574461135746144,1.697428238754565,0.6006308278233942,-0.5253663061437354,1.2034606517676534
14134,-1.3649550185487769,1.3879135528892748,0.5941036920045927,-0.6415611776343026,1.0629753963215411
14135,-1.3980954452163712,1.5289575146503747,0.6594296294711812,-0.7323868445327826,1.1140913075401986
14136,-1.3631344564437067,1.3163663819023623,0.6151134777858166,-0.6542362884126403,1.0353185057739804
14137,-1.4423872033014165,1.5242076731814274,0.6356051970827384,-0.6129946939883527,1.1309589025596922
14138,-1.1347231666897126,0.43078309714597157,0.5724891789891294,-0.5795462079266018,0.7839015777284413
14139,-1.2756111253101998,0.7332724416772706,0.5959724563405121,-0.5406350976498977,0.8968528237735082
14140,-1.3580407858243777,0.9348884262003385,0.6647775855889774,-0.6473376858717674,0.949570984687759
14141,-1.3814228993853295,0.9404735380836259,0.652708427422393,-0.583620203871024,0.9647909278971153
14142,-1.4106199593176885,1.027157357453101,0.6855780606276479,-0.6336644594925932,0.9810764492811322
14143,-1.4799496263477243,1.2343337434784665,0.686327466876229,-0.5794008054977602,1.0892114106131372
14144,-1.4834127451851986,1.222234195453241,0.7052821361828995,-0.6267954856620176,1.0748295981932638
14145,-1.516155283426774,1.3025857353245474,0.7195607195862758,-0.6482203135414957,1.0970374834786671
14146,-1.495665644730142,1.268076302967554,0.6695469451977767,-0.5301575112741631,1.1047369915431984
14147,-1.5010032861728773,1.2701608365512882,0.705462700037255,-0.6101917343347525,1.0966425007183354
14148,-1.495533381982767,1.2870638322693706,0.6770425133283464,-0.5258054606694421,1.116351037746918
14149,-1.5427045438174372,1.4843085011714303,0.6454105075130682,-0.3731885253468304,1.2208040499187875
14150,-1.5544320285757893,1.4489459528845479,0.7203279539951045,-0.6036093411509612,1.1723969387280953
14151,-1.4772245068957868,1.276949108170206,0.6261868893948215,-0.46038389010353653,1.1324670620522417
14152,-1.5354332198006782,1.4066817217805103,0.7503990898105711,-0.6826904504835679,1.1244556873552514
14153,-1.2803114688749566,0.6870654963633664,0.6310813673587009,-0.6722147871053521,0.8478053235310107
14154,-1.494923632326327,1.3322505502485735,0.621881096701065,-0.38174168355796617,1.1617935350766788
14155,-1.3754031327231095,0.9971976143045583,0.6202194505886744,-0.4961435934119752,1.000127528566483
14156,-1.4634953506744857,1.2485264168290686,0.6458427840164584,-0.48861784929652424,1.1083057215008016
14157,-1.4498523908637722,1.190693424758859,0.6548919528808048,-0.5298226495307699,1.0726683838487636
14158,-1.3824528976311008,0.9798796256671611,0.6702820235265029,-0.6473608209679517,0.970965104105303
14159,-1.4050607889140057,1.0461632947700679,0.645835303271106,-0.552596258499996,1.0106019885002457
14160,-1.545378223260588,1.4688640177987757,0.7001765705774369,-0.5494661350776527,1.1856560439342492
14161,-1.5530976356557866,1.4296268454143186,0.7460306429259475,-0.6805950412515266,1.1350404445734208
14162,-1.4951706991189289,1.294938409406652,0.6585555110203175,-0.488704555526617,1.1303227993329006
14163,-1.6548999667269966,1.7888734728017688,0.6557977675386939,-0.31035128602311407,1.3697550111260566
14164,-1.5141697645114158,1.3592238434736934,0.7181195481812133,-0.6388379133258832,1.1248045969654943
14165,-1.31801106389188,0.8441219686335629,0.604401340921194,-0.5308091288564643,0.94291830237923
14166,-1.4188234073498207,1.076483291124236,0.6683478702853295,-0.6002083516971347,1.018333314224235
14167,-1.3766034068646222,0.9865030790076194,0.6457713423981113,-0.6090291350661649,0.9691842023601313
14168,-1.4948728394029496,1.2668973258675298,0.6890487213165528,-0.5992818983859257,1.0869283310035507
14169,-1.5021646700514144,1.3393995625868946,0.686635906310273,-0.5774534174902037,1.1290451128472785
14170,-1.4134091540515406,1.1083737156776425,0.6314003405643991,-0.4617234989527653,1.0518119327614561
14171,-1.4405242449590292,1.1479387357519089,0.6870370856535739,-0.6262393436974831,1.0379598135625352
14172,-1.4151000252500656,1.0674307737443676,0.6754840136196893,-0.6145271479839866,1.0066848843216691
14173,-0.92474247416622,0.35159923909623003,0.49767695693239666,-0.6332911562817004,0.7062463523481017
14174,-1.4771872006839946,1.4756590359202315,0.6570737852689731,-0.6022560678404769,1.131014482057145
14175,-1.3147754131671088,1.0674630253307809,0.5995947867588375,-0.558168256555441,0.9828182418309386
14176,-1.5245252920219226,1.5501603789495095,0.7053330713351765,-0.6768085785836357,1.1494398573159226
14177,-1.3329475054567763,1.0808132589749617,0.6032505685925456,-0.5714347893161682,0.9873373780212732
14178,-1.3529993429053904,1.1024181853364288,0.6481515553452284,-0.6745927864791921,0.974355995667063
14179,-1.4236485062561701,1.3774418551923353,0.6004538861224422,-0.5130543840513359,1.1318186136509107
14180,-1.35781045190133,1.1334012019524313,0.6559932093239922,-0.6642105005746097,0.9873474305655447
14181,-1.5046707825822816,1.5569224878744052,0.6559033400759193,-0.580275431391056,1.1796829522719003
14182,-1.4080374929818456,1.406974721044731,0.5733581299251299,-0.44062505265483454,1.155624216057782
14183,-1.4707994564764046,1.4545849179178243,0.7033305040091293,-0.7081460080700063,1.1028925118287671
14184,-1.4196776509688047,1.303243848710721,0.6585816533749369,-0.656150182006716,1.05233128059245
14185,-1.4489010965456577,1.3855269081343033,0.6673132255047338,-0.67243092278165,1.0819543273586714
14186,-1.380123932700279,1.196780569466431,0.6421243619285989,-0.6593858723667824,1.013335918245596
14187,-1.4794779301828394,1.5137764922394932,0.6694713802507739,-0.6164122331503719,1.1533340562305465
14188,-1.3309722834385689,1.0711556468806036,0.6177367638504395,-0.647250277913515,0.9591988048995032
14189,-1.5270123981302328,1.6424552446503342,0.6973201445602943,-0.6627983567669549,1.1829677439531643
14190,-1.3593882241388282,1.1775311160462496,0.6420559019862648,-0.6963694267841917,0.9946762020880447
14191,-1.3232079644040668,1.005115202708513,0.612030009954527,-0.5610488141311539,0.9822122973035008
14192,-1.510505678683347,1.4366736957481219,0.7264444557737151,-0.672404655002207,1.1167998324837247
14193,-0.9638821278621714,0.5699707445127205,0.3586663085031247,-0.11985375257409395,0.9817003208411048
14194,-0.9351301033031199,0.6219665347669661,0.49347181553268543,-0.5661852137177099,0.8419120695477513
14195,-0.9628889386834183,0.5071812870809939,0.4792815050040513,-0.5601872243600332,0.7576128065337312
14196,-0.17174251589478856,-1.0050601944767608,0.14577111645446958,-0.10625352365657607,0.47454151301027286
14197,-1.173848057885895,0.7669744780965572,0.5142626150664821,-0.4346149687649489,0.8779872770378225
14198,-1.0687462779523427,0.5780050274680651,0.39661430766947336,-0.3616184349462141,0.8474803630206899
14199,-1.0629217744312331,0.4468559627699761,0.4922130621009217,-0.5693569077975656,0.7472217765942948
14200,-1.224780876648909,0.7960878704281665,0.6054392113644749,-0.6894794094421389,0.8587940614257499
14201,-1.213366699150402,1.1016606571765728,0.4685761036186454,-0.19853677866444663,1.0421582991124374
14202,-1.2301005029015655,1.0663808721019792,0.49528183888138944,-0.3368029583841079,1.0214750592617088
14203,-1.4479996402061,1.4166028753210609,0.6944745317651154,-0.7143347604995937,1.0788888262862297
14204,-1.3794318218946746,1.2625642238382127,0.6692129407713027,-0.7024172656742758,1.027216568645704
14205,-1.484916446514198,1.694507669106325,0.5426702308421295,-0.3059432327382702,1.2753696193582413
14206,-1.35433183667565,1.2470605761105829,0.6601924133819688,-0.6787270480393032,1.0176228372940885
14207,-1.4176778918631185,1.4698590287627729,0.5784530862429936,-0.41125964166975576,1.1607180560677401
14208,-1.4934581289849156,1.5635503867533924,0.6892223788193637,-0.6885609176019698,1.15340099626156
14209,-1.3943280356520888,1.506544800261178,0.5391463947966594,-0.3338217444330023,1.1879956072959867
14210,-1.4117205653344178,1.3394682247989766,0.6547601695589257,-0.7022699993208278,1.0467981650131506
14211,-1.4590803765156846,1.4777886794270036,0.6935717975161121,-0.7443367884777026,1.0994873478542138
14212,-1.458574631458564,1.4778573096169838,0.6829796618467031,-0.7387206562142276,1.0981474371753686
14213,-1.4454545009369317,1.4310565101236374,0.671654415229771,-0.6846020813498066,1.0943440823118258
14214,-1.4413927021098583,1.551681762685493,0.5889002001639008,-0.4515946275921724,1.196368445216137
14215,-1.4139770954701243,1.412520713323749,0.6529182144132699,-0.668202192615254,1.0892447986503173
14216,-1.377732519900162,1.3198639395417877,0.6130271450822746,-0.5959491850230993,1.07576977366704
14217,-0.9569633412685703,0.3231172692868361,0.3627293150514951,-0.4141060060074804,0.7491135158775208
14218,-1.2140603792493077,0.9902418175862725,0.5455030207303031,-0.5109094856975124,0.9478800633512031
14219,-1.1148457580039668,0.639070936638101,0.5584511737047256,-0.6581057704647675,0.7965242789456691
14220,-1.180612403571241,0.8486291855377193,0.53433771107346,-0.5305622333701949,0.8927248196935118
14221,-1.4023451545052659,1.3649021685224347,0.6588564984536285,-0.6717378509022948,1.0649646769335763
14222,-1.3565739436261126,1.3046636943876244,0.6091530935129029,-0.5484130380229315,1.0766129425236275
14223,-1.3365632477448586,1.1509537998668062,0.6228764094321865,-0.6786147081153598,0.9943835072474193
14224,-1.2328633804906992,0.9089263941534026,0.6065999803686731,-0.6902359242472298,0.8805302444041008
14225,-1.3784889983264519,1.326180774455489,0.6365289955975064,-0.6475914037891829,1.0512690399227154
14226,-1.27013726253518,1.0992787327947933,0.5504955328357488,-0.48481166501387657,0.9997994395721221
14227,-1.3417866475056353,1.1999606330305699,0.5870390023526448,-0.5510026364319791,1.0276525940567414
14228,-0.6168002655304108,-0.29347027504723894,0.3986849112620656,-0.5724671172938028,0.4777656705233164
14229,-1.4136821174201675,1.5947665659659502,0.5866400187609452,-0.49966605332923875,1.1733090680990381
14230,-1.310512739585184,1.2648758401965383,0.5740486900402674,-0.5575448382598747,1.0326520807702948
14231,-1.3377447471396875,1.3365898110361092,0.6082589971498127,-0.6105341040879553,1.0430428853720024
14232,-1.3323997250180382,1.3324894507724445,0.5967277289230332,-0.6584076302910332,1.0389654614235795
14233,-1.292706807900071,1.260978708451286,0.5960584926952226,-0.6752220950844121,0.9943200622598956
14234,-1.4141097162349414,1.5361895307067974,0.6458355609875396,-0.6854439316505312,1.107547553340359
14235,-1.3358464183984051,1.3591268406156545,0.6054765058572147,-0.7074576849625456,1.0349284519888964
14236,-1.3413486143210545,1.4070822690840343,0.5819123388933407,-0.625723266262169,1.0750515647849872
14237,-1.3424603332448097,1.409488165830038,0.569625841486269,-0.6091265250917339,1.0792940951554373
14238,-1.2127341501278848,1.0819980488537526,0.5920335513392412,-0.7374869552407448,0.8925738857453346
14239,-1.3484644593576636,1.4553103595241355,0.5964379912819299,-0.6483947621535189,1.0690065318442814
14240,-1.397122909447602,1.5878572588907163,0.6355656935121831,-0.7370952091160294,1.1060279037747724
14241,-1.3091412236252848,1.369149538119441,0.5988029762249251,-0.6763775697301659,1.0244103362361199
14242,-1.3088292464263203,1.3868540845344035,0.6063787301772428,-0.732351351737217,1.0215476533217414
14243,-1.276761910580317,1.246263658583007,0.5986078098599923,-0.7382757872669096,0.9618256300406309
14244,-1.318172823735093,1.4158373781223457,0.5929986926841783,-0.6852355136082884,1.0316393846243683
14245,-1.4264641522628927,1.6918071338819143,0.5984290806080281,-0.6322972432566528,1.1576792566585732
14246,-1.3236807780840323,1.4184142294133708,0.603362390731063,-0.6668389601997314,1.0514250160459175
14247,-1.3309451607232612,1.4467675002245768,0.5864567892787687,-0.695458757122095,1.0513947055798942
14248,-1.3020080195574022,1.3793471510404736,0.6069536728047461,-0.716115176356772,1.0281732951987728
14249,-0.7615630128771345,0.1344483164649641,0.38415830539893986,-0.48431620411046633,0.6291972499992186
14250,-0.7866762113352574,-0.23767384973193392,0.4323375581540716,-0.5178625283004379,0.5300135348669843
14251,-1.0820355390395886,0.32395800590748236,0.5569094168116034,-0.6610858061667509,0.6712547110337741
14252,-0.9180298868939777,-0.014916160082119814,0.5202890256998814,-0.5733645010794189,0.5865771869808679
14253,-0.36993916813003647,-0.6352604321461909,0.23664878901216402,-0.28733806810828966,0.5579060852660258
14254,0.4643220638189768,5.49083419911203,-1.2757089686699017,1.5245394691466536,3.007546785929401
14255,5.017191549183198,3.2535148981409576,-3.46421940458919,1.9563015316604566,2.28126038366607
14256,5.661223547257949,1.8787167199612194,-3.5749888505286918,2.652028733117147,2.230513401660733
14257,-0.9305881410994824,0.017749694655464877,0.5577825107775082,-0.9256585026180536,0.4426825998792616
14258,-0.8857047312246148,-0.0860845320487687,0.5358909239724753,-0.9053383359545563,0.4150729660117743
14259,-1.089905503658131,0.6650837161416965,0.23162353210338843,0.10486347014313861,-0.9796761432581644
14260,-0.8380399721108943,-0.21433961603811066,0.536739074842767,-0.9796693845850886,0.31913542407157103
14261,-0.45456904149558197,0.09169173909599602,0.12088631029491734,-0.13653557453546394,0.7245649906968046
14262,3.070895853356009,6.41613945347705,-2.9068452585318676,4.1172647679126895,4.674485815963953
14263,-0.6698402645692472,-0.5582356384786613,0.4751839968744146,-0.9378291867641133,0.2002608216433881
14264,-0.6752345668580004,-0.621963834907709,0.48455051148717915,-0.9790862306753761,0.1579318914318824
14265,-0.660674325643338,-0.6410837883076385,0.4894051756116816,-0.9818635372609991,0.14348826048421331
14266,-0.6710019682441142,-0.614128645410145,0.4814378165659415,-0.9805042025712974,0.15674445434201803
14267,-0.6577361213492957,-0.6263345189705984,0.4870856455456249,-0.9940062410983136,0.1418036325642671
14268,-0.6764597815992878,-0.588895776762029,0.49791567415028376,-1.0020479874485801,0.15011586810728525
14269,-0.7052415757635548,-0.543817537447639,0.497166720406531,-0.9997038980314041,0.1725635520950065
14270,-0.717456319508232,-0.5092150009888774,0.5171821809134053,-1.017238178509492,0.17624904160688357
14271,-0.7139043410084661,-0.5072236553071531,0.5153547656836089,-1.0216307725433937,0.17600557677980558
14272,-0.6242651865117587,-0.533479063069503,0.4656338237025459,-0.9408565690667022,0.20820110678396847
14273,-0.677151307942462,-0.5625392884165495,0.5056654879838339,-1.0022591231566609,0.16419554708694756
14274,-0.7387559342120068,-0.46753052415299023,0.5258894616914034,-1.040601155588837,0.18219348178221154
14275,-0.7496751928597956,-0.4252716259084531,0.5245666727987006,-1.0359684603161,0.19775024100177746
14276,-0.7491081391477786,-0.42562658564274514,0.5272964128150284,-1.0503327674366871,0.19408365859345036
14277,-0.7555837329998814,-0.3951989562559488,0.5382930244944191,-1.0431838342560575,0.20025263467953092
14278,-0.7690964756917696,-0.3681220364776878,0.5308880785279583,-1.038144166726291,0.22015060148609955
14279,-0.7376448625283318,-0.38456820098977573,0.511151917815636,-0.9758268075944544,0.2385919503956777
14280,-0.7553157373592517,-0.4071184979337019,0.5267138975229204,-1.0099208244123334,0.21528573675482154
14281,-0.7437652846675261,-0.3970713576734327,0.5256310220853286,-1.0201073131222314,0.21355507999717904
14282,-0.7650038823249266,-0.3758224208046928,0.5326318287288129,-1.0267250802752925,0.21843489545820147
14283,-0.7640142862141045,-0.37948314293799246,0.531707658911365,-1.0349002900066788,0.21712691138258663
14284,-0.7578056997228141,-0.3847530443873263,0.5416080479631775,-1.0407853393991873,0.21006544290214413
14285,-0.7348555466756357,-0.45417761484402824,0.529605652057169,-1.0530574392134646,0.1828535104498246
14286,-0.7695288006858494,-0.35597106050229804,0.5350331279763559,-1.0135097657186758,0.23099043469682504
14287,-0.7796551420697807,-0.3413975498637164,0.5195948730926319,-1.0167272007959895,0.2433066625943589
14288,-0.7821406686955746,-0.35105168089971484,0.529213286176019,-0.9921027489107704,0.25365436448898565
14289,-0.7911850704315517,-0.3713004458027398,0.5388019864235698,-0.9860113076738956,0.25249133457160516
14290,-0.7571081887834754,-0.4303965457959983,0.5299766109457429,-0.9995107340789331,0.22126208821401783
14291,-0.7719851841317213,-0.37513283885455084,0.52877875055927,-1.0118444621167102,0.23208451450657286
14292,-0.751903043822924,-0.4365131744366663,0.5299543170396012,-1.0321937819471738,0.2017231610893582
14293,-0.7992196500940962,-0.31002516505342165,0.5331795487942858,-0.9818552456025913,0.26888626227461987
14294,-0.7811686696722154,-0.37763143441678937,0.5308036942920217,-0.9886257077632608,0.244511619403395
14295,-0.772761337828174,-0.3909626821300251,0.535413125282541,-0.9891971222788879,0.23957619353195395
14296,-0.7713939725433546,-0.4159572557890507,0.5298983101737257,-0.9886294481478651,0.2333003860597611
14297,-0.6895742565008787,-0.46136460890791264,0.4947900577867038,-0.9652889382539197,0.22811579383764874
14298,-0.7428705269008078,-0.45943835925099047,0.5263470851149419,-1.0106187098915977,0.1991790932418285
14299,-0.7445981056697885,-0.4513127129185664,0.525385819756945,-1.002948456420818,0.20722889721324997
14300,-0.7522157146843568,-0.4609495693883877,0.522528185366253,-1.0070963596169489,0.20596556059013424
14301,-0.7418367234836727,-0.4594844179770055,0.5246226045363618,-1.005653307990336,0.19961739924637945
14302,-0.7505297180555033,-0.43395649165070604,0.5228821720938999,-0.9850402081071958,0.22011026281657883
14303,-0.7546096332990688,-0.43317289341007814,0.5266950523727636,-0.9980976062990697,0.21553533559342847
14304,-0.7307605690377965,-0.4873354567305931,0.5186804389148305,-1.004215421006612,0.1964366060877287
14305,-0.7459058600590941,-0.4528483134350519,0.515389551839973,-0.986149754227993,0.2134799081172362
14306,-0.7607725055439931,-0.4154707850985087,0.5208952907826847,-0.9700359652086527,0.23382506277283074
14307,-0.7676514909546039,-0.44026898245637797,0.5274259689072022,-0.9723472797566233,0.22738352182767882
14308,-0.7579024896731738,-0.4540504895757796,0.5317062370540921,-0.9898393313399724,0.21841536647876558
14309,-0.7404480706423198,-0.4985223043524822,0.5261903124237318,-0.9919877541888351,0.1980844385447668
14310,-0.7473689405339288,-0.4880024641273107,0.5168047128701282,-0.988022497468524,0.2053227905908035
14311,-0.7379918660980332,-0.4910411945372522,0.5187307407979674,-0.9941553587399587,0.19719526413117358
14312,-0.7463867207297895,-0.4624922143964181,0.5294111983849439,-0.9881150550538653,0.20688918273944187
14313,-0.7367732316586473,-0.5309558181549368,0.5149253159486973,-0.9828583950465921,0.19507158657950052
14314,-0.7106625991174637,-0.5930393108233477,0.5152276617279334,-0.9637071274454685,0.17803979332692724
14315,-0.7008153460430595,-0.609737057439679,0.5179610922261833,-0.969244315420128,0.16808410788955355
14316,-0.7039689005780599,-0.6139276229674492,0.5101252994912078,-0.9635305057465792,0.17114439562943123
14317,-0.7124814608241173,-0.5896550099260414,0.5150585269199898,-0.9653066292598317,0.17644618658076155
14318,-0.7027825855844627,-0.6236525332805124,0.5117171512595579,-0.9731184188294779,0.16383626935287499
14319,-0.5796901070317996,2.8876022343682104,-0.318667060998358,0.9230759913507737,1.8664952248412225
14320,-0.9722010571837726,0.20686302826118536,0.55513505154854,-0.9291813085120325,0.48224940110642806
14321,-0.8608192050924549,-0.08566476705113434,0.5372093330247903,-0.9691688596246864,0.3544112733679517
14322,-0.9209088931277558,0.060983738630713887,0.5493613859439263,-0.9335337395107326,0.4240848232020151
14323,-0.8621525032698935,-0.09232960139104761,0.5396109022707892,-0.9615477725579339,0.3583392976601179
14324,-0.867072488907209,-0.0922775529818147,0.5387051642115863,-0.9375630899611841,0.3663491317561787
14325,-0.8478622561702343,-0.1649885978658855,0.5385492024221383,-0.9582710473454097,0.33635565100139625
14326,-0.8539908504054664,-0.1276367883618519,0.5381964146363793,-0.9451746312304778,0.3513429339348818
14327,-0.8416682437633325,-0.16211013086080173,0.5265358483813954,-0.9401175951577889,0.3415346766067107
14328,-0.8535481442403168,-0.13998312222578654,0.5326283887228515,-0.9348640467044019,0.3522475087512604
14329,-0.830071038930125,-0.16345154461790862,0.540860407356954,-0.9666861881006473,0.3218113297714918
14330,-0.8112875200165877,-0.2066787161738683,0.5216534954536602,-0.9878764677825339,0.302461923391826
14331,-0.8096745850380141,-0.18482771619104735,0.5287264511200881,-1.0014610975679554,0.3000845128105954
14332,-0.8423965221586122,-0.12384775172489566,0.5373999303377008,-0.9776041393922585,0.3381414857961452
14333,-0.8334929893923061,-0.15495290184256783,0.5322416969865247,-0.982300011274671,0.3211354882091941
14334,-0.8582009228774173,-0.08092001960664873,0.5424051564597038,-0.9667368280061756,0.35313636807861654
14335,-0.8220762956762214,-0.16448040899208796,0.5285610477585478,-0.9856833445458735,0.31778802954088714
14336,-0.8404111450006155,-0.10962499659807125,0.5302728789412706,-0.9687169354936983,0.33950993092460297
14337,-0.8633386916739939,-0.05373594122702851,0.538437488958222,-0.9611484246864392,0.3640379326099168
14338,-0.7957030655604835,-0.21326495062805056,0.5273054773874843,-1.017077227340951,0.2784550570786211
14339,-0.8199665978737811,-0.13489458584728692,0.5271797177704469,-0.9815673608331826,0.3226162923079591
14340,-0.8128238946742377,-0.16340957861703134,0.5318452244802931,-1.007468657382695,0.30021473311401203
14341,-0.8352892185122575,-0.1050804476513057,0.533717823841775,-0.9860475273649749,0.33285281138037265
14342,-0.821969052731226,-0.15161334323496228,0.5293018725441994,-1.0032049474535334,0.3110253319116411
14343,-0.7871360354930944,-0.15124288172900255,0.5039628800660841,-0.9644774994463119,0.3000445760114027
14344,-0.8560680132885895,-0.039358236245433977,0.5456273751316387,-1.0214358827977152,0.34303734195062974
14345,-0.8157259854674065,-0.16130313148364786,0.5344528876116147,-1.017100617799141,0.2999438753528544
14346,-0.8584870274193328,-0.060771218655180564,0.5459099454889769,-0.9892104032871528,0.34641073690451846
14347,-0.831353983349363,-0.11201924978937457,0.5334427851912288,-1.0203700685721626,0.31771555937381507
14348,-0.817389474200149,-0.13938583927243872,0.5254500476251318,-1.0186107832654696,0.3073261541875271
14349,-0.8348721213403416,-0.09610942780406692,0.5403743549424188,-1.0072617354605335,0.3256269969619513
14350,-0.8263745896706198,-0.11529853230020942,0.5364903011702472,-1.0204464035864393,0.30991787952136873
14351,-0.8209889052069542,-0.14021349728265756,0.5345398757146625,-1.0343752770564851,0.30115350548026854
14352,-0.8385673392833023,-0.0977491040326233,0.5407172011403585,-1.0163053722560493,0.31987867131057396
14353,-0.8239298829951288,-0.12978334493973992,0.5342173717319071,-1.0209407103433712,0.3082494739522777
14354,-0.8415867409936078,-0.09650883318742111,0.5333263017674444,-1.0077993321843246,0.32833922460198156
14355,-0.8294244166868207,-0.13997946518472917,0.5454978900673316,-1.0280260663648677,0.30470899249234434
14356,-0.8490774928859326,-0.08869096136965919,0.5406866570701168,-0.9861769368087119,0.3395657488970746
14357,-0.8263352298396484,-0.13760299462631576,0.5390738189812248,-1.0167833063135896,0.30713710894003243
14358,-0.8403735022189884,-0.1140445978726217,0.5384465821401683,-1.0040020747031417,0.3266421714335355
14359,-0.7992874192555566,-0.20200610858951348,0.5249512579785154,-1.031169591473737,0.2796508976982708
14360,-0.8122724010069178,-0.15509235651388117,0.530818569974285,-1.0281430282101542,0.29333901410717134
14361,-0.8057087554514986,-0.17246926702522736,0.5402175347219157,-1.0390161796441768,0.2827680456217183
14362,-0.8131153441313717,-0.16998921332580724,0.5342136632028051,-1.0317074098226213,0.2913994314589985
14363,-0.7302268833421006,-0.12347453622903283,0.4703456821960489,-0.9124631467174407,0.33670351533473436
14364,-1.1330027601157355,0.508108176493739,0.6145763727948876,-0.9256775509372962,0.5830622478705088
14365,-0.991894506744678,0.08523962512439089,0.6237625015018448,-1.1030635948128427,0.37621601734131066
14366,-0.9769122012861282,0.056928697871339015,0.6141399945010849,-1.0820523279137655,0.37823061675755537
14367,-0.976422789666498,0.039787116907445845,0.6125279842792186,-1.0900515053304076,0.362949784931575
14368,-0.949031882397409,-0.04025443408734663,0.6053054329994972,-1.115165791934438,0.3271511684754678
14369,-0.9667793928346261,0.040614726541992996,0.6153990990661978,-1.0673436645578869,0.3754049573186368
14370,-0.9405768001855168,-0.047199705825902855,0.6147269523986818,-1.1080827334249659,0.3231401309334882
14371,-0.9646958834141182,0.025694306891418106,0.6097523627673134,-1.102074291889184,0.3533461761659716
14372,-0.9557888196936426,0.012701243125586101,0.6095973917283778,-1.0991270124573922,0.3528848786809684
14373,-0.965257057875366,0.07008935061871847,0.608612682721402,-1.0960856989330732,0.3704105097030249
14374,-0.919631329197747,-0.040290475271068105,0.6142133899925226,-1.1337355529338216,0.3040527940931243
14375,-0.9181043405041884,-0.038749071066024536,0.609920709125266,-1.134036425314693,0.3082173766347767
14376,-0.8763478892508048,-0.14526443932316546,0.5954118708981616,-1.1676098987358419,0.2543935218299362
14377,-0.9086802445762838,-0.04038402527093705,0.5965124424553738,-1.1373893399816468,0.3023577452553446
14378,-0.9658936210677883,0.06428617738317245,0.6124862962518882,-1.1154162614900192,0.3593664968953991
14379,-0.9189065776577102,0.0841186484298178,0.5603979953739682,-0.9977367849249772,0.41433998396152055
14380,-0.9628369788224747,0.04581486969180027,0.6096854810032747,-1.092572368373388,0.36288120041601574
14381,-0.9371293129564492,-0.013137633631472061,0.6034604547898089,-1.114108897381289,0.3340964592005015
14382,-0.9231968509440915,-0.015777886422187904,0.6002712091578368,-1.1036997220993667,0.32998662749800395
14383,-0.9474735358169781,0.031316518824512175,0.6044490751023655,-1.0888003257211158,0.36076130467780276
14384,-0.9357138913899199,-0.003976955094188794,0.6040600538068539,-1.114211512490459,0.33286447063903424
14385,-0.9420513417569086,0.0004909077955058523,0.5983637272917847,-1.0986772132542735,0.3472409825330786
14386,-0.9470732268890145,0.03232562148545486,0.5970020775330376,-1.0772379813510773,0.3620361048445635
14387,-0.9231758808551151,-0.03239415384954437,0.6025967842007592,-1.1006326995808684,0.3351717863277208
14388,-0.954081720826382,0.04458080901136193,0.5926622124567639,-1.0633948052821551,0.3721049479966795
14389,-0.9330531809560937,-0.0038298934131252367,0.5995900232572893,-1.0964203931815992,0.3401930574714835
14390,-0.9685874918906956,0.08389392723735606,0.6062877458186681,-1.0630130746503277,0.38608335745301203
14391,-0.9634223393233435,0.06071118675385758,0.6004185147002761,-1.0728737742550603,0.3822510890870564
14392,-0.9213964845130675,-0.0337105431619673,0.6022151029929819,-1.0903058419069944,0.32993885391881644
14393,-0.9256965181503001,-0.02223137485292033,0.5910085323531064,-1.0891423098648234,0.33797525571177517
14394,-0.9442710564991047,0.0286906639077368,0.6008951803187291,-1.0784940289172857,0.35789929702458656
14395,-0.9609136697470888,0.10804144046206031,0.585798443186451,-1.0413834544966565,0.40059200279160984
14396,-0.8794567240006871,-0.03361176268714848,0.5741246610004513,-1.0589835325607417,0.34992053341829055
14397,-1.000669250486459,0.14524511149787567,0.6078419092851588,-1.0841227151771875,0.40910005594059834
14398,-0.9520312833815582,0.08395615537771553,0.5963594743234802,-1.0323315514696008,0.394885068566865
14399,-0.7695144746487677,-0.03852744598663524,0.4785830977804356,-0.8645619170040344,0.42434432940329864
14400,-0.9498695236567517,0.029542967188089662,0.5977821094723679,-1.0948705819671787,0.35887544024752754
14401,-0.9124597459149567,-0.048585883705691654,0.5941360233775808,-1.102363187296628,0.32208127119190366
14402,-0.9291913977110127,0.006392504859713749,0.5990543101989917,-1.1027089409433228,0.34210611433749616
14403,-0.9146349221083697,-0.029492042825426792,0.5940204338999049,-1.1104505688513833,0.32781301042901534
14404,-0.926876122879022,-0.010713548575339843,0.5964870675039295,-1.0901194789380673,0.33939851493808587
14405,-0.9427285866455085,0.022362257984817155,0.6054176479762823,-1.0813961145247395,0.35884233866170967
14406,-0.932499367868631,0.016269115548373268,0.6022216997040652,-1.0818723725053547,0.34717540151424736
14407,-0.9241629598351069,-0.007436598459550245,0.5777096675622996,-1.088881973306936,0.347401179355832
14408,-0.9090374631391419,-0.0669446433674224,0.5923853529466356,-1.0856677430424622,0.32608104138209637
14409,-0.9024141253765061,-0.0525612336824413,0.5802805077529032,-1.0761535589431976,0.33866329736692136
14410,-0.927526036812416,-0.02670126231709615,0.6011390273927886,-1.0800737702621197,0.34185355985893345
14411,-0.916676586997747,-0.037773956644783016,0.5917992546190374,-1.0613112346518825,0.3470293878653283
14412,-0.9096791238355668,-0.08015986496821174,0.5928651382006114,-1.0798758754665363,0.3216481174116863
14413,-0.9274264630041462,-0.058161776247785325,0.5951332732973196,-1.0873500558850415,0.32864418929302086
14414,-0.9072567810065137,-0.054690752882794506,0.5832529323587891,-1.0603397031094859,0.335717613210656
14415,-0.9331129623730272,-0.0018135774169466788,0.6019031729435423,-1.0813817344505297,0.34875126495001163
14416,-0.9195179867645294,-0.04394896804692147,0.5910763708114114,-1.0717592549553023,0.33590664985435204
14417,-0.9161621390948236,-0.07492328012227886,0.589447964248193,-1.0849266889368385,0.32847208814363643
14418,-0.7107092861464259,-0.409542631488046,0.4958814650847769,-0.9030876330516396,0.2771961901475986
14419,-0.9209190941318511,-0.18247922458005755,0.5853187089997681,-0.9904147928503859,0.3329558804963203
14420,-0.9795906258509871,0.0477737510366296,0.5719443286496516,-0.8897632470652879,0.4309014295842159
14421,-0.895146602090413,-0.2826320249183205,0.5870664989826603,-1.0248134504086734,0.2919894311307063
14422,-0.8925859559662318,-0.24374339404051884,0.5824268217747495,-1.010413783583384,0.30201773328856824
14423,-0.8930107667338835,-0.24010430094118565,0.5926240559381697,-1.0435773596756415,0.29174514021434855
14424,-0.9085924582887965,-0.22201819899588887,0.5943018821783954,-1.0301854603104992,0.30564753699475616
14425,-0.907172395367567,-0.2312603331960655,0.5929707313672868,-1.0205679121362066,0.30552880498153084
14426,-0.8982542998762244,-0.22980072036360266,0.5915124027985732,-1.0414522688694232,0.297448623490179
14427,-0.9116311893306116,-0.20092303313208038,0.5961642056231726,-1.0267581426521015,0.31216898761909817
14428,-0.8869855832017335,-0.2822152293531567,0.5957726779161012,-1.0500458757463926,0.27369111800454704
14429,-0.8732777530380256,-0.29910845275556236,0.5915245847422116,-1.0742575052974437,0.25903537491303413
14430,-0.9069489610049466,-0.23460905643169597,0.6069093997049088,-1.0606999070073242,0.28781009849669326
14431,-0.9064347147514761,-0.25515942271446357,0.5901474514494507,-1.0316853113646094,0.29518495950517387
14432,-0.8977238137475047,-0.25045555464257,0.5916653304357272,-1.0348121478804815,0.29546114905987486
14433,-0.8735664165113308,-0.3270930050598489,0.5832587799810207,-1.054567185110792,0.2594385333232934
14434,-0.8963801259047288,-0.26199041167933923,0.5929087532651034,-1.0362908325288542,0.29430854268612167
14435,-0.9025796206740034,-0.2726741324397172,0.5997649206104797,-1.0338933052940698,0.287155414312196
14436,-0.8901584593362963,-0.29669123052138047,0.5929096208860123,-1.046140615495135,0.2762802167249762
14437,-0.9107398279801003,-0.25130524702720297,0.5965159824802283,-1.027389980106915,0.30204127272676906
14438,-0.880177428654506,-0.32384727767305405,0.5970487212989886,-1.0352966609946366,0.26856419562119954
14439,-0.8808202055785171,-0.3614849855418774,0.6004154631643525,-1.0532787494870526,0.2538225935085832
14440,-0.8974535395026487,-0.2946001090115514,0.6023618920840245,-1.0185732342416143,0.28748820289718346
14441,-0.8990197305184493,-0.3104574583677932,0.5999512347519302,-1.0200040046757308,0.28266545171305235
14442,-0.9134449517226747,-0.26082209631191167,0.597593495862405,-1.0029031339732484,0.3059320493825216
14443,-0.9256079481180159,-0.23315109095726416,0.584894991132758,-0.9878882420696793,0.3267107084334312
14444,-0.8847207853552261,-0.31741364386115195,0.6081831483782013,-1.0323411319221771,0.26953925685756486
14445,-0.9175839716967897,-0.2495494041888192,0.6043705785586206,-1.0221736032239643,0.3023352260867738
14446,-0.9075508161639065,-0.3047997468100262,0.6013469557286709,-1.0421992212046576,0.27876181689494334
14447,-0.8445333709427562,-0.2800205520190301,0.5278768676414003,-0.8593050812372546,0.3538481954725878
14448,-0.8418131713942006,-0.13413075058959095,0.494399088643082,-0.7226743583561627,0.4538007524579256
14449,-0.9099992339219701,-0.3171326308924651,0.6109363997982865,-1.0269217097460008,0.28312802758349903
14450,-0.8902809408372367,-0.35985128853735787,0.6055664431305903,-1.041776818069797,0.2595523943234841
14451,-0.9221663209260329,-0.30507238508864054,0.6086960079853622,-1.0234551585249188,0.2848445400879381
14452,-0.9405129105447053,-0.23268075905378832,0.5958598318349095,-0.9820899631695652,0.32661960019649994
14453,-0.9145140844030658,-0.32265385535611024,0.6104472304963017,-1.0154133527167248,0.2890752792186112
14454,-0.9194016078672195,-0.3011843808412299,0.6161795052111189,-1.048425187399416,0.27565657058762794
14455,-0.9108510065911795,-0.31755768794485784,0.6177056930317912,-1.075656090938894,0.26198808875638535
14456,-0.9093076929293239,-0.3144237362160497,0.616726077569925,-1.072887343196847,0.25872631767370036
14457,-0.8931985035817339,-0.3823863721780061,0.6002877062549795,-1.0703109784519407,0.24081637719743398
14458,-0.9283940009996495,-0.27063374766622417,0.6192817091143105,-1.0461393179863339,0.2862572445646837
14459,-0.9194008725035776,-0.3135642135096148,0.6116213690292056,-1.0554492487595277,0.2668393493695046
14460,-0.931785415284118,-0.2779568967033253,0.6200254364761895,-1.0740524148911432,0.2796457038056489
14461,-0.9282363983388311,-0.2994557224409224,0.6188846436704752,-1.0778219208578592,0.26700947095326955
14462,-0.9451352102474898,0.3118546565538195,0.3971178809203214,-0.34184182742216424,0.7409855778681477
14463,-0.8828886240702488,-0.5923243867352797,0.6112331471320712,-0.9537982224506587,0.22194941257039688
14464,-0.861840251574197,-0.6362815814598114,0.5938070835755204,-0.9520387498687731,0.21230043036732024
14465,-0.859245393670039,-0.631328851212519,0.6026877565757601,-0.9811067804379959,0.19853071805726594
14466,-0.8596115643859235,-0.639720344333923,0.5998773503294227,-0.9686725880988009,0.2027771706730178
14467,-0.8591029430551553,-0.6460527446353612,0.5973492071577079,-0.9548069187243166,0.2043755088164367
14468,-0.8727456551586827,-0.627507626249029,0.6077972162907012,-0.9717074772548628,0.20693011034456274
14469,-0.8823643400508304,-0.6021723185722956,0.605606167856986,-0.9603738620188237,0.22032750517454147
14470,-0.8986111043205107,-0.5424907045899571,0.5998704389852108,-0.947303388813021,0.25054839105824783
14471,-0.8795933815703115,-0.5696914524977004,0.6009295276543178,-0.9511024139302025,0.23832880398994177
14472,-0.8610253703454812,-0.6310330265911165,0.602447986519521,-0.9769759029868099,0.20494014775359998
14473,-0.8934450659258243,-0.506219161479553,0.5991475130538895,-0.9433937380135773,0.2581898408601199
14474,-0.8700490740052927,-0.5548280001773795,0.5947006246840405,-0.9626751547231537,0.2379187287001533
14475,-0.8230849164753112,-0.6083663359779521,0.5656698822194309,-0.923388470477549,0.23645893844123436
14476,-0.8926001293398783,-0.5238268259281339,0.6086839063266225,-0.9486391537807245,0.25149463113238635
14477,-0.8846244764358223,-0.5425398636736456,0.6024983268686471,-0.9467446039227729,0.24648020690359443
14478,-0.884853816286349,-0.5731083618826353,0.5936987970515175,-0.9306533158081609,0.2484869714679243
14479,-0.8952090880679154,-0.5556507190495772,0.6036933604874126,-0.9294281775558663,0.25348704713486314
14480,-0.8781844089646862,-0.5712284246749392,0.5970748627728387,-0.9255766442572562,0.24458092174443918
14481,-0.8693905754864779,-0.6294948355876036,0.603528965896338,-0.9577467354513531,0.2136759839144702
14482,-0.8837932925176362,-0.5905823782171977,0.6055718100711153,-0.9531269527221699,0.23153530835899036
14483,-0.9000489288885188,-0.5479575079147189,0.6079464353713123,-0.9440062410441885,0.2505264839642873
14484,-0.8732685075985075,-0.6097004715567143,0.6096394031864772,-0.9607100095976149,0.21799834069400356
14485,-0.9135613508692244,-0.5198780607319756,0.6114958172746872,-0.9427836049333107,0.2585735714238592
14486,-0.9076415905826122,-0.5369745607048267,0.604979767957796,-0.9317829783141517,0.25888326935831
14487,-0.8643291228205706,-0.6060057137570505,0.5901510002848643,-0.927395795406197,0.23748460454004067
14488,-0.8897211908403362,-0.571491576168363,0.6012528509648215,-0.938521016846173,0.24429690624896475
14489,-0.8784524640214163,-0.5707265497378909,0.5933412124416438,-0.9245549610978784,0.2504278018140139
14490,-0.8724619770624688,-0.5900813836359107,0.5941091395724457,-0.9494118073141216,0.2347499940236799
14491,-0.884243635561088,-0.5665546065719995,0.6015562744390646,-0.9540272804739522,0.2396382799324183
14492,-0.8945001314933869,-0.5501765014991717,0.6080993719799083,-0.9401351843375619,0.24895670616364718
14493,-0.8851168086998782,-0.5821165095304021,0.6034071214848924,-0.9719101061470776,0.23029277540490992
14494,-0.9065711622606565,-0.5314168550174827,0.6169900748608375,-0.9647445399003285,0.24585934270308302
14495,-0.8974176639706287,-0.5298250591561359,0.6032278993331619,-0.9467877243209125,0.25773627289521306
14496,-0.9307230849410294,-0.48638731257923784,0.6152212417816189,-0.9526726600233946,0.2740289389991734
14497,-0.9327929186603973,-0.4792902957062518,0.6177924470592093,-0.9678529676722075,0.2694399164480426
14498,-0.948259939230342,-0.4500156625033847,0.6266897884295665,-0.9351825272759838,0.29333111938867173
14499,-0.9295038488009519,-0.5129735171712702,0.611948677813732,-0.9643139714200217,0.2647383010941338
14500,-0.9109954288405137,-0.5217284904339926,0.6037205843633391,-0.8838726230783474,0.2800459830349664
14501,-0.9069688054881033,-0.5455228747030268,0.6085846360131764,-0.9464045232352517,0.25272818767147387
14502,-0.914009731960266,-0.49345905784639543,0.6143969628496401,-0.9274961531344139,0.27780999364119907
14503,-0.9251659016019691,-0.5189103650787863,0.6178914326161953,-0.9541072275993284,0.2600644017835745
14504,-0.9217091627588916,-0.5234428901990307,0.6175895088758312,-0.9597822150736008,0.2570167479259648
14505,-0.9353707566671604,-0.48966564720935046,0.6227579365147492,-0.9701417909683565,0.2673916314076961
14506,-0.9290201537662789,-0.49640619657429497,0.6370041892068943,-0.9617222723841866,0.25902087361749365
14507,-0.8815580930945452,-0.6035753645609897,0.611020887414859,-0.9380273861757921,0.22868100633869454
14508,-0.9142696005915982,-0.4015925413201081,0.5617642127439036,-0.8093715797522193,0.33890322068232714
14509,-0.970007025895493,-0.3517004118824111,0.6101747104569425,-0.970637442231545,0.31733317551045326
14510,-0.9511890970285785,-0.38443166795020023,0.6242714056630256,-0.9337181543924878,0.3103331411803292
14511,-0.9730856128281095,-0.33774419984120185,0.6302377166102414,-0.9303239600115119,0.3304135783001255
14512,-0.9840101463308056,-0.3178859664739981,0.6237465026062158,-0.9305458406665242,0.3390850145774009
14513,-0.9307087159602794,-0.439944594368657,0.6020087272103456,-0.9267488971876052,0.29856745070713486
14514,-0.9306330507400394,-0.4492600426389095,0.6173414633375257,-0.924738613024671,0.2931467947932138
14515,-0.9218774715966395,-0.46981298188743975,0.6096171957967723,-0.948543542132279,0.27843965839201046
14516,-0.9220402573214194,-0.4489641049171442,0.610605700472808,-0.9430732321034978,0.2860538799049122
14517,-0.9483782603994021,-0.4091554324058687,0.6015901581285962,-0.9349349475078574,0.307941157427111
14518,-0.9359581611215854,-0.3862466374571597,0.6053821943937998,-0.891160085155725,0.32338545461577334
14519,-0.9405005783910695,-0.39562469546019374,0.6092047463896795,-0.9444410340601914,0.3070590622652408
14520,-0.9491914878208115,-0.35103261440012934,0.6002990430224653,-0.8940736163756043,0.3302682375059382
14521,-0.9321688556835261,-0.38889503847816204,0.6033217300740061,-0.9168425977650865,0.3105816351455488
14522,-0.9386456380133014,-0.3828882207158219,0.5991563719074704,-0.9173831022338685,0.3168099895995335
14523,-0.9505375138524673,-0.36729543904851925,0.6168076565932108,-0.9495579650404384,0.3104144578946426
14524,-0.9658620068110375,-0.31563012922201844,0.6216844403919665,-0.9464381537712998,0.33102339142398873
14525,-0.9549927430629365,-0.33300523375882995,0.6105184107602797,-0.9490771457626775,0.32145819747927984
14526,-0.9459695722361262,-0.3474228153409489,0.6030226855951114,-0.9356575741693445,0.31899293268754186
14527,-0.9207913096806419,-0.41625011567104425,0.6006598899274515,-0.9395913019169769,0.2969869075349026
14528,-0.9262096794061065,-0.4127082564671085,0.5999396343759513,-0.9379375355284231,0.3004318256873993
14529,-0.8791511947066526,-0.2887533760039626,0.5434791977556329,-0.7540748336267576,0.41878765525611783
14530,-0.958682948647603,-0.4080948661880759,0.6246399527919919,-0.9546227779660712,0.2994545404918605
14531,-0.9550163845371251,-0.42277430100365565,0.6248997663710625,-0.9371610403728741,0.3012235740616069
14532,-0.9356051082172115,-0.4452495647549326,0.6170391621799906,-0.9609193679094068,0.2837001056405546
14533,-0.920740586870469,-0.49569226578272446,0.6130540865524391,-0.9671325538547579,0.26671761015888074
14534,-0.9222817889549921,-0.4881954526931716,0.6205406892882707,-0.9630655379638151,0.26882032485555196
14535,-0.9614708069257892,-0.3801885044107706,0.6105539066909045,-0.8985813332631141,0.33510719290278523
14536,-0.9200067054123132,-0.4989335183212552,0.6291668122752235,-0.9751746329861207,0.25565800917293724
14537,-0.9360890414393553,-0.33887061226564746,0.5909893044331928,-0.8670207083256288,0.3415839206880748
14538,-0.9795061745668827,-0.2773226784599686,0.6218407732922474,-0.9349448745897927,0.3460429860092572
14539,-0.919461363548523,-0.43722738183152243,0.6101181190230685,-0.9739741419819585,0.2737973108714999
14540,-0.9322538077768248,-0.40369058379950895,0.6105691354062269,-0.9550023257069455,0.2960539214112841
14541,-0.9393139823986619,-0.38234286227269054,0.6068603000330263,-0.9516101469772881,0.30494445532048964
14542,-0.9513274716717735,-0.3631922275842796,0.6160005293588567,-0.949042597249842,0.31359637545902225
14543,-0.9311278965921908,-0.40299049013722654,0.6109017801927117,-0.9696667726053759,0.2862845124047958
14544,-0.9467187183833073,-0.36685450117033197,0.6114320496308363,-0.9638168622422963,0.3052999678556527
14545,-0.9213985419298852,-0.41195212345446836,0.6129460133162888,-0.9714363332824788,0.2783232133856225
14546,-0.9266405287945668,-0.38810241521684063,0.6147462005483697,-0.9870606922384952,0.2813600979379281
14547,-0.9170614164603431,-0.40519065212214267,0.6111286542822504,-1.0029002649124914,0.2669394141368253
14548,-0.8987403364186765,-0.436486331920958,0.590414069987357,-0.9499457652391615,0.26852867452778606
14549,-0.918870865676609,-0.4984776242633438,0.6059639188628914,-0.9554257240880186,0.26931443378745157
14550,-0.8808610014063729,-0.6001197593086661,0.5976124723966006,-0.9581640882793283,0.2291504614652349
14551,-0.867885944277561,-0.6189790212407558,0.5968229289999805,-0.9577576301731806,0.2165967634760411
14552,-0.9032734692788391,-0.5349513842009268,0.6015395593513188,-0.9346779533017114,0.25596185157741536
14553,-0.536281938391944,0.30055650654051336,0.1493772517103617,0.07557379715111749,0.9286118035094794
14554,-0.8986905330838015,-0.22516995204527646,0.5884245384139757,-1.0079213197055608,0.30555361303449236
14555,-0.8531501830481948,-0.31311671585536716,0.5673455692033187,-1.0124662470542374,0.2681299288917177
14556,-0.8736121069871475,-0.2442359246053065,0.5684417073341617,-0.9936630177399579,0.29699289291666314
14557,-0.8936943013488623,-0.2241980718596457,0.5786010756619482,-0.99112124121285,0.312543857999424
14558,-0.8578161841997096,-0.296355184971156,0.5711155882406465,-1.0147965936421266,0.2716148227312361
14559,-0.9251120612658402,-0.14159068135118283,0.5814568865900804,-0.9742254801581695,0.3490362258615678
14560,-0.9207046252580217,-0.16042555709244322,0.5801156180939097,-0.9744450340709312,0.3424132198581793
14561,-0.8978905203792614,-0.21141642121259185,0.5825539427101813,-0.9925203492131655,0.31555857805760673
14562,-0.9280465755423927,-0.1495918501248455,0.5896150722096568,-0.9764166450709658,0.3484475121960907
14563,-0.9121102052568143,-0.19619808318151818,0.5831061760550117,-0.98155751008959,0.33309042048258336
14564,-0.8989903600266874,-0.21318758524892903,0.5773202996106872,-0.9889870783166153,0.31648471023973473
14565,-0.8950356715531985,-0.20946675780048601,0.5797590577022966,-0.9883737758635692,0.31755603674384436
14566,-0.9158204012736185,-0.18058131311726044,0.5859290207576879,-0.9892089374476423,0.3339587097242807
14567,-0.8949002053106803,-0.22300332574694817,0.5807090370883741,-0.9870350549669893,0.3156997675741315
14568,-0.9308652823109643,-0.14593977188080645,0.5885968875141074,-0.9702232482179829,0.35343014838506887
14569,-0.8907330788866552,-0.18347107054930537,0.5782458479124014,-1.002606811197324,0.3211986750019767
14570,-0.9427456922388605,-0.062241067483966905,0.5974693640155617,-1.039614897558149,0.3514545388087373
14571,-0.9732017922208754,-0.011751205998584376,0.5984454478931001,-1.0194787411305342,0.38217002304859327
14572,-0.9794308507880601,0.005644463638175472,0.6013756453623994,-0.9799074305827539,0.4034265223546409
14573,-0.9327355797716211,-0.12120281290532144,0.5851463514013568,-1.009100905509401,0.3465744855993976
14574,-0.9453096023811802,-0.08968604604437323,0.5951445437972324,-1.01085201592536,0.35530797060269337
14575,-0.976372777593298,-0.0014974333185192984,0.5968034459351155,-0.9837680207353107,0.4018828588235483
14576,-0.9616588887907318,-0.04482103567334727,0.5981285233428835,-0.9793534185488058,0.38527501884237164
14577,-0.9521972394357376,-0.07130648381779396,0.5924143493244499,-0.9900736411527699,0.37210841465530675
14578,-0.9253630058064778,-0.1337173310827505,0.5921342761991052,-0.9977556473036273,0.3422841748281313
14579,-0.9353465667680176,-0.10462021424084059,0.5886453789333971,-0.9996625953022988,0.35422441266216653
14580,-0.9361021560458744,-0.10136110739023838,0.586926205815741,-1.003777752009505,0.35540241165705794
14581,-0.9371389421883777,-0.08809544109627546,0.5955128301918523,-1.00998075042327,0.3537087164266234
14582,-0.9571517438264148,-0.055834859305936034,0.5908153515750665,-0.9953323653570006,0.3766705014707064
14583,-0.9720916503603341,-0.003115384526232015,0.5973505329334112,-0.9736290032298024,0.4007319516600328
14584,-0.9109886606676894,-0.15982402783294725,0.5812326541104317,-1.0129170447030362,0.328528476677627
14585,-0.9338049443461454,-0.09153985808447482,0.5877842657681313,-0.9948816711558568,0.3588233184600146
14586,-0.9516339688770331,-0.07199000024522645,0.6014696471960804,-1.030148281559044,0.3530084329136099
14587,-0.9514130961619657,-0.05603363372157445,0.5934114080469981,-0.9996738663841568,0.37232308006897935
14588,-0.938418108393803,-0.08949964398311597,0.5904117332249276,-1.0087065245221676,0.3557519842715533
14589,-0.9263151545803371,-0.12095041608818369,0.5882594072228813,-1.0084491579029133,0.3445381147123798
14590,-0.9746263849562417,-0.009505017612681847,0.5978253936491731,-0.9833173188100978,0.3963032852421092
14591,-0.9386214799413857,-0.0802384755381921,0.5889824047125266,-1.0051159623673418,0.3591885492600834
14592,-0.9634012058133873,-0.03794535185114003,0.5990280194626887,-1.0059832368476702,0.3752703279517121
14593,-0.9595815226083374,-0.05304252661450417,0.5981235341656155,-1.0099309302623551,0.3688947834251902
14594,-0.9468402586515509,-0.071557597211819,0.5889461502599109,-0.9951245713039468,0.3696220575614866
14595,-0.9550716615313879,-0.042947282237414015,0.5905407282832319,-0.9814660558833926,0.3812123782587344
14596,-0.9387122945354552,-0.08947967068353031,0.5879994835265485,-0.9967291665583656,0.3596092267019858
14597,-0.9175031501164141,-0.13547216219417377,0.5827588324189357,-1.0136676837341156,0.33707425125652823
14598,-0.932071446325521,-0.09727197136759644,0.590887981155424,-1.0082870752655735,0.3505020905350296
14599,-0.9037650113666512,-0.14909343288596352,0.5720225009544524,-0.9394562880035606,0.3548780508428279
14600,-1.1327390329025042,0.3530376452824906,0.6235951855820167,-0.8995989123928443,0.5537366972227763
14601,-1.070097264080328,0.034545223199590525,0.6649996253563194,-1.0171960732949354,0.4307211808530125
14602,-1.0156711039998292,-0.08054986778086086,0.6477598074854012,-1.0221259391230921,0.37819933946943823
14603,-1.0531336357035028,0.02465935158476564,0.6495092112602079,-0.991449933231343,0.4295511829146048
14604,-1.0193129008060495,-0.05331131403870969,0.6353631697595749,-1.0109533522983325,0.39171446740450944
14605,-1.103116397096719,0.12847454292075422,0.6521510761931519,-0.9635256321400493,0.48562345566445214
14606,-0.558392271491229,0.07906848090867874,0.17959034063721838,0.038682987184283445,0.8369124097161235
14607,-0.8873083287213186,-0.32801832991843866,0.5693196401498216,-0.9373493851351006,0.30813788594620634
14608,-0.823905487426503,-0.4867566283199397,0.5504079180757929,-0.9371470160637276,0.2505880534493499
14609,-0.8506705889459181,-0.42039931058804136,0.5629300292571087,-0.9243429610511105,0.2745536738028405
14610,-0.8661705933484691,-0.38395760982238375,0.564611471620379,-0.9394091287752804,0.2845584099874019
14611,-0.8803760325865929,-0.36441140187610077,0.5695325572999321,-0.9225687710753661,0.30199405070667634
14612,-0.8717241736427839,-0.38340074597347706,0.558713458495674,-0.9284785026786644,0.2934954334522334
14613,-0.8594612995228665,-0.39922725251955643,0.5672763192842786,-0.9326252152037462,0.2807895815659044
14614,-0.8594418437284175,-0.3887259695404835,0.5638966459183195,-0.9354044234127079,0.285998188880733
14615,-0.897247666538826,-0.3148261788521083,0.5739630601562792,-0.9275287673506037,0.3189245521324629
14616,-0.8827938161864715,-0.330096539040032,0.5692692773127106,-0.9163049614328117,0.3112981130956024
14617,-0.8441306642216291,-0.44324947580764895,0.5632416585702001,-0.9497244798042472,0.2604464354521126
14618,-0.8402761614593394,-0.4166407394716822,0.5560008105331199,-0.9368871232008976,0.2663966058489201
14619,-0.8326697922500288,-0.4309153604050514,0.5615939720909765,-0.9546747069878874,0.2564991435087459
14620,-0.8614032781142962,-0.39238111763358674,0.568501955791039,-0.9375928127093311,0.28328172685575076
14621,-0.8594242485434996,-0.387014436273142,0.5646342553110354,-0.9349978988454292,0.28217552467708334
14622,-0.8621063711477999,-0.37605046277070253,0.5711512196651627,-0.9685011314001657,0.2756786278395302
14623,-1.9541544232249284,6.52511497574246,-0.22004200589603104,2.4749425256904685,4.172465431593335
14624,-1.0237970971192507,-0.40277015928652715,0.6221992341474205,-0.8161483211501134,0.3651492495670633
14625,-0.7492573775107335,-0.77045012335485,0.550637251255465,-0.8516363264625222,0.2519869524747051
14626,-0.9372542054382205,-0.6458291201264108,0.6445955144132082,-0.9942945657645141,0.20783635272455867
14627,-0.8864447890463055,-0.7462978515715314,0.6225817068894888,-0.9820730419034883,0.17992603739821517
14628,-0.9024520811873074,-0.6856887920117856,0.6252994031457224,-0.980466456081459,0.20328931505265738
14629,-0.9370973000305814,-0.5845637227079995,0.6321934404703571,-0.9790760522994519,0.23506191866657852
14630,-0.9710111702703322,-0.499151156862565,0.6424460546177261,-0.9715338457889428,0.2715082423665301
14631,-0.9877923807838248,-0.44875112302476966,0.6499943330122817,-0.9856778095858466,0.2806706701522423
14632,-0.9891571671743458,-0.4380126357615821,0.6457608845523811,-0.9484052238759327,0.296109757518349
14633,-0.9767597629344397,-0.4534346873159795,0.6437956410873868,-0.9709035746978184,0.28462479103861044
14634,-0.9762208778792519,-0.4640941206816568,0.6549777774446631,-1.0160742566632395,0.25790404591830335
14635,-1.0070436106929204,-0.4003771918771093,0.653444075867212,-0.9904643300682027,0.28906796166494875
14636,-1.0666662404142295,-0.2583196661866033,0.6752512745514904,-0.9914218410627494,0.3418726323060823
14637,-1.03377723424714,-0.31207260635389134,0.6520242189806124,-0.9372333985279134,0.35166586891186147
14638,-1.0646675341645235,0.2161811524437566,0.2728685570555643,0.06953895051167493,-1.1257469459154912
14639,-0.9262171489311481,0.025157549010720454,0.2206661209057884,0.10094947938317549,-1.1681299243544216
14640,-0.9345756564256034,6.450433215855561,-0.7577765140755416,2.5350224689893563,4.073643407821649
14641,-0.9378146514110671,-0.20812074337312156,0.5924595827963094,-0.9530209980620132,0.34849976861595094
14642,-0.9181177938461983,-0.25879556853494556,0.5875005532541544,-0.9485970090101667,0.331145960373061
14643,-0.9099567514692978,-0.2547866005748477,0.5858341158287171,-0.9477835316911135,0.33017993629968445
14644,-0.9116196096207424,-0.2670575034222754,0.5836433371233659,-0.9391251473727309,0.32966527139913593
14645,-0.9483716923128684,-0.18014417178685363,0.5893649671901803,-0.9208033011264919,0.36901690403455256
14646,-0.9125081247911637,-0.25706266712035825,0.5832809816308361,-0.9357106322149156,0.3343873143169035
14647,-0.9289232029290561,-0.23738133335400965,0.582744603188384,-0.9144907006392886,0.3535497839485211
14648,-0.9095528335325294,-0.2536937370719309,0.5800696958660521,-0.919568231755414,0.3378028162563689
14649,-0.9593862978016254,-0.17760382662938126,0.5936313880819537,-0.9138133075496166,0.37884199617490744
14650,-0.9529929335795045,-0.18293321466915144,0.5931289649074067,-0.9069164330574733,0.3783745229987277
14651,-0.920982246165014,-0.2508725579390621,0.5829132007009759,-0.916853741699089,0.3454314587534656
14652,-0.8919959528988858,-0.33297720932563984,0.5766483900404192,-0.9373770753860229,0.31068698907779335
14653,-0.9128265387577477,-0.29637100866265687,0.5919237323350891,-0.9436515096404505,0.3177027788962298
14654,-0.9630940330572278,-0.16601295278934197,0.582427588172973,-0.8938848185128815,0.39333522914553964
14655,-0.8809212327909316,-0.3315806640897329,0.5694480050576048,-0.9199414697235097,0.3194687185934682
14656,-0.9092760913434402,-0.2901772474767807,0.5790260822997111,-0.9116829129294141,0.33670093352749964
14657,-0.8982519400063643,-0.33626713944076797,0.5790230649178995,-0.9219595737928342,0.31621071939254286
14658,-0.8780325050558991,-0.3785711184502942,0.573985971690495,-0.9329917066156456,0.29384683360923475
14659,-0.8913133107840169,-0.34297018238119065,0.5724053318304984,-0.9154586788704463,0.31619029459102554
14660,-0.9068032567662192,-0.2961956818451764,0.5808864661613384,-0.9126687923589648,0.3341647886844724
14661,-0.9064106975126653,-0.3121927142341396,0.5835184833721332,-0.946445089677708,0.31463816971187153
14662,-0.9125129083499431,-0.2925351491774099,0.586593348667222,-0.9372925225393783,0.32142679108063354
14663,-0.9197260838497884,-0.28743326301253064,0.5888434461052574,-0.9467837122077686,0.32093893990739153
14664,-0.9123309575352744,-0.30098107947541475,0.5836715654169825,-0.9457617393006784,0.3166771433229206
14665,-0.8996621186672306,-0.32280027475629386,0.5800894938586817,-0.9225560307911382,0.3196838907413582
14666,-0.8998335857157337,-0.3332200398375265,0.5788793686013632,-0.912120519753697,0.32303037642796817
14667,-0.893132153782964,-0.3508482093726367,0.5734773794989771,-0.9165637888738842,0.31290020102400806
14668,-0.8895040136467758,-0.35205903257166543,0.5822306034304404,-0.9504223319252071,0.29256494199068106
14669,-0.9079793563426665,-0.31684686565375375,0.5824612444719722,-0.9415512214689813,0.31533191935623406
14670,-0.8769842611730345,-0.36508868389937615,0.576314582146292,-0.9319727201664184,0.29754561013541314
14671,-0.8606951666035259,-0.42461759467346616,0.5697224770800108,-0.9335127693730861,0.27896096072197674
14672,-0.9101976293393939,-0.2971691780350749,0.5742897753359059,-0.8911152866411063,0.34220360101227354
14673,-0.934820345613243,-0.27185936568281255,0.5949817135068473,-0.9123435318837202,0.3449909050988797
14674,-0.920780374545455,-0.28343425158070906,0.5715839905762001,-0.88196524884957,0.35337126473278424
14675,-0.9085607922539216,-0.30746814763508734,0.571784461128309,-0.8832313191574238,0.3438422918368249
14676,-0.8936008429667939,-0.35765444543672636,0.5714604406528061,-0.9038183538284841,0.3181790846954356
14677,-0.9008461429948638,-0.3375474043271526,0.581440592486641,-0.900552946142628,0.3248953483249145
14678,-0.8750284274487952,-0.40035398044241277,0.5731942020209381,-0.9214905938426322,0.29522000813037674
14679,-0.8919398789682392,-0.3520751559860931,0.575997657082713,-0.9067556610439507,0.3170220737127917
14680,-0.9062233365274669,-0.3221189350202668,0.568108703436718,-0.8778411600948257,0.3395589583042744
14681,-0.8685341976024978,-0.4143537742198815,0.5684578740721183,-0.9068176697826067,0.2914090322196889
14682,-0.8876245241026708,-0.3599000618618836,0.5707241569968846,-0.9141141943069788,0.3065410725164058
14683,-0.8754280457889017,-0.4015573027100274,0.5715305851193928,-0.9167214794614367,0.2954499066066972
14684,-0.8680637617437357,-0.4090873983850996,0.5724006469839609,-0.9253424288117243,0.28519221339395684
14685,-0.8864111203542591,-0.368035709982026,0.566492500369526,-0.8988473712007985,0.3129375563760352
14686,-0.8806158347864296,-0.3818754259492153,0.5711588712231289,-0.9077231908239992,0.3054975806464525
14687,-0.8708956430791295,-0.41037143283391053,0.568535763252666,-0.9140670787709141,0.29352628857112606
14688,-0.8934660719543797,-0.3575000519848397,0.5800763318870886,-0.926502336681133,0.30736269185091125
14689,-0.8935184270511319,-0.36547134039700296,0.582895999231194,-0.9397884319082241,0.29506965276970837
14690,-0.897956794152003,-0.347849244027428,0.5765425568987006,-0.9101728543001905,0.3139167401319368
14691,-0.8733749878454219,-0.4061541752149811,0.5734638761669518,-0.9139721226451593,0.2938522526114614
14692,-0.8524193614406098,-0.44941025830157333,0.5622605412506227,-0.9176626275890929,0.2760432261607043
14693,-0.8744955966196144,-0.4060206045946673,0.5735389681204999,-0.9109774089764097,0.2940968350841216
14694,-0.8729130731904295,-0.4024830773289609,0.5721699238453762,-0.9379044167785294,0.27813829031251824
14695,-0.8785293220059339,-0.38681955507089244,0.5733193569193993,-0.9102158768742682,0.30487000862819985
14696,-0.8448648828417192,-0.4819208739539121,0.5639720382755173,-0.9175831336916842,0.26591419823457985
14697,-0.8611846801470945,-0.4333991662294086,0.5703137527000965,-0.913402279660808,0.2820971010017803
14698,-0.8743373887447167,-0.3967621910304943,0.5631813127245873,-0.9033037266230848,0.2999929902959521
14699,-0.8649100469895583,-0.4248343424203726,0.5698997034944625,-0.9133461899500317,0.28610249580529984
14700,-0.8690888507836656,-0.4146081971434833,0.5692287893286164,-0.9132095995521631,0.2917067071743919
14701,-0.7235767212335854,0.31914618403171086,0.24151177964535728,0.011107483040283481,0.8723512733093047
14702,-1.0582398936332362,-0.08415821281214576,0.650684046101113,-0.9924930871610969,0.4077368150227249
14703,-1.0813551209904366,0.0031859099094738064,0.6686734051452848,-0.9959172965464186,0.4321806024507569
14704,-1.0690942807713841,-0.028782082165736102,0.6564967115907075,-0.9886078207056503,0.4233041415273008
14705,-1.0867070237518144,0.001686461027225229,0.6563603531838681,-0.9772450149943221,0.44230408271062466
14706,-1.061519539343659,-0.05978702136274411,0.6550554960454175,-0.9834125762983005,0.41375499439497704
14707,-1.0455162022089541,-0.08955171205685009,0.6492220911806216,-0.9818983148935433,0.39956688217533465
14708,-1.0540828551536139,-0.07061654736648126,0.6482163483238969,-0.9692648006495687,0.4154374519591708
14709,-1.0671656767901592,-0.05245333750437866,0.6546203264727267,-0.968928370606318,0.42332425688600905
14710,-1.0508640468386772,-0.09063531451472592,0.6448003279928969,-0.9865092392539632,0.4035434460073605
14711,-1.0345883677715109,-0.13258357977915755,0.6450224259921206,-0.9744481037415667,0.39275985654752166
14712,-1.0548619685489837,-0.0808574810941985,0.6529619295625857,-0.9810745523042756,0.4099238211879663
14713,-1.0455446703601765,-0.08745175924197368,0.6532297516963278,-1.0010191986982668,0.39407201754196497
14714,-1.0416810087959345,-0.10560449153204218,0.6490731437283954,-1.0135487486580457,0.3826103965342764
14715,-0.24333622024529153,-1.479641230440039,0.09394924442247413,-0.6381744703469376,0.16262521526005952
14716,-0.8590412325922406,-0.5853660998325468,0.7295588397332612,-0.8416099265198752,0.21836926361657089
14717,-0.5385295127011392,-0.8893174419078009,0.44539961008858747,-0.5055168882595827,0.3412717596197569
14718,-0.7596936858769879,-0.41721831368332873,0.4862540851250946,-0.7590068972094884,0.38216922116446034
14719,5.573021995058225,3.6761102215287713,-3.681852968433403,1.8103417292227115,2.6015701772930195
14720,-0.22581078658413145,-0.5681785800301108,0.11964054723992704,0.18189048685325893,0.8512089727959263
14721,-0.623852398334429,8.273863000873307,-0.9899134471131629,1.9785627266201664,4.506827602525383
14722,0.8883162897911164,-0.1818504101381824,-0.6120065224556248,0.23669844216638844,0.5962044279010305
14723,6.827694821835274,1.4011530448576988,-3.9221969372706385,1.6492895156292287,1.5543561081127422
14724,-0.9532518289380161,0.09572363343871153,0.5517119249134002,-0.8867535995727559,0.4817935216435206
14725,-0.8718823276676475,-0.09253683105525133,0.5404950963324548,-0.9542034994463608,0.39047677956843657
14726,-1.0614483472915246,0.16767015616495184,0.5827075001318176,-0.8016878170409214,0.5462637209873488
14727,-0.9289074787170662,-0.07039539335763256,0.5765772595844619,-0.9964516165557787,0.3606250620851645
14728,-0.409975142513169,-0.010911411973985014,0.11134735965045818,-0.15564303248551187,0.6756159542887394
14729,3.0318466134721533,6.511739757549292,-2.8947808976353553,4.144452120866204,4.73191081868122
14730,-0.6160849299538005,-0.5999605450652822,0.44292982839951084,-0.8931141106507255,0.21643163560456424
14731,-0.6941287618629952,-0.6034310338812428,0.4929714787740441,-0.9886075333908476,0.1627153295787439
14732,-0.6564225694548018,-0.6530015965340429,0.49157911021158945,-0.9917054893769613,0.13652124235491664
14733,-0.6664391563929644,-0.6270531426622581,0.4771884758925914,-0.9709974632639974,0.15660266863003097
14734,-0.6601583240692974,-0.6216626721363665,0.4884846036086171,-0.9907397411777963,0.1444398386927333
14735,-0.6622242586933474,-0.643828242159806,0.4967009963719061,-1.0129386629989865,0.1295827838435503
14736,-0.6855795266998527,-0.5674898480592017,0.4970652204017944,-1.014652161335974,0.15514217462904917
14737,-0.7321064003796233,-0.49326814922005063,0.5126707027088403,-1.0008332116003362,0.19160491874728286
14738,-0.6996321865403377,-0.5416585374044425,0.5134995820369384,-1.0341137429012908,0.15835077721379465
14739,-0.7242794225280014,-0.46747933257607427,0.5146733522195275,-1.0137392041040238,0.19145919222479074
14740,-0.6218737206209889,-0.564453432190101,0.4670430346506791,-0.9125725428990961,0.20353199027797117
14741,-0.7267566922648866,-0.4939839545255238,0.5284632196899876,-1.043215266699708,0.1695483292338173
14742,-0.7431031382334549,-0.4445508748679692,0.520994117703116,-1.0398557822576429,0.19055905179369054
14743,-0.752544212224097,-0.42095726244510284,0.5280888662113682,-1.043262001981135,0.19851477350754065
14744,-0.7547318820759117,-0.41103243736955575,0.5372390513851214,-1.0552948713080568,0.19519731731108259
14745,-0.7597807738213304,-0.3860296889951041,0.534237856200873,-1.044407405143485,0.20684135995371816
14746,-0.7345621788863966,-0.39743061331494506,0.5053264754930292,-0.9736702402670303,0.2359562794452509
14747,-0.7513474469986396,-0.40571137802874224,0.5326769033842471,-1.0320645751809332,0.20751482075174785
14748,-0.7471518758607446,-0.39600017515445,0.5236066000888588,-1.0112217137375117,0.2179014105749575
14749,-0.7649483219112204,-0.3715696211469095,0.5307551291578865,-1.014681637565636,0.22366354730452395
14750,-0.7762118890741795,-0.3469477927494829,0.5383992739456142,-1.0221938840508837,0.2313742689187133
14751,-0.7438692592170377,-0.4165375380538194,0.5293509680527395,-1.0447829261640005,0.1978840803206147
14752,-0.755469316898522,-0.3940599462736491,0.5352730139192023,-1.0417296484783412,0.20838425609960798
14753,-0.7635224296290831,-0.3719525607704574,0.5293321010040392,-1.0177774174170533,0.22457139111485283
14754,-0.7599507374566575,-0.38213853991613816,0.522522504952673,-1.0218668562047575,0.22194609401659407
14755,-0.7970025430495515,-0.3040859445458523,0.526879570688889,-0.988258874614465,0.26973170448133166
14756,-0.7998570230284421,-0.3279646335758308,0.5354549439815489,-0.9632381178690013,0.2736220907284599
14757,-0.7735925985087303,-0.401874922272189,0.5285835601248843,-0.9830682377176506,0.2407378319981896
14758,-0.7619518981983082,-0.3876524899409998,0.5294005846636122,-1.0026034288583692,0.22860156733586284
14759,-0.7635925487172994,-0.40133642969413247,0.5278080285582262,-1.0226047493925179,0.2189736609788981
14760,-0.775858272958483,-0.36214323125242837,0.5254357650507011,-0.9961075303745092,0.24380790548471687
14761,-0.7828725516057348,-0.36942181380520944,0.5315776138445553,-0.9946919063993372,0.2458922541148566
14762,-0.771268425197955,-0.3929184072443663,0.5369496812359644,-0.9905115664134974,0.23732595950564153
14763,-0.767232836819185,-0.42672030559959157,0.5316003586693722,-0.9972601282647174,0.2263175636606746
14764,-0.765515386351889,-0.41254354488412803,0.5299893350228081,-0.9902142398240277,0.22698769590374854
14765,-0.6841428421699637,-0.4721972401950004,0.49085685342601165,-0.9718454749231489,0.2231764629915275
14766,-0.7374013831888989,-0.4750512947860067,0.5287932978056664,-1.011289743674376,0.19552026478448517
14767,-0.7474193143256395,-0.46403259991436835,0.5212050308795719,-1.0110030683649787,0.20181909883374158
14768,-0.7383955026812357,-0.4915508495941381,0.5260241630888045,-1.0206626253182574,0.1891257634060002
14769,-0.7474458472102332,-0.4364452723778351,0.5244603620053316,-0.9941681802711109,0.21385829622714395
14770,-0.746360827346136,-0.4601375526521047,0.5278458310667103,-1.0123066044613198,0.198133101916152
14771,-0.745899738346238,-0.46160462797776053,0.5296737048220396,-1.0034303353027298,0.20357880264689268
14772,-0.74684311830105,-0.44486541690374376,0.5119143710366969,-0.9722708625197592,0.2229021472165395
14773,-0.7456586713046167,-0.44902607818079443,0.5226741601307255,-0.9983974340205657,0.20877648956972086
14774,-0.7766667233197813,-0.4091784740906011,0.5302652582725262,-0.9660043915196395,0.24239350514644842
14775,-0.7541374743915588,-0.47002693113208893,0.5256355633584001,-0.984483436966588,0.21597625090800812
14776,-0.7604958290257697,-0.45628812869328705,0.528888587426413,-0.9806895328081331,0.21980360519102674
14777,-0.7351894374459214,-0.5206330968429722,0.5167373178535715,-0.9930251020958598,0.19065945539078838
14778,-0.7523447651880397,-0.4657211455859218,0.5152049232439873,-0.9851885038126459,0.21307186460161218
14779,-0.7241905366988541,-0.5104662020118788,0.5291766638716958,-1.014818303873156,0.17585331367001628
14780,-0.7431154344053164,-0.5097890707444931,0.5188129772836015,-0.9912681262831263,0.19897586732938652
14781,-0.7055825282947494,-0.6126198598370011,0.520480725484997,-0.9803879302621835,0.16637592101743628
14782,-0.7051325667914085,-0.6038222248965838,0.5165666455892789,-0.9639510624487327,0.1731861806589436
14783,-0.7071803651947149,-0.6037757292065395,0.5141885830128365,-0.9652122891968561,0.1724809266712239
14784,-0.7152754558215335,-0.5851673655423866,0.5146945703378164,-0.9611454601452776,0.18060911518647277
14785,-0.7040658315773417,-0.6161812383670334,0.5119462724627558,-0.9801952941165922,0.16471028274552227
14786,-0.6768028681968895,3.103174135900022,-0.32453330910566297,0.9696298285175982,1.9891051284857146
14787,-0.6357175440798154,0.022178946764671983,0.35584031663517074,-0.5174444047322003,0.5768104806419474
14788,-0.8937617913069786,0.006362401073247904,0.5372040967435672,-0.9451071636290694,0.39745398372681556
14789,-0.8967740251473556,0.009126641259662392,0.5486900826037113,-0.9437777971840055,0.39754929414570433
14790,-0.8793449554078551,-0.04343831884056166,0.5368589139988954,-0.9414905034618342,0.38378050738246067
14791,-0.8710394521321064,-0.08569254190696446,0.5403831574916808,-0.9431550165424603,0.36825156456834374
14792,-0.8630871005661118,-0.1079434681005458,0.537437591323594,-0.9373048352145396,0.3603576564956678
14793,-0.8363797412019965,-0.16953948930171406,0.5312320887693418,-0.9630660610506477,0.32938542115739333
14794,-0.8733150419971777,-0.1034830781092075,0.5445030094603984,-0.9323511041685758,0.3706587495090475
14795,-0.8247462837679227,-0.2165051074140146,0.527557570269484,-0.9530361722516629,0.3123719281132509
14796,-0.8411835553518441,-0.1469449933806446,0.5336246115377268,-0.9559037506362692,0.33736377637500986
14797,-0.8375321625458246,-0.1480860067501633,0.5342781372600911,-0.9673457926310731,0.33030822638460483
14798,-0.7927253226965739,-0.23548380167716249,0.5253470523628883,-1.015614034846237,0.2739419901944281
14799,-0.8651335969355484,-0.07230525647198086,0.5407286794922599,-0.9578688077190833,0.36497576872462173
14800,-0.8397723554755657,-0.1403609258978141,0.5339383436934598,-0.9805035378527175,0.32734496957668424
14801,-0.8232317268700268,-0.1589570939899759,0.5317710730635561,-0.9876053175339597,0.31520764723427735
14802,-0.8546337859376653,-0.08832615788059511,0.5394579662568434,-0.9711201581912055,0.3525891833410465
14803,-0.8280694437597936,-0.15924444958967415,0.5320627876126246,-0.9883213199073733,0.31936689424730397
14804,-0.8445045619368312,-0.09262937853166031,0.5398653451114662,-0.9712128645861436,0.3414671058066384
14805,-0.8094839000238113,-0.17418452749857719,0.5188889505291355,-0.996234934129535,0.305945384255295
14806,-0.8343061666216872,-0.10292907198929803,0.5338727665424265,-0.9705613725364575,0.33785035214157155
14807,-0.7849733146363785,-0.22353973337088465,0.5261968745950484,-1.0234822522926246,0.2696187093668441
14808,-0.8143314100747235,-0.16224444215232436,0.5276332473591441,-1.0077573613897226,0.3028100142038499
14809,-0.8468232629771804,-0.0995844656019264,0.5427574518018153,-0.994815242918297,0.33824097235029993
14810,-0.8024838663344136,-0.18208751115687632,0.5281750047530179,-0.997366953124333,0.2973648426710355
14811,-0.8109918238733971,-0.08116752517153096,0.5127651508564054,-0.9916787435743981,0.31667637175669666
14812,-0.8479348369145286,-0.08609683380705335,0.5433989589679715,-1.0055983382929647,0.33387956800504337
14813,-0.8294083496706363,-0.13189916175922548,0.5361015208921844,-1.0061629958136644,0.3128262590683653
14814,-0.8522564146878058,-0.06679003496053539,0.5383897311137193,-0.9985560603515593,0.3432284203052431
14815,-0.834726468535917,-0.09920358593770874,0.5297682922562039,-1.0120374163374786,0.32606208913294976
14816,-0.8202202077306309,-0.12282570690571526,0.5339252131028058,-1.0162729458764606,0.31148498417962334
14817,-0.822958446818854,-0.12303513483771432,0.5369325321664637,-1.0191575398299253,0.3070615344717413
14818,-0.8222004772780723,-0.13885462036878873,0.5399517005612905,-1.0367008416899084,0.2979168271456141
14819,-0.8297665289101082,-0.1174265655271637,0.5363396090496477,-1.0248988136984607,0.3119384643876538
14820,-0.8160855618554412,-0.15243763340581715,0.5313472399119606,-1.0246354619055127,0.29630280384034374
14821,-0.8421059289740482,-0.08956678292398726,0.5360922458297526,-1.0138628830236265,0.328300552323749
14822,-0.8446519938720125,-0.11236362510631674,0.5442088692348445,-1.0149695762545086,0.3225078131253762
14823,-0.8328986447100091,-0.11719935201519248,0.5405465464320248,-1.0025337854781453,0.3212396971213002
14824,-0.8353306656084756,-0.1259197707014602,0.5385134168280672,-1.000984625464892,0.31821984638225603
14825,-0.8519216716236726,-0.08416396093071503,0.5418379118766792,-1.0042924744847257,0.3385904233137209
14826,-0.8107109829210583,-0.17944090772059437,0.5276711475557262,-1.0205913642663802,0.2923990075125572
14827,-0.8046798500307631,-0.18014054709716845,0.5323809862487006,-1.0362719816648314,0.28240988360404795
14828,-0.8155669510093656,-0.1448909865798599,0.5363124278421278,-1.0265253143942052,0.2957373678243418
14829,-0.8162956266626042,-0.1527896567522843,0.5396682659203192,-1.0300665201288621,0.2954608043602399
14830,-0.7987987284156479,-0.18559639653392793,0.52630590210186,-1.0165412758113286,0.2944040793362867
14831,-0.8687531341499136,0.18829305426200368,0.5056583779128775,-0.8661172595194995,0.46785181543766724
14832,-1.0309822647784608,0.18150129948904173,0.6268007022086995,-1.0800772479405305,0.4280491075324452
14833,-1.0044688982581484,0.13017789919595132,0.6255516802028372,-1.0780766511097055,0.4090406489854109
14834,-0.9620672273484021,0.0035021692345846662,0.6093472303145183,-1.100939227228788,0.34394573355306207
14835,-0.9620888579439187,-0.012460060071464177,0.6134287263401575,-1.1096105868873638,0.3379726741938775
14836,-0.9516525607793196,-0.029104161390122025,0.6136976837801382,-1.100641964271887,0.33466611285336556
14837,-0.9543750059884661,0.01297677734579488,0.6059211953463886,-1.0803347919577544,0.36352081955946297
14838,-0.954580874894005,-0.0004821423784737952,0.6192902499608726,-1.1033820333326958,0.3394727529415615
14839,-0.9609080781765246,0.030071059051244155,0.6030057670437217,-1.0892515313357614,0.36454493193760446
14840,-0.9602426108862584,0.04989371762899009,0.6038674726118481,-1.090402395560108,0.36398636563271075
14841,-0.9445801580316225,0.021128591937568674,0.6159730772859161,-1.1220544357736741,0.336799455240765
14842,-0.9092365656585387,-0.06648361643166893,0.6087844608207774,-1.1272658788409882,0.297018660213497
14843,-0.8934838460963509,-0.1053931846615336,0.5981683367542717,-1.1634468737534287,0.2728498271125765
14844,-0.9167674544045361,-0.024118657676031025,0.6071754991369037,-1.1382712544263338,0.3050994309245326
14845,-0.9188223429880311,-0.0466471358735303,0.6006177343730483,-1.145727563810171,0.30449538509455004
14846,-0.9169228841225359,0.08029213335382905,0.5605132034600336,-0.9986323626144702,0.41249191803221763
14847,-0.9854199319685091,0.10353050497175226,0.6123332478835155,-1.0829482758340316,0.3898390682038652
14848,-0.9292306368015969,-0.02885992171031775,0.6042124698323065,-1.1205793191529418,0.3234234871884266
14849,-0.9306946032235464,-0.010802028547542015,0.6017507840028442,-1.1020809680836163,0.336544653495806
14850,-0.9444043735677873,0.034110862441083335,0.6019236486284655,-1.0880053891093986,0.3586142447115557
14851,-0.92544670163455,-0.026335543779754302,0.600932361015254,-1.1188969880639676,0.3235548853974503
14852,-0.9493880969877103,0.01724459248692463,0.6000199586013285,-1.098372982420266,0.35299993752782954
14853,-0.9501861957766741,0.02091485321453262,0.6119796960243971,-1.0961296490286327,0.3531929360036334
14854,-0.9340896414362703,0.000713571120658856,0.5876737781624419,-1.0777545669933284,0.3514101520394328
14855,-0.9226121270003987,-0.013273857777724172,0.592331667926646,-1.0770133195792053,0.3450726159705671
14856,-0.9698202713054015,0.08590550461021478,0.6003964272936453,-1.059862143768524,0.38897389009670713
14857,-0.9525167878707299,0.04617227828734814,0.6027915450427471,-1.079715924029596,0.36419733252045805
14858,-0.9682339140255081,0.058937633719529765,0.6066113399969095,-1.0793467209886038,0.3789859724926375
14859,-0.9150216230561978,-0.0332938027906719,0.6010141331181764,-1.0972178064213132,0.3289013950456901
14860,-0.9201191791353779,-0.04503965401029805,0.586410378186188,-1.0803406019059694,0.33449978613232206
14861,-0.958952161123476,0.06605809815813453,0.6069153464574664,-1.0737944152606098,0.37452104819539356
14862,-0.9504492178883154,0.06785381358068321,0.5921632951961973,-1.0676127049656805,0.37957021790228845
14863,-0.8930416008979289,0.025475719275264205,0.5657908160436833,-1.0079353339385773,0.38121321724112267
14864,-0.965901008861811,0.06866042206384161,0.6011120594612791,-1.104819150108728,0.36964896054901736
14865,-0.9808202807943581,0.09031595495802007,0.6096492026136029,-1.0707775817101606,0.3897349783368358
14866,-0.7620019640626517,-0.05361030049928289,0.48641137306411497,-0.8579061922201425,0.41712193892896715
14867,-0.9725967227111231,0.07086180321221447,0.6019326985731828,-1.0993089532594043,0.3736010374035966
14868,-0.9465759312353483,0.02906119445916317,0.5975720969603345,-1.0877561935242792,0.3628169441057425
14869,-0.8868710629047906,-0.09402512996420873,0.5901403216745031,-1.1180355038495426,0.29310107059573204
14870,-0.9146656223322891,-0.028791998036457236,0.5958815555736579,-1.1105257139766804,0.32681722282988435
14871,-0.938614755085696,0.02030436974564366,0.5984583529914045,-1.0912118342426145,0.35306793696985117
14872,-0.9378967585863074,0.0031137242647040772,0.6000666119828807,-1.087540169457377,0.3490470229246508
14873,-0.9042718808365967,-0.05042489170581864,0.5952381315979034,-1.0843382735381308,0.32182978659421774
14874,-0.9571758950660041,0.07096925276327638,0.5999744596488268,-1.087059408113318,0.37152191990287814
14875,-0.9106587131888559,-0.05999093233761587,0.585947279476297,-1.0876214368302386,0.32926233534532307
14876,-0.9085114533284868,-0.043398978345252394,0.5846155792981386,-1.0746808553446618,0.34284304306723185
14877,-0.9141361188843038,-0.05059510744669569,0.5916507608344694,-1.0797563265488355,0.332269676614137
14878,-0.9115787281213199,-0.0591312234362106,0.59475897236386,-1.0792430863305618,0.3348796341156403
14879,-0.9197111852450354,-0.0481959637631976,0.5897291031278333,-1.0632864623938285,0.34236860146930775
14880,-0.9213388446016264,-0.0629337265914163,0.5979467252050008,-1.0898864264308694,0.3246968177532887
14881,-0.9160736753566355,-0.06517203490710755,0.5905766600804577,-1.0770854231934237,0.331185756425174
14882,-0.9197842866923422,-0.01191098641972864,0.5921552717568086,-1.0746623223109046,0.34520907706183246
14883,-0.9085810372512904,-0.07278154969715847,0.5913214323409137,-1.0755516232221032,0.32181943641013777
14884,-0.9324519786403238,-0.041351784865946525,0.6021450731770005,-1.0882738711685755,0.34192166625473713
14885,-0.6755024475946554,-0.4562823828657675,0.49083192120620694,-0.9661032228533339,0.23888250189451968
14886,-0.9281373218115612,-0.16386500373236396,0.5905432352849709,-0.9913413784395373,0.33661773604326356
14887,-0.9994400681959841,0.08481083112967645,0.5696895592252635,-0.8739294710269839,0.4534031118372503
14888,-0.9113323078422628,-0.21942304902279672,0.5880983444794187,-1.0150275987761859,0.3114799127585784
14889,-0.8877935860408258,-0.28265793998697275,0.591286642715317,-1.0259782207084929,0.28591951029172974
14890,-0.8852710967655033,-0.24660809612593187,0.5846278455239715,-1.034167190340523,0.2912942220723371
14891,-0.9244580596690666,-0.19808945522430293,0.6023387464134072,-1.0279039457134904,0.3157279618933307
14892,-0.8987226599227757,-0.24776758906678267,0.5919859936819267,-1.0315557977672873,0.293513052464339
14893,-0.905292408545735,-0.22169654165545513,0.5918283711557213,-1.035441508950438,0.3059376501912738
14894,-0.8974265246649052,-0.23663346698502655,0.5941407347375156,-1.0397201267796254,0.293712349370288
14895,-0.9023110385161591,-0.23136208361526114,0.5916590195434597,-1.0291412236598978,0.29907685632931197
14896,-0.8754528302538186,-0.2975781314675676,0.5919794908264345,-1.0662890600709276,0.2626880064022645
14897,-0.9073535223334285,-0.22930327790183663,0.6090177607421426,-1.0545757428986509,0.28903823957728086
14898,-0.8919600010339532,-0.29056454133002596,0.5883725929141195,-1.0559609625583026,0.2731675152806786
14899,-0.8990572063283379,-0.24915140149038761,0.5927751919977342,-1.0306275720276168,0.296646604353977
14900,-0.8873338283363662,-0.2825695374524656,0.5863171406424538,-1.0479905535102971,0.27902790272787875
14901,-0.8853211662568878,-0.29196719668228016,0.5922060815314605,-1.0420766907123162,0.2814535616452918
14902,-0.9052833120497324,-0.2746263532275861,0.5940352227890993,-1.044979060178491,0.2855973136874609
14903,-0.9029266716850459,-0.2708522362255918,0.6032219556022854,-1.0475956501194144,0.2819956017647933
14904,-0.8932589816632667,-0.2874737977645378,0.5930555316022856,-1.0317803434334756,0.28550251171194513
14905,-0.8958258168777123,-0.28573263079337363,0.598939597597674,-1.021187694496748,0.2882352192990262
14906,-0.8927686336051006,-0.3126761796019686,0.5949344357122057,-1.032966977449924,0.2761685020944363
14907,-0.881496605585539,-0.340698058524486,0.5994991914917224,-1.0341922574232152,0.265836173714611
14908,-0.9107657349142562,-0.2764641287969444,0.6047169439692918,-1.0214672512590914,0.2938886656118054
14909,-0.9007447417654322,-0.29505870300657905,0.5913715405183592,-1.0036831565273643,0.29300021813799
14910,-0.9123057537375135,-0.2686073837134067,0.6021879886223046,-1.0256481175923446,0.29838240006431
14911,-0.914027028209891,-0.2477879786858589,0.5968521664699251,-0.9783772237476588,0.3169888387001212
14912,-0.9010283247505979,-0.2979568285357936,0.6033660921201259,-1.046978854769062,0.2773791886064764
14913,-0.9065214127247418,-0.27969310392969216,0.598220380665106,-1.023002438623429,0.2912915800446283
14914,-0.9193414759545329,-0.287098863207817,0.6074053163366997,-1.0299976521715524,0.28938394904285275
14915,-0.7636532157394027,-0.32304743508007977,0.46784069330487305,-0.7427851791386625,0.37885225237395864
14916,-0.9107188627483778,-0.3054558731528774,0.6132576121702218,-1.0165109728682924,0.28716467985831967
14917,-0.8961234921429602,-0.35610397295568963,0.6049938448864859,-1.0351691264346208,0.26628301953554784
14918,-0.8975451241450683,-0.3549733617584218,0.6091101338762125,-1.0594121849415916,0.2572393336795099
14919,-0.9288037578944179,-0.27901363652944017,0.6117361681933268,-1.0077579484626813,0.3001575624978601
14920,-0.9507015663881501,-0.21436276412830724,0.5873102533514264,-0.9537293279845797,0.35110542153379826
14921,-0.9168139057947745,-0.2909770585860081,0.616602457563154,-1.033049778952707,0.2865239533883058
14922,-0.9046158727876369,-0.3394354460819318,0.6113332893809136,-1.0692401418324935,0.2578290117961432
14923,-0.9086970045446878,-0.31154534497792874,0.6194581499231719,-1.0781837836326043,0.256656272651728
14924,-0.9087198280923021,-0.3379852134735404,0.6113081657975271,-1.0672529341669323,0.2552295529178891
14925,-0.9190383159284166,-0.3038511914749468,0.6093214997655141,-1.0498258177264455,0.2741931216647038
14926,-0.9067227409074461,-0.3299878253339605,0.6099367025713194,-1.0587318639903218,0.2604149143431112
14927,-0.9293968323000461,-0.2902892909316105,0.6191802028019577,-1.0666459770188341,0.2755599436966119
14928,-0.9282052172599705,-0.2940114381153862,0.622150837938535,-1.0824623114665206,0.2669956319138998
14929,-0.9608294753342734,0.3725135759330285,0.383337159502691,-0.41786081902941874,0.7434122663687939
14930,-0.9905320269128775,-0.03918184641143424,0.54921786367808,-0.5758472101887779,0.5301013109236895
14931,-0.8511184651059859,-0.6921700603033738,0.6069766622902821,-0.9827905106360799,0.1811062810941551
14932,-0.8467980224875445,-0.6589228454755517,0.5983686228192392,-0.9708879139054558,0.1938899990883391
14933,-0.8666001131790076,-0.6156613955016892,0.6025435585861733,-0.9772332989602918,0.20722529565025605
14934,-0.8483166738016643,-0.6736660750884201,0.5949552731110951,-0.964350182183589,0.19017703627090263
14935,-0.8723985487799135,-0.6059837320073133,0.6025982719508501,-0.9611548351919139,0.21879719569303874
14936,-0.8787617807574952,-0.6113170661047757,0.6059858578902623,-0.9489918101541468,0.21960220709785205
14937,-0.9009041375585843,-0.5392176087170241,0.6002921668981327,-0.9411196520938582,0.25448136640880986
14938,-0.8981254345859312,-0.5486902081284306,0.6043836238433802,-0.9575220690537642,0.24347875499335792
14939,-0.8705864698936865,-0.5898147374415251,0.5995775412792288,-0.9536399706757875,0.2299375484488656
14940,-0.8790704997490753,-0.5533974373011018,0.5951458573684528,-0.9271398961811155,0.24322836808262308
14941,-0.8832023843659107,-0.5146849105014478,0.5924668016539965,-0.9557584295012009,0.25527188403486745
14942,-0.8729057482175742,-0.5610055275243339,0.5986913637093433,-0.96579310588084,0.23198572633642953
14943,-0.8457349077218452,-0.5560071608570386,0.57470783700402,-0.9096876995286469,0.26000061575617395
14944,-0.8763241477621879,-0.5644004677322867,0.603184374049688,-0.9516261613510627,0.23519900180432812
14945,-0.8893601156257065,-0.5511212214276633,0.6049862063493853,-0.9287894177473375,0.2529359310473526
14946,-0.8858739268312044,-0.5693136520142918,0.5989090510153892,-0.9387821172004035,0.24443838819893401
14947,-0.8926734663360624,-0.5507753321752605,0.5918081458082307,-0.9254943999685429,0.2566490999659447
14948,-0.8637269057825092,-0.624651677485869,0.6038495593554096,-0.9500751855202827,0.2178807283618199
14949,-0.8797801291919298,-0.6093186479504017,0.6022179030166749,-0.9498617570793604,0.22621853063526387
14950,-0.8957858032012903,-0.5572899509118395,0.6078821817014962,-0.9444805357457965,0.24678757923936107
14951,-0.8769070171958429,-0.6019929424813479,0.605262313171495,-0.9644208531088685,0.22210149330591722
14952,-0.8886988864770707,-0.5677913152007517,0.612387283398593,-0.9533796650853178,0.23313764639259718
14953,-0.9159800242780191,-0.520633656354905,0.6074941013756805,-0.923392142510883,0.267053157051416
14954,-0.8799189133588037,-0.5697836791807575,0.5917038534565254,-0.9209412271422831,0.2559803602196778
14955,-0.8812941951612959,-0.5895234876960509,0.6026794074783244,-0.944435016681089,0.23498578343796728
14956,-0.8796237354904008,-0.5655523011782165,0.5959527169792016,-0.9255706790730566,0.25113623815216973
14957,-0.8699176544331878,-0.5986658940236498,0.5915244060349459,-0.9471179771509646,0.23316942913307345
14958,-0.8815037410049171,-0.5735848325310507,0.6009226368448369,-0.9534909031017743,0.2371527097918704
14959,-0.9002438236516902,-0.5363791514209136,0.6061199151145893,-0.9427578063414245,0.25528808400635233
14960,-0.878894770554835,-0.599363806903516,0.6093002365391789,-0.9715700803290028,0.21973240865250954
14961,-0.9018186587704026,-0.5407763910747201,0.6043964348182731,-0.9590379245359834,0.25111229679634917
14962,-0.91138875968083,-0.5061456145662862,0.6116711850465706,-0.9520006748453999,0.26188442168896364
14963,-0.9141416699931514,-0.5036912231726342,0.6089626211920761,-0.938901402082144,0.2736564551313952
14964,-0.9085493925422178,-0.5320684603895525,0.6130018762407031,-0.9727003490614659,0.24661700613248894
14965,-0.9412257365987183,-0.4542281503782006,0.6209557318485484,-0.9539825469265413,0.28557912246562783
14966,-0.9534955316470755,-0.45009987574284,0.6202162967863257,-0.9423804211636834,0.2961446196754573
14967,-0.9043960787976411,-0.533306568057992,0.5987221522601739,-0.9010119978970063,0.27039396300017104
14968,-0.8922021178172929,-0.5872169993670572,0.6128700571796902,-0.9555406816992289,0.2330439557229375
14969,-0.9101103634705463,-0.5107964779810333,0.6045435164204385,-0.9223629248302349,0.27730399051538535
14970,-0.920753292552199,-0.5124572169969346,0.6171965195345985,-0.9595728166487484,0.2581199116525257
14971,-0.9363173740765833,-0.4963946638610005,0.622991900355537,-0.9501136759771567,0.26922624887826757
14972,-0.9377470250844679,-0.49055937445723247,0.621944289560133,-0.9572510512597581,0.2723529208532042
14973,-0.9276032309934056,-0.508455735612835,0.6313065686843121,-0.9799425878786618,0.2536401268392841
14974,-0.907598804310622,-0.5447517075616968,0.6238379655097708,-0.9435653302429914,0.250139411694529
14975,-0.8894505849366121,-0.5877022037594162,0.6088395350661971,-0.9348611295031586,0.23788458318454406
14976,-0.9328856779113099,-0.32731010904691477,0.5651425068671493,-0.8695659155423276,0.34694867377001404
14977,-0.9540257820026337,-0.3904939678902843,0.621327497790613,-0.9370343217296901,0.30968999154026533
14978,-0.953449162295688,-0.3822095082824068,0.620418281542269,-0.933801630330606,0.31242645274537195
14979,-0.9933574987173368,-0.2822418044382347,0.6274087277728781,-0.9180722623172646,0.3575604302424777
14980,-0.9406867999585491,-0.4135415761020799,0.6156398641437569,-0.9273361764311213,0.3057597518548365
14981,-0.9454046065821728,-0.41534745023248115,0.6042240308976461,-0.9232593384023863,0.3106088407649693
14982,-0.9173105020773346,-0.47693884237022754,0.614701182297185,-0.9367713137751558,0.2776148812494521
14983,-0.9180057967675631,-0.46112019873328464,0.6059791622857789,-0.942673513653295,0.28359783032279184
14984,-0.9426995898710889,-0.4195873994815046,0.6108454636837662,-0.9485379567528079,0.29683530815206427
14985,-0.9295810420153738,-0.40861858017118163,0.5967393991866123,-0.8863892715468658,0.31992499445229483
14986,-0.9447082901729994,-0.3846015080789084,0.6148514174479248,-0.9412340906590124,0.3095527461116649
14987,-0.9234994894915373,-0.4418162914725469,0.6110973236831326,-0.9570699856166655,0.2827231937249213
14988,-0.9349188143799437,-0.3825187444614121,0.5950591802617154,-0.9044388489865788,0.31600660409746484
14989,-0.9339644983174956,-0.38820043589261105,0.6043863910350628,-0.9215621339040846,0.3108333080931587
14990,-0.9508898924191099,-0.3623671448044492,0.6098354432037989,-0.9280742032839769,0.3225539097634892
14991,-0.9674381898052532,-0.3185317367521125,0.6214507658109708,-0.9468042179623455,0.33176082638318505
14992,-0.9319541239258574,-0.39997153149761044,0.6088843841876573,-0.9710937513748176,0.28944606321404404
14993,-0.9594250624101617,-0.3247060705148733,0.6117916032691273,-0.9432000009276863,0.3265073979114038
14994,-0.9419967549254136,-0.3530335773511254,0.6018064670508204,-0.9324693956359741,0.31865861753860536
14995,-0.9354457080877597,-0.3906332327710389,0.6053520987035672,-0.9271505526001694,0.31307564507560076
14996,-0.8119327487431418,-0.43371959275388655,0.5253786271898392,-0.8078630680918845,0.3453931885451204
14997,-0.975837086733703,-0.37310053233358076,0.6328971982087935,-0.9448652269761172,0.31667411843633236
14998,-0.9557967555996582,-0.42367049765239323,0.6215363132124788,-0.9484848492468514,0.29784329663366854
14999,-0.9367098767859996,-0.44870274424424367,0.6258701134219892,-0.9637747336988118,0.28151861116908145
15000,-0.9352864881039143,-0.44771279448961426,0.61202957208734,-0.9541629388288639,0.2867508461357089
15001,-0.9115779566530433,-0.5150995426756285,0.6177069948917967,-0.9656509295405798,0.2566854949891341
15002,-0.9364801644483759,-0.46446356283519213,0.618812804769243,-0.9452262022765601,0.2892617008364344
15003,-0.9447810918930956,-0.4053274548682901,0.6157756202009661,-0.9245601546784872,0.31133218234543936
15004,-0.9267362452168475,-0.4957651008597701,0.6211126926641478,-0.9577222917136202,0.26802166879107575
15005,-0.929654095088684,-0.32356303565073363,0.5972596299809642,-0.9214372371964796,0.3257466832386218
15006,-0.9481344689701402,-0.36899005825115355,0.6212060053625694,-0.9569492484907433,0.30592237600211897
15007,-0.9113800339177116,-0.4614026950548356,0.6065220914186361,-0.974437860566151,0.2682643031768531
15008,-0.9356107800650172,-0.3909170122979525,0.6060256353264192,-0.9524728615524333,0.3015622205246955
15009,-0.9506587349961084,-0.3673271331354151,0.6188744439218035,-0.954280972742152,0.3103909657539101
15010,-0.9430748260817321,-0.38025729815885656,0.6129377928568139,-0.9540730588707756,0.3015732954195799
15011,-0.9345518454550683,-0.39267507521819234,0.6101878201800892,-0.9745222703133714,0.28955932067545614
15012,-0.9342675290417288,-0.3941719976376477,0.6101801498843187,-0.9697412325326616,0.28902358796159083
15013,-0.923348915189815,-0.4013878294379407,0.615449673485688,-0.9789719186289594,0.2795066398845652
15014,-0.9204813661386698,-0.39808269317916706,0.6161735850712473,-0.9970286822071012,0.271718759627324
15015,-0.9104884984122267,-0.4009769844251702,0.6094472366276844,-0.9995578768030653,0.2707041304414213
15016,-0.9358519287173842,-0.3879798082128913,0.580023333229936,-0.8826572420503109,0.3190228582599096
15017,-0.8867768864058503,-0.5797283617178403,0.600945201976149,-0.9529710920648692,0.23649994691170348
15018,-0.878611008227947,-0.599906670722305,0.5943312792029741,-0.9445865683449126,0.23225967143572798
15019,-0.8831361155638295,-0.578935515424721,0.597147191113425,-0.9501695230889957,0.23228344070433946
15020,-0.6107518366887125,0.38325846534460195,0.13583670482530089,0.28394333320070025,1.0528763260232874
15021,-0.9281881988076903,-0.12476367732191393,0.5950774866597183,-1.0123277936335924,0.3356022456329701
15022,-0.8562579778344371,-0.32262735479381,0.5733610630381784,-1.0213521298321453,0.26400053625222525
15023,-0.8614364616040717,-0.27063218472531936,0.563781415416113,-0.9945636969193797,0.28640569180518616
15024,-0.8992702476906603,-0.20934544983712605,0.5804692683255289,-0.9925611010162395,0.3175883786758896
15025,-0.865471885085824,-0.28577674940117387,0.5733851288283108,-1.0099959246480266,0.2794499554522684
15026,-0.8944339126181975,-0.2057700014457229,0.5744457722287589,-0.9908870701231992,0.31649551092204814
15027,-0.9408584610791314,-0.10994127660588378,0.5882682248718445,-0.9686197113187311,0.36351380633068414
15028,-0.886594536189858,-0.23419250148854742,0.5709494927617371,-0.9898686042744532,0.3075227181002915
15029,-0.9159246264768597,-0.17597577735371925,0.5865777463565216,-0.9831791412521892,0.33350048129733967
15030,-0.9364218728690301,-0.1353514037237921,0.5901894443811246,-0.9634306978812892,0.3598598747527914
15031,-0.905149860601331,-0.2017903903251083,0.5796086172118691,-0.9824338185954233,0.32742544242864796
15032,-0.8939025707505535,-0.21163786102054036,0.5780411697311386,-0.9921280566154261,0.31573075654194194
15033,-0.8902979716792161,-0.2271671210019722,0.5777048558169116,-0.9912758788156988,0.31143031760072976
15034,-0.9099838058298887,-0.1881206548704403,0.5833132044282366,-0.9807083847903781,0.332971884286574
15035,-0.9166010123167065,-0.1828544355977234,0.5862009166683982,-0.9795842173227635,0.33413383444059425
15036,-0.9033403425600451,-0.17648158342272224,0.5738636158123971,-0.9535519569553722,0.3486642925299035
15037,-0.9166991481501545,-0.11959759057875916,0.5883741120901396,-1.0470706018703229,0.32507933170600967
15038,-0.9795941503012683,0.01441368578952862,0.6090251081361857,-1.031871067061288,0.38252473550711674
15039,-0.9650303065570808,-0.04913431285145389,0.6010363169750184,-1.0168768769667276,0.3725475385983683
15040,-0.9707875869590266,-0.019009859189895385,0.5939819879354074,-0.9814867592089024,0.3952139709806534
15041,-0.929974105243855,-0.12609019960637372,0.5931290504042398,-1.01497123718653,0.3404515739431236
15042,-0.9688914094278749,-0.01859029004866683,0.5946953216034097,-0.9903411799254943,0.39183005767602935
15043,-0.9507387451519647,-0.07481084703360387,0.5901691946516362,-0.9939256959588004,0.3697910114123533
15044,-0.9461146628295161,-0.07864759668554866,0.5954525015518046,-0.9892929196116123,0.3674933137214428
15045,-0.9455194318377322,-0.09396894663368717,0.5954578885364114,-0.9993665059758537,0.36093157685283445
15046,-0.9298902614198762,-0.11887219016624918,0.5891508311816372,-0.9963529044360914,0.3489597909055388
15047,-0.9443788831060566,-0.08868892578103359,0.595983508594039,-1.0029307957044666,0.35906670866902957
15048,-0.9457163841679156,-0.06909942170999749,0.5894219508886098,-1.0045651673608722,0.36693976508168497
15049,-0.9367770857844487,-0.09869359937487439,0.5886251091478802,-1.000462048429883,0.3555686847969471
15050,-0.9436285939741437,-0.08497530014106422,0.5935674457249297,-1.0025848925039116,0.3631110471223567
15051,-0.9540576514106534,-0.04514201883967384,0.5889388208367887,-0.9860359767942444,0.38130986733221334
15052,-0.9238629094024042,-0.13910798019083345,0.5925007034598471,-1.0173721191761298,0.3345658123935405
15053,-0.9403152119154241,-0.06987347495003998,0.5936158500462472,-1.0016403287713693,0.36244718800488473
15054,-0.942580441931309,-0.08436151483690402,0.5901563179411659,-1.0154156984113414,0.3565855968265991
15055,-0.950007546213058,-0.05824040934902748,0.5926244030253756,-1.0005886192984894,0.3722686327364103
15056,-0.9363159018449121,-0.0933464805907416,0.5947582168049466,-1.006694883435083,0.3521677634666769
15057,-0.9487529950984772,-0.06612848124279493,0.589459376568185,-0.9956164578416956,0.3718064964049832
15058,-0.9376987677075208,-0.08356993682599774,0.5887503126391845,-1.0020673547971837,0.3593989983729459
15059,-0.9573480656501692,-0.04990152717337906,0.5937663718834808,-1.006434619263485,0.37220160397920393
15060,-0.9823808033008328,0.004117381852417291,0.6038965353924758,-0.9930031603373743,0.39682363418833966
15061,-0.9333474277177627,-0.09765284461385748,0.5891147532463196,-1.0086189225547588,0.3519981610450522
15062,-0.9405097083571146,-0.0962038216769489,0.5932417119770723,-1.0078799122481035,0.3557829753918186
15063,-0.954842001590914,-0.04461577152494951,0.588953560259524,-0.9815024450812256,0.38118889001077444
15064,-0.939671878946733,-0.0798792270439978,0.5897791531669649,-0.9963763768328957,0.3637237107101262
15065,-0.9258243542629302,-0.11534871914130819,0.5848391870933207,-1.0102651172032082,0.34427918968230786
15066,-0.9237088954727379,-0.12698683167250857,0.5900663582907124,-1.0152223097842865,0.3365175818774018
15067,-0.9604561805782974,-0.006589426780276781,0.5787543049631017,-0.9297270699461434,0.40351988682536016
15068,-1.0928226365607077,0.0882954501285828,0.668371849515299,-1.0124515446014715,0.4541934482975101
15069,-1.0304610421737967,-0.051633971812091936,0.6548649563849053,-1.0263925267836125,0.39055798636270656
15070,-1.0596728787806542,0.03846547939438532,0.6501651096108779,-0.9878182584808027,0.4361954280228349
15071,-1.0140889585759816,-0.08008270080831831,0.6401098169472749,-1.001856486197921,0.3855213387909149
15072,-1.066934529283293,0.05223348980816657,0.6471447088727178,-1.008887794547176,0.4355711160503886
15073,-0.6356106873742631,0.23348286657564313,0.1927965127670018,0.13686724477570716,0.9397323632561165
15074,-0.8919432865675996,-0.3041783327167716,0.5725542554527364,-0.9784296153847907,0.2984808644255022
15075,-0.8492426189125899,-0.42663546925436147,0.5569211059064574,-0.9301942137708303,0.2765285744356695
15076,-0.8413496481440713,-0.4501901003564269,0.5620955362338145,-0.9359067094345092,0.26158696691187866
15077,-0.8529598547329862,-0.41212159099114765,0.5614338491150781,-0.9339691199911906,0.2745321340115753
15078,-0.8901263940187389,-0.3389263588419289,0.5723991053831174,-0.925328108082319,0.3102435869919971
15079,-0.8687118771623139,-0.3894941286403023,0.5606303538739928,-0.9281308138429042,0.2900206407983521
15080,-0.861325809573986,-0.40099082279900744,0.5641705801994854,-0.9348186605471306,0.28088395930984666
15081,-0.8725415719142807,-0.37104430223377105,0.5663851878636171,-0.9270559971523633,0.29623908388807724
15082,-0.8766451259432062,-0.350348269497357,0.5681273941405389,-0.9254336039252483,0.30478040083922026
15083,-0.8999481608765968,-0.29348419261961745,0.5699486082603177,-0.9075857497599706,0.3303324040666015
15084,-0.8560820010582266,-0.3982007260657149,0.567918049191183,-0.9382697567268526,0.27612320800524776
15085,-0.8463488419860585,-0.42930527938676877,0.5613896615151777,-0.9418691143792822,0.26678508990635974
15086,-0.8346167753574941,-0.4143464771714428,0.554411519342043,-0.9475826541679214,0.2640640600275891
15087,-0.8438664355869221,-0.42188699167918053,0.5652563951637669,-0.9411620551207887,0.2655805560364678
15088,-0.847333367495099,-0.4197514466379949,0.5625104564351229,-0.9445222675597474,0.2691119745008555
15089,-0.879402864008816,-0.33261136741426317,0.5681440752075191,-0.9335800321450175,0.30512325877352997
15090,-1.6707621583432157,5.813683254483708,-0.2836882715988448,2.2290030407704795,3.73836311127199
15091,-0.9095238228320678,-0.45462491838693586,0.5540194112556704,-0.690936130755645,0.39402553748722124
15092,-0.7950187627287091,-0.6286366319509104,0.5258983244591903,-0.7257361132838358,0.3443527862928229
15093,-0.9503116727837139,-0.6199166952345753,0.6459426719679344,-0.9845036967147945,0.22073705670621918
15094,-0.8985058108796348,-0.7119977189721731,0.6296599299553339,-0.9838719317471311,0.19106432219000685
15095,-0.9051867383689542,-0.6857747234808091,0.6268742635488967,-0.9800049509376109,0.20109524706870846
15096,-0.926567644678653,-0.6137155904767936,0.6284905812939849,-0.9646460328689788,0.23214440515253626
15097,-0.9451707854740652,-0.5601484637399626,0.6379924780712901,-0.9795842962921746,0.24383274826344534
15098,-0.9846680980979925,-0.47193749689274006,0.6458283014324777,-0.9689033208046072,0.28206199465037834
15099,-1.0132465867548153,-0.39703803243089864,0.6569626065874369,-0.9855369166167662,0.29359120734927113
15100,-0.9626462413013814,-0.5000849762073037,0.6376450347288145,-0.9463588006529338,0.27834079274234985
15101,-0.983238239771548,-0.4508328997238011,0.6534397233702199,-1.01070668023425,0.2664080101257597
15102,-0.9794285512427297,-0.4649929032472891,0.6531382289954951,-1.0123454739877884,0.25967835206248313
15103,-1.0443827854181218,-0.3146342236086323,0.6691465249149594,-0.9984974470999425,0.3156766613712675
15104,-1.0678046121510232,-0.26130207737467287,0.6687335862101789,-0.9711199982093329,0.35288773940629703
15105,-1.052171962409717,0.1798099583107192,0.2769591796231304,0.06141573131613675,-1.1384478371388629
15106,-1.036975000293682,-0.3346319825914811,0.6462144970019031,-0.9389337932047263,0.3355523261717849
15107,-1.066225766603969,6.786083045831784,-0.7241411924201924,2.6409416111761694,4.28102917041383
15108,-0.9767472650555691,-0.10524101799746245,0.601191096203034,-0.9512122252451651,0.3850294644563438
15109,-0.9381570859516284,-0.21340840600666788,0.5961554717422892,-0.946770640427913,0.3496992571497706
15110,-0.9063826033937743,-0.26512011483690096,0.5818993265234523,-0.9486793307349324,0.32732829179959394
15111,-0.9086734279383311,-0.271365381851489,0.5843952553298609,-0.9464370629565474,0.32353683471551087
15112,-0.9419277839890816,-0.19930233718128162,0.5915572154512048,-0.9224846922742459,0.3614046248807127
15113,-0.9411742312012847,-0.20568036547124424,0.5879860941196351,-0.9378562915180506,0.3529050429743795
15114,-0.9110395612965413,-0.27155041629310533,0.581469740260134,-0.9262038681100296,0.33560729722163274
15115,-0.9276085937505807,-0.22510032961626592,0.5806678264484462,-0.9110134143632437,0.35417312805620954
15116,-0.9244983886673601,-0.23861204401656275,0.5897130039721472,-0.9314538862995942,0.346181140738201
15117,-0.9338818897523903,-0.23329882716945616,0.5850337490159697,-0.9109302047758181,0.35703243855649636
15118,-0.9392916187882224,-0.21305520361529606,0.5858734403692162,-0.9109350161621098,0.36377581838364237
15119,-0.8990742026634584,-0.3107145001101509,0.5795265483492306,-0.9322348007337682,0.31873946296628053
15120,-0.9264759544419179,-0.25123281091840605,0.5911159496805168,-0.9181951648763432,0.3473440098041106
15121,-0.9298659489392858,-0.23508318503511802,0.5807907864468564,-0.9219866920706816,0.35078593776873973
15122,-0.9077928873966267,-0.2721841211121414,0.5722755895367632,-0.9051948160945633,0.3508972898463108
15123,-0.9052476050179034,-0.31000594056298303,0.583860855262683,-0.9244334072023108,0.3243970199402682
15124,-0.9213063449880695,-0.26575958610432293,0.5783179997799786,-0.903160539660341,0.3513337932873602
15125,-0.874870524001912,-0.3862120443642295,0.5760782009109374,-0.939913826046208,0.28748152543739786
15126,-0.8865128659741427,-0.3601819189437843,0.573256540923779,-0.9166779782101226,0.3094444761414177
15127,-0.8778340148944177,-0.3644117701050636,0.5720917373851516,-0.9262472380743395,0.3025329441050309
15128,-0.9130338199387569,-0.28832072209518883,0.5803434340979827,-0.9263507107640712,0.3312298920251682
15129,-0.9275937766256902,-0.26377241728613254,0.5886367146701738,-0.9328583793710278,0.3372534777119879
15130,-0.9245290571995523,-0.26236938035469515,0.5912614777345148,-0.9335423088299952,0.3343331698096876
15131,-0.8963207449791248,-0.33658947799633065,0.5808496110677566,-0.9579809403167597,0.29606230029391467
15132,-0.924810194696261,-0.2720941402066783,0.5857936730203455,-0.9285021246042972,0.33825730906369234
15133,-0.8992955813191857,-0.3321942434624543,0.5794224491194422,-0.9046525971204096,0.32317289259707815
15134,-0.8759028274483267,-0.38867139302388953,0.570442198846565,-0.9269417698662815,0.29638005240306253
15135,-0.9032529628000997,-0.3269730832409476,0.5824950616876318,-0.9323780174168007,0.31134667500804675
15136,-0.8840517664396528,-0.3743650670465549,0.5792176368593694,-0.9589764235242052,0.28340885205707256
15137,-0.905296742394649,-0.31763683962337125,0.5846349120605684,-0.9356823421890264,0.31441648982703124
15138,-0.8813338420431168,-0.3643897275956372,0.5719528157593573,-0.9149154598067982,0.3076011150164941
15139,-0.8979453972097187,-0.3255441004367901,0.5741222192453137,-0.8945932777875112,0.3277605277002445
15140,-0.9130178026642751,-0.30133720891822247,0.5813144050315836,-0.9121914256109054,0.33234213924322054
15141,-0.9352928891761165,-0.254087114341469,0.5759160159266955,-0.8776723315937991,0.365699217572079
15142,-0.9145791915425725,-0.30273344279401354,0.5728282121041293,-0.8848634727741311,0.3450460405979683
15143,-0.9023736582575314,-0.325355469607827,0.5769692958561666,-0.8969031914053252,0.33243809604022995
15144,-0.9080621435636478,-0.32076642732594723,0.5810847763331549,-0.8985035393811769,0.3339337723266527
15145,-0.8658305257941876,-0.4315216202679795,0.5721309428200007,-0.9303243623093997,0.2800206065614156
15146,-0.8916057725309153,-0.35472512711992177,0.5752706071785584,-0.9026097011494814,0.3181867061482329
15147,-0.8835380333845498,-0.37806980259238115,0.5780345079642532,-0.9182232245441876,0.30446988583697265
15148,-0.8922615000216004,-0.35127684008927595,0.5659268995722794,-0.8806684280403453,0.3252467338474765
15149,-0.8876223320389465,-0.36533383887411586,0.5703519735875304,-0.904788649654615,0.3074020320886797
15150,-0.8715255108805507,-0.4180363912822137,0.5726615103242204,-0.937313981169574,0.2817331006927558
15151,-0.8776600544605339,-0.39431581199325444,0.570242060637196,-0.9099211673240656,0.2993579379925661
15152,-0.8626039158100743,-0.4145602088475193,0.5668607794291847,-0.9211091415350893,0.2827025498894224
15153,-0.8952214965938083,-0.35062973003367,0.5745042720600834,-0.9054113994740406,0.3196084986601233
15154,-0.8717402849517629,-0.4077191149650409,0.5706446371502485,-0.9127332144824167,0.29416893624806306
15155,-0.8871492536012698,-0.3803142888609131,0.5754227697551001,-0.9135165782509246,0.3055615406728524
15156,-0.8948366891371846,-0.3619818417676806,0.5835913343394926,-0.94245650902627,0.29699642320197206
15157,-0.893590677313811,-0.3539955194827868,0.5750248277303581,-0.9221880793842783,0.3068285836102808
15158,-0.8604583427349297,-0.4376708319142113,0.5734545974317138,-0.9289424395661826,0.2749309998868213
15159,-0.8647099155165241,-0.42287959599441716,0.5666238736651353,-0.9167163451017754,0.28676925050401336
15160,-0.8593843212453032,-0.44003952926664675,0.5697745949549224,-0.9218308660576516,0.2786449161906632
15161,-0.8936391521223807,-0.36501783004960753,0.5686580234247366,-0.902617617279132,0.31159012635685923
15162,-0.8585249292233524,-0.437759944290531,0.5770997372235177,-0.9494896470241984,0.26348427983702527
15163,-0.8651064207277346,-0.42482042413810717,0.5674766633122502,-0.9042131388760583,0.2935174307548799
15164,-0.8688685549458571,-0.41828635634188277,0.5690896954200346,-0.9074259074204928,0.29212207570815363
15165,-0.8738359685751541,-0.39645603082641023,0.5644676188850142,-0.8943883004291168,0.30234036178476403
15166,-0.8555276549879479,-0.4477994883623842,0.5727791301062021,-0.9214009900132737,0.27357692610458506
15167,-0.8678989161669335,-0.42123793712649105,0.5645251805857815,-0.9123872988116998,0.2909642634803704
15168,-0.6030980903664928,0.05929644145767037,0.2237304189423836,-0.07298057453096031,0.7368521851015369
15169,-1.122464241285612,0.0816109031841741,0.6743857320301706,-1.0003023082516578,0.468183003679105
15170,-1.0625585619205904,-0.06526777796170774,0.6590780280582729,-1.0152377784657036,0.39918887703421724
15171,-1.0532727951045462,-0.060975315003873216,0.6563396370230276,-0.9867688779184913,0.4107341762480811
15172,-1.1032941405260095,0.046834098961523726,0.6611467555600357,-0.9721703633723107,0.4608824033865783
15173,-1.0623118136582421,-0.0574086178135349,0.6533129929536202,-0.9832137188450577,0.41425167890741177
15174,-1.0528933554800926,-0.07429189275519489,0.6502251857073669,-0.9760779088613016,0.4077228791154549
15175,-1.0635549768217942,-0.051962322889050463,0.6548776540601413,-0.9778143464649793,0.42232908106768186
15176,-1.0606854922638171,-0.06741150186577641,0.6509719977724211,-0.974902128154954,0.4134279084406005
15177,-1.0542990235637286,-0.08734272795637688,0.6502229341564122,-0.9683856236404216,0.40942860095228145
15178,-1.0499666840683237,-0.08271365658046537,0.6448060906735636,-0.9723860623230334,0.4121529211446988
15179,-1.03639455452115,-0.13429305786144852,0.6465413515245849,-0.9957955826688858,0.38334194487922746
15180,-1.040623102667687,-0.10953761231575362,0.6504113861905496,-0.9982112439334649,0.3912835207177151
15181,-1.0427343459747407,-0.08943246709560757,0.6548845268691379,-1.0112504681942733,0.38760593193491244
15182,-0.9106278074363442,-0.23859502260331295,0.42519456050168947,-0.7259014358251337,0.4632750892839954
15183,-0.2752877437287622,-1.3594777432056107,0.29564614648638143,-0.5364604025031909,0.13894109662567355
15184,-0.948066291740724,-0.5185818573138989,0.6814703829444478,-0.8762932227585484,0.26710159408996315
15185,-0.5569944225042874,-0.78829567037489,0.3998682104683864,-0.5169876253842204,0.3786114076315112
15186,-0.7072011180132046,-0.5259043063009493,0.49229019508535354,-0.7196823693337657,0.34968753215784965
15187,-1.4047409627544354,2.339656873391803,0.28439368645768487,0.5642691991703066,1.8281719920027213
15188,-0.7049511220304928,-1.395493725632047,0.5135439150055592,-0.3463802401006908,0.27776253539983076
15189,-1.086374098997859,0.37676060841313413,0.2835243020126074,0.8301837683743563,1.3114030779973938
15190,-1.0455652982812724,-0.5316578396668071,0.6316291400331975,-0.6292304480476076,0.44401763391951365
15191,-1.0188412253006067,-0.4429822106984365,0.5717757583939266,-0.3857751880751205,0.6180464871748003
15192,-1.1464891810674438,-0.36013065494890734,0.6772146931787775,-0.5715349533934166,0.5523146430896854
15193,-1.0781140525624338,-0.5430841569594741,0.6739936436109379,-0.6496257836962258,0.4686669011597912
15194,-1.0015632877248968,-0.7265296984432787,0.5951534388717756,-0.4806629027678704,0.4643265524094322
15195,-0.9100577854417653,-0.2794136940144157,0.37013277958501656,0.363979992687639,0.9917090884375126
15196,-1.0800328222136482,-0.6681361257004772,0.6820866773397991,-0.6216809625750134,0.44917323096472117
15197,-2.3363223000588578,7.777222928536719,0.255746564854869,0.2817168866726312,3.8731189910771904
15198,-0.7814660778695703,0.26803107755998906,0.3352513224255373,-0.0044489990518675705,0.8633616661141735
15199,-1.049219325427338,-0.36174713759916816,0.6401884470420202,-0.6803277895641888,0.4462712546909144
15200,-0.6005463177739575,-0.4904864861517391,0.21003679946803186,-0.17151747021432245,0.6120594710472812
15201,-0.5378388913515115,-0.7560411730649361,0.26748390377681,0.17476014225165726,0.64735721217786
15202,-0.18738806824588022,-1.4259322498807507,0.22980608284410095,-0.1724538397300709,0.256220299246412
15203,-1.22554255846095,0.6282025610576978,0.5219663713665909,-0.05233283128496037,1.0284679700032127
15204,-1.9614518130319893,2.819434129572161,0.45092475710268404,1.0046605377616586,2.2081337380327586
15205,-1.1617137158065196,-0.15770221293186007,0.7234285269410963,-0.8863378295581543,0.45722510028678576
15206,-1.1776415223707488,-0.11205775301429106,0.7205948795037496,-0.8989773792571781,0.47041047651064394
15207,-1.1830020051209775,-0.07281450799064744,0.7203241646533,-0.913759516685221,0.4822046975012287
15208,-1.175078227773811,-0.07904349815012719,0.7210536966178022,-0.9111306264821819,0.47628258963466746
15209,-1.1856933152976452,-0.03959741677692835,0.7167250924297651,-0.8930221390292366,0.49688218422464864
15210,-1.1404477842253342,-0.17517197638799112,0.6921917067716118,-0.8670488037901092,0.45390414915024424
15211,-1.319344717562794,0.3061270033655122,0.7535253517290235,-0.909241119031395,0.622658721955464
15212,-1.3564546748756876,0.4040714128407039,0.7625537575085579,-0.9029408721757217,0.6576589466462313
15213,-1.3490537507372848,0.3683321334311594,0.7491713100924573,-0.8936481326954832,0.6549962554669105
15214,-1.2386517885499544,0.09128873501191896,0.7182953657805493,-0.8837929322882443,0.5502603931527472
15215,-1.259878703156822,0.15140226505883186,0.7230458051616384,-0.864672705205615,0.5797715982732748
15216,-1.2474982082048265,0.11961506533531274,0.7176213405550771,-0.8555366738198222,0.5688582023362391
15217,-1.220780773304443,0.05132567357557793,0.7045599974354056,-0.8609096602184807,0.5439268073512291
15218,-0.31816721229764844,-0.6172828598535239,0.14326801693133534,-0.25239348526014765,0.48448136845735784
15219,-1.0453093237308324,-0.7162279764475343,0.6961521931054389,-0.7182763473356256,0.3401474754393489
15220,-0.44383402351174983,-0.919697698313322,0.2023184804136273,0.3657821164309596,0.736327375528639
15221,-1.02765037004092,-0.381449467925585,0.6406624539496025,-0.7671237238136587,0.3840176852597388
15222,-0.9766383326367412,-0.4724152951624533,0.6401786434131341,-0.9387196397248099,0.29084939612347577
15223,-0.7993322989952578,-0.3798142795198129,0.3936388999782372,-0.3853427874434231,0.5351008566815402
15224,-0.8929369567400014,-0.7554478759573869,0.6366264485299968,-0.7703043429974142,0.2531573628656995
15225,-0.22919795200416956,-0.7092151874900584,0.20186318863656064,-0.43408533976382574,0.36441065683263996
15226,-0.8915521024557568,-0.6282096646078696,0.5972085675624024,-0.831547820555868,0.2798957500832949
15227,-0.9698654516842902,-0.4571382983349286,0.6455038582364675,-0.9892429531963438,0.27763681991529443
15228,-1.0103480879324265,-0.3271900807970953,0.6294365245283979,-0.9154689205818949,0.34862093070513717
15229,-1.020751092298193,-0.27014030230152847,0.65471838724848,-0.9757851434070022,0.33927316522176704
15230,-1.0403407232273585,-0.2303822223337447,0.657334463072946,-0.983057904310044,0.35180789750025193
15231,-1.0047687310625864,-0.30433378583666,0.6495710489567091,-0.997144437319304,0.31968699707884746
15232,-1.0319483004902679,-0.2362331259243804,0.6530867634848515,-0.9996132204687189,0.3453841789276259
15233,-1.0647389142292996,-0.14404639991136808,0.6616355684952353,-0.9832218657205437,0.383564559279327
15234,-1.023529582350424,-0.26618702524253285,0.6552081377359446,-1.0008353388938898,0.33163984026988225
15235,-1.10930262961356,-0.0020398533117633203,0.6665585179468573,-0.9544685801209352,0.4495194791657094
15236,-1.0414834586022121,-0.1909545136549272,0.6565033660579144,-0.992884735275377,0.3637705821805806
15237,-1.06232829485178,-0.15466400435818092,0.6604464663220035,-0.9789842829967045,0.37818091189235453
15238,-1.0830968798745249,-0.09497247444764437,0.667354358399532,-0.9791462847611717,0.4035951730345176
15239,-0.9190603900697243,-0.041919025624531626,0.4250421240458312,-0.3895221556422236,0.5848419681496025
15240,-1.0474550092435273,-0.21539985601407752,0.6727853939652335,-1.00307878792277,0.3491581675339149
15241,-1.0768425520507017,-0.1013510276619866,0.6608011175882456,-0.9680567218991486,0.40200107324187034
15242,-1.0615498291481802,-0.13330255200892768,0.6620088287547337,-0.9871903706373144,0.3851385316061383
15243,-1.0571910611453887,-0.12809635845224493,0.6670168452409386,-1.0018194207410132,0.3797927705951124
15244,-1.0789978697693974,-0.09768951318806453,0.6664732396175771,-0.9928937392677529,0.39908473761223934
15245,-1.0880386625616196,-0.07489475091500683,0.66339623124911,-0.9639154809846917,0.41957383132583936
15246,-1.1761169999492236,0.18139294991035512,0.6968834461480001,-0.9964507999945474,0.5030285903908923
15247,-1.1380228497149598,0.06122914074392541,0.6860951456873591,-0.9751122576069013,0.46382050750324016
15248,-1.1329468770922133,0.031222638930717965,0.6716088343957126,-0.9507726203560565,0.46560312728372394
15249,-1.1848337507008757,0.1538804943952863,0.6893908056163753,-0.9531047143697741,0.5086850651014004
15250,-1.1116319287080303,-0.022577296232040925,0.668678816187065,-0.946789008579666,0.4490801539418008
15251,-1.0735645458184675,-0.1117606869561949,0.6640115190300514,-0.9788255345163155,0.40042572918923064
15252,-1.1368523623675277,0.06628533973844923,0.6787570856193915,-0.978410357876576,0.46724248494050497
15253,-1.1264997334790574,0.014408338269387852,0.6846804574112061,-1.0067156784924962,0.4366910069862965
15254,-1.0564984129091708,-0.1660411992853472,0.6523907911612108,-0.9503697513592623,0.3850600490533944
15255,-1.0759260179073111,-0.1305258549862019,0.6658021056733507,-0.9802413515276577,0.3935958569730991
15256,-1.091487343519712,-0.08271272234018058,0.6760172041515928,-0.9940141159755909,0.4075525774678222
15257,-1.172119284739186,0.11990847069818278,0.6927191764225897,-0.9602996292812851,0.4929633077891832
15258,-1.1877357576354355,0.18785437549118641,0.6973521429220457,-0.982052171683382,0.509341889872146
15259,-1.1820964731536299,0.18496734644977533,0.6915374539485941,-0.9679997107026627,0.5142445711915791
15260,-1.1688147751418578,0.12206829858905832,0.688744790179833,-0.9733845043105394,0.4890352558288247
15261,-1.0743247040146482,-0.12098701161760739,0.6720985951863039,-0.9843917248224824,0.39193771048340836
15262,-1.0946062645780512,-0.0553842783455846,0.6675322738109568,-0.9801582975986315,0.4194847839309983
15263,-0.9315378738705032,-0.30043361327562984,0.6157019666573952,-0.7255736012463646,0.3833120724689361
15264,-0.8643043114610753,-0.44571443869859995,0.5000864395517746,-0.6548234163490183,0.3645973075271408
15265,-1.0757762975206324,-0.005392394193889652,0.5406933057058387,-0.6558988872554811,0.5332638476277634
15266,-1.157179704915936,0.2422464612785113,0.6146445087393083,-0.6280701160524454,0.6107052341990342
15267,-1.148849469535987,0.11003910966637666,0.7026252446947554,-1.0052559950413427,0.4643071025510382
15268,-1.1538539528411857,0.1215114492971529,0.671530027998188,-0.9992727653628822,0.48143825763257625
15269,-1.1448541056979855,0.08579998614990052,0.6845019667700145,-0.9730032062375037,0.4711888359489121
15270,-1.0854152568761266,-0.07481181895427479,0.6706962111089982,-0.9982436690419711,0.4071430948509587
15271,-1.1196026694856476,-0.0029435033795665306,0.6713591961788027,-0.987120686822209,0.4391655648897784
15272,-1.1229808483844532,0.027829458964243867,0.6709533537102464,-0.9787274701239621,0.4537576111611765
15273,-1.1028878535217455,-0.030188436435608427,0.6656723862544474,-0.943455703728584,0.44242610038766433
15274,-1.0203116224441062,-0.2719032905283742,0.6454276232429557,-0.9740165100312398,0.3427338965347869
15275,-1.0264264051290088,-0.26494552279016736,0.6489533313417596,-0.9345929932769962,0.3589338474124284
15276,-1.1582302613476751,0.10579690886040481,0.6764110410072862,-0.9547052168422748,0.4913638652661879
15277,-1.1841322535870897,0.1534084436353647,0.6993428623850653,-0.9828583863450637,0.5005269968571201
15278,-1.1642704618881365,0.10659776704907215,0.678092784613708,-0.9501073382125031,0.4941337154766633
15279,-1.1533835048813916,0.07080820222629822,0.6804342525042874,-0.953943576287049,0.4776861823323431
15280,-1.1438758259249442,0.05752668015511905,0.6748573556621421,-0.9556593063176457,0.4720063521248266
15281,-1.2210829656859754,0.2605270317238804,0.7011906242327394,-0.9606898413029149,0.5462189278310234
15282,-1.1675712699776832,0.10623539473390402,0.6954282856329291,-0.9734421953075351,0.48483530338990105
15283,-1.198193313655035,0.20449971240188822,0.6874729880731697,-0.9363423070132413,0.5330628655200556
15284,-1.1835928756232632,0.1604947936043369,0.6955546797785999,-0.9754485787369734,0.5018062750423609
15285,-1.1797316139273308,0.17339255061100542,0.6844856019884228,-0.9702556132601788,0.5116531411607637
15286,-1.0892494750035553,-0.06493914908856455,0.6681611233061449,-0.9694203808699505,0.418074289129742
15287,-1.0807593183784705,-0.10748142731706131,0.6656440787890652,-0.9667448492078108,0.4054007309960292
15288,-0.759921572511356,-0.7784772437502834,0.5237557793124693,-0.6896233044965019,0.2759013904048629
15289,-1.1040258088965602,-0.21518105891028902,0.6227198320411256,-0.6972954966506854,0.48510348807313325
15290,-1.14708135982697,-0.12216016272279642,0.6860817605429799,-0.8301913508823917,0.47250973905495974
15291,-1.1965276303519428,0.008658639538339502,0.6970737031110361,-0.8933700286538576,0.5062102802661194
15292,-1.2740297589167935,0.2118857375410711,0.7202813980166409,-0.8957231107586223,0.5805037216904189
15293,-1.2650289492799898,0.20152732692762146,0.7146008545527339,-0.8736292481102447,0.5795410115171362
15294,-0.13754871219232212,-1.649810799806578,0.21567404367892878,0.004788282856897954,0.4515402760805505
15295,-0.6060881339637417,-1.0898789203855486,0.3818552547379899,-0.615286036878451,0.20905776045821808
15296,-1.0347715404429987,-0.21110886779031168,0.5812103043566161,-0.6674342766853569,0.45264417742103674
15297,-0.9590163425093993,-0.4555091055258762,0.6347102751251262,-0.8131733632554665,0.3162605491985492
15298,-0.9259008390780362,-0.5741902203831029,0.6148209607460964,-0.896787479503561,0.26333828027282885
15299,-1.0510709382097638,-0.20112530330243125,0.688007541098275,-0.9121586284651776,0.3728835043865894
15300,-1.0539215114701777,-0.24410096693900263,0.6606573354695625,-0.8736223789202244,0.3825075195406242
15301,-1.1676251890571352,0.059345858695745136,0.6761239121061057,-0.9096130963755311,0.4935875082273186
15302,-1.1455285337723762,-0.012300520303015025,0.6705627400877503,-0.8965221079955888,0.46975329183786296
15303,-1.1600032972705567,0.01741045586572325,0.6816931014407136,-0.9321432994881029,0.47049287621005875
15304,-1.1716978908866136,0.047676471937840845,0.6909195976978516,-0.9408125545185629,0.4802201242612434
15305,-1.0927355642255332,-0.1365882616693558,0.6652098398093695,-0.9431718085033889,0.40762596829370173
15306,-1.0611190245816915,-0.25206286035257086,0.6525783804051688,-0.9292507007276443,0.3729892570653422
15307,-1.1956949663781837,0.18677775292297186,0.5572350114306516,-0.3802199176709216,0.7209799099001295
15308,-1.189653373136843,0.011501152540467111,0.6878722596477876,-0.8356525864123981,0.5302155767995743
15309,-1.1899360739842388,0.036616513541465466,0.6878231407803992,-0.8697230849775223,0.5213550120826551
15310,-1.1684969324017,-0.010572049368497911,0.6629043393792448,-0.768025275945482,0.539040171258336
15311,-1.1738733870217528,-0.02612760425921762,0.6866811978884965,-0.8497319097033024,0.5110503333158494
15312,-1.2182081947166021,0.11949610067059518,0.6851430669494601,-0.813469609825889,0.5756263260420509
15313,-1.2700898604901196,0.25308189950052556,0.7041411380751208,-0.8371005527099404,0.6149444231675911
15314,-1.2291781916684938,0.14328836304991113,0.7014561676707662,-0.8598325905940699,0.5628939957962741
15315,-1.2463126281413726,0.20473264589099818,0.7008236107375068,-0.8445835849378122,0.5932592145410894
15316,-1.2508668296298175,0.20945416625544952,0.7013549308800119,-0.8417384116721925,0.5930937481592642
15317,-1.2485831157117293,0.1964690163371082,0.7086090110655197,-0.8745974256896483,0.5809580003658532
15318,-1.2567561302537797,0.2350539908450868,0.6997472708990595,-0.8409427911447158,0.6036724866809426
15319,-1.2554560262575427,0.21668461312558807,0.6893419950417647,-0.7768214642561028,0.6221987892910498
15320,-1.255914235571123,0.23845494211727164,0.6926675570562345,-0.8080152630879773,0.6186338811714842
15321,-1.2537062453042243,0.23462685297134064,0.7013315998940746,-0.8392640545441795,0.6104321578798745
15322,-1.1115599985277471,-0.14703900969263753,0.6600764934853832,-0.7737976846384346,0.4807274548761537
15323,-1.0462845918415216,-0.2326687153785476,0.5845237565023893,-0.620070082322821,0.487591313096016
15324,-1.26523727931011,0.2817246625864252,0.6091712848827483,-0.6109291392316115,0.7040770154936934
15325,-1.1318790271410326,-0.08709599269265797,0.6923896519953473,-0.8231763558475941,0.48422258961614667
15326,-1.2072319234368158,0.11455236247659578,0.6853372144756811,-0.8421859742037354,0.5583125446997697
15327,-1.2865828943458233,0.2753118346369819,0.7061450694989321,-0.8149962488253102,0.6330619794434019
15328,-1.2412629649245508,0.1497257495099109,0.695503721353559,-0.816144521995559,0.5867194068382544
15329,-1.2020228481010249,0.016887871898044717,0.6988406631074257,-0.8516869564118862,0.5242033764616847
15330,-1.3769702234954413,0.47747415910961355,0.734893474429479,-0.8197212444386203,0.7173293468766865
15331,-1.139520074678084,0.16509650038903662,0.5461274658896687,-0.4681960661420764,0.7133805443436265
15332,-1.244213551363575,0.2891373004315864,0.7121153629434526,-0.920411832333372,0.566104946314438
15333,-1.1782068944624686,0.11486081003212974,0.6906098493736343,-0.9288619718827424,0.4990254660748499
15334,-1.189420050127363,0.13995864927715487,0.6773699630046867,-0.9231097822673261,0.5123219153677859
15335,-0.9648657728717032,-0.14012261551184524,0.44147282250915115,-0.3926623897904892,0.5800587191541897
15336,-1.3678179296052049,0.26119738501612466,0.7507102211096112,-0.7841844992239951,0.6595158804494617
15337,-1.4082165867244567,0.38819343667618655,0.7614888432133268,-0.7875255186368767,0.7071196900586412
15338,-1.4151809503793122,0.39354042371904896,0.7667307469549753,-0.7958486148093247,0.7085130436769878
15339,-1.4350705120866154,0.47311489670665596,0.7634029722551522,-0.7602095713104093,0.7552763517005466
15340,-1.4249638994629004,0.43421479039424293,0.762913358918518,-0.774905289991337,0.7370361489172511
15341,-1.3819758611115478,0.3326113151319038,0.7649410504693404,-0.8345511508066369,0.6772381638778239
15342,-1.406771038362305,0.40539649514588216,0.7592604159413764,-0.7893900656734733,0.7197836694450798
15343,-1.4240608052124177,0.43560207340853635,0.7585681148732834,-0.759204261040705,0.7403747262105893
15344,-1.4071367508171244,0.37917333235192463,0.7615851474083164,-0.7754916823500388,0.7148526077938313
15345,-1.3653516917530173,0.28458797584536105,0.755393126899704,-0.8158217793671901,0.6623835119920313
15346,-1.4342458176090502,0.4731431462623072,0.7677471891945606,-0.7475920211674849,0.7624566184969658
15347,-1.373068030201129,0.29013610304365767,0.7599870100598781,-0.8319573725858171,0.6660450763951962
15348,-1.415493669119917,0.4081849258603937,0.7676673855041416,-0.775254955789085,0.7235569575760519
15349,-1.3626871906620912,0.28707967763928294,0.7451310910225569,-0.7294144917769643,0.6915282707067503
15350,-1.3560582337446194,0.2711816722803934,0.7453505422324734,-0.7866211676440718,0.6706929851332016
15351,-1.4212213185079066,0.4541444849203944,0.7449274350288231,-0.7050809740017477,0.7638746828436542
15352,-1.425209563950507,0.4246851463216169,0.7579197854644578,-0.7582988827251028,0.740459691725724
15353,-1.3523390792256331,0.24246032720436383,0.7580018267197866,-0.7940070384162038,0.6507120138224669
15354,-1.3450450790205273,0.22953762964826255,0.7145005113233338,-0.7379612088400191,0.6795273485936996
15355,-1.4007403702622299,0.40354323239409634,0.7529861267603289,-0.7325315163656065,0.7420710929604808
15356,-1.4216805270791604,0.44707358304421957,0.7529976032244995,-0.7286324786150495,0.7577718581524929
15357,-1.3263990385477997,0.17517679305267925,0.7290190000595109,-0.801638101411888,0.6328408644135534
15358,-1.3711071380006725,0.30327029830180674,0.7626339004317,-0.819947477398996,0.6699578609772918
15359,-1.4009323592541532,0.37433520960757977,0.7453182122284937,-0.6994064680889548,0.7408481441095006
15360,-1.4022153408520999,0.4142671107194918,0.7735050006209165,-0.7216689528198064,0.7398495401166137
15361,-1.280823282919442,0.07140215177620927,0.724955624733687,-0.7814862495546399,0.593721311056703
15362,-1.3150184620802636,0.18150226001775582,0.6854474433095539,-0.7215842873390692,0.6749834486825127
15363,-1.3870724312892766,0.3367128727304727,0.7628889788755954,-0.7971193917074213,0.6953475965562024
15364,-1.3726823253792488,0.3162393458428943,0.7305739714677797,-0.7409917454388294,0.709997866716441
15365,-1.4465216291436882,0.5572012122214566,0.6937473183066745,-0.5033960138017993,0.8847582860207015
15366,-1.334380362137636,0.16647077674956695,0.7616413700685388,-0.7258436214411352,0.645641290964236
15367,-1.4135645192547972,0.38931379197137955,0.7654209685520719,-0.748811046954708,0.732500076948941
15368,-0.8843860153405946,-0.416776753873627,0.47830469186291424,-0.5145510929850324,0.4863082586086466
15369,-1.1255879049329254,0.03160026330032342,0.6432318789363535,-0.8408625325434573,0.507250226365954
15370,-1.2470186739135483,0.3329059011035724,0.6557877187665007,-0.8334250077549016,0.6219105995549914
15371,-1.254525146350793,0.34782429061259296,0.7184060299857467,-0.901969408260081,0.5961797072353948
15372,-1.1830018002295197,0.14074939939223544,0.7167460082922932,-0.9602297378229081,0.5000641894036133
15373,-1.1499715178597563,0.04067856877914372,0.688130893986751,-0.9691805321392688,0.46909538698815584
15374,-1.171118444651808,0.10588975407672764,0.689326598678461,-0.9515992172013641,0.49819636176320214
15375,-1.2181377956888126,0.23865010117363608,0.7062716927733816,-0.9595948542390093,0.5436042872212076
15376,-1.1809331213284049,0.1414732376389035,0.6968942641133049,-0.9796300945810064,0.5001525274570136
15377,-1.180037645879369,0.15005354224561385,0.6930926944390728,-0.9751563588617327,0.5048846450659129
15378,-1.123216259139669,-0.009741102633013022,0.6796102271291269,-0.96754322800865,0.44586938594853326
15379,-1.1410254707349055,0.06021219082071254,0.6853231967390779,-0.9653478023383292,0.47235445578843993
15380,-1.1200916763544662,0.00802915951420341,0.679586040398774,-0.9502515426614122,0.4555053695259655
15381,-1.1393284237999877,0.04380775966874415,0.6672568143809411,-0.9362900485887469,0.47907919706406893
15382,-1.1782491171509064,0.16721693053494538,0.6569335681348566,-0.9060027738729994,0.5372675013672736
15383,-0.9792122250901134,-0.40266078060607746,0.5550023402835741,-0.7621761427932965,0.37784255152349117
15384,-1.2540068881980806,0.22628236467368806,0.7259232785852172,-0.8730552999258712,0.5817353638350823
15385,-1.19719987018041,0.07877269144694894,0.690151854880214,-0.8604318527109184,0.5293917541600148
15386,-1.2971791017706842,0.34390269933157197,0.7205552711665221,-0.8609412424146733,0.6223734474412512
15387,-1.2620210151611657,0.25464086210069226,0.7101546757618566,-0.9138268005174863,0.575869994939216
15388,-1.282051790902816,0.30690919628536556,0.7169652914989552,-0.9222382388596344,0.5934322677887915
15389,-1.314407980080759,0.39737260253752177,0.7222553850365279,-0.8805578139460526,0.6396673110060281
15390,-1.2890708346830038,0.3360428001819629,0.7183679843894628,-0.9158009754380725,0.6014383830710921
15391,-1.294208568475059,0.36992385168061287,0.723880634496342,-0.9339876648360126,0.6113861928592131
15392,-1.2812081979579295,0.31580654299547245,0.7122999659067878,-0.8969755170558616,0.6018263340410209
15393,-0.766866270489138,-0.633480798147224,0.5140670923529631,-0.5616180772050045,0.4363668060550697
15394,-1.3028380158712392,0.26446394072826807,0.6252306936737816,-0.48430668050819803,0.7540025062240132
15395,-1.3975780260720205,0.3018373167555404,0.7636166396754615,-0.7979034538664465,0.6800750188686173
15396,-1.4386489528789477,0.406633662310785,0.7671375421360254,-0.769163222753719,0.7312194954995843
15397,-1.4192791082488119,0.35687987086263323,0.7681793198878439,-0.7834182221246309,0.7111756857004364
15398,-1.4088393808172022,0.34617078517385885,0.7670674683511245,-0.7857130865763557,0.7042232655394197
15399,-1.3719596109905112,0.26199338755951973,0.759271128087565,-0.8176532579834174,0.6596826632180264
15400,-1.377914480518724,0.27876162491623113,0.7509040047912957,-0.805569871169437,0.675776595477199
15401,-1.321304679878044,0.14391398212739404,0.7640229953664495,-0.7719119627168858,0.6261980781055361
15402,-1.4300073703754603,0.3874374959352891,0.7472384625075195,-0.7542971011866958,0.7411391585075989
15403,-1.3898445427707216,0.2894249948659244,0.7456669564927271,-0.7638945721416713,0.6920596457102776
15404,-1.3595769686019905,0.23425923117943329,0.7558959283664572,-0.7071515646921275,0.680077742023367
15405,-1.3726178491308871,0.24717455169096847,0.7351279139224649,-0.7168435349510685,0.6894274799852496
15406,-1.366759367955311,0.2516626413634084,0.7420529331747047,-0.8142042361850202,0.6586734607553039
15407,-1.36100133779216,0.21415310203843071,0.7346920361755829,-0.725777406706465,0.6702528743347518
15408,-1.4390433763778006,0.43497912307953407,0.7687065001859528,-0.7482890957781897,0.7510847141744408
15409,-1.3423847801587956,0.20353590407321154,0.7481279761156691,-0.7589008968033324,0.6511030089416173
15410,-1.378342904628603,0.30394903033991755,0.7537119814332551,-0.7190401537172083,0.7038625660611026
15411,-1.3763194975666284,0.2700142245685856,0.7405040411417215,-0.7842193094260627,0.6736995115489937
15412,-1.3909240973669894,0.3123939317372656,0.754100770703931,-0.7818126688210089,0.6913339204605903
15413,-1.3757808875082218,0.2858973850603123,0.7566576749290461,-0.8083795845479645,0.6713034551089218
15414,-1.3304203293961705,0.6207522763800407,0.3527839063352283,0.22868194283526588,-0.85752734420559
15415,-1.387960945387281,0.3599187383719479,0.7522068441706582,-0.775868996641309,0.7140217451325993
15416,-1.4511631467206363,0.5318485990350781,0.7749408593772129,-0.7736103514892111,0.786760612921254
15417,-1.392430327351212,0.3878430876257847,0.7629778357288141,-0.8100303769662758,0.7177265415700617
15418,-1.4240782277303066,0.46029013776506594,0.7652762802601265,-0.7722580797285341,0.7539896308205181
15419,-1.400282269855691,0.3876942349784306,0.7578577630268174,-0.7631838394385517,0.7295779817622974
15420,-1.4513032309104021,0.5043878064485122,0.7668362637602015,-0.7447615251692409,0.7853200231314353
15421,-1.4332881704989777,0.47421847513722043,0.7724991800408557,-0.7850083647851471,0.7597257929714459
15422,-1.4096228132185287,0.4113872462610531,0.7641387977923019,-0.7778866337538641,0.7370652093909297
15423,-1.4370907524232421,0.46924561238062557,0.772010864481543,-0.7723125381682787,0.7645805427947715
15424,-1.4204695194689398,0.4370984958932705,0.7688131386825656,-0.7860445684661489,0.7474961187659976
15425,-1.391044070506759,0.3758190906022038,0.7606631786512875,-0.7958298816865894,0.7168689674148705
15426,-1.4116326853601207,0.4264001473353199,0.7605615295035244,-0.7647023473422183,0.7473399469405998
15427,-1.4084664565805478,0.4162776803591257,0.7646186660779771,-0.7821426577817965,0.7376577485881846
15428,-1.4283286338758907,0.4507853112359125,0.7691152823364833,-0.7669356908620645,0.7553960322856073
15429,-1.4075298596179748,0.40321355984918045,0.7551691737809115,-0.7423885036458532,0.7466934589673928
15430,-1.4559128687150007,0.5373584908933705,0.7776620439533114,-0.7744475939653341,0.7938680785890626
15431,-1.3953790362609322,0.3637215520473617,0.7580912033963397,-0.7773052874070776,0.722730987589962
15432,-1.4359194046362864,0.5475218987508963,0.6929451217822932,-0.46981523268613784,0.8866693527932024
15433,-1.4503902496495116,0.5228574023925239,0.7677106884341116,-0.7271124901871313,0.8042069165974044
15434,-1.1940775043520218,0.22106807148884733,0.5872887679270112,-0.3807159508481508,0.8260724749740334
15435,-1.1400001496493841,0.10106459591926331,0.6766330578124167,-0.9250745250077521,0.4987092259862549
15436,-1.194589528709368,0.21018624476418954,0.6980028336571676,-0.9953834698026084,0.5199651591497365
15437,-1.254172607242199,0.34996240330522693,0.7161267203680295,-0.9672787391664357,0.5846556584787584
15438,-1.243992307738613,0.3376900694085185,0.7119785291857146,-0.9680827873592487,0.5782488726905713
15439,-1.2200958236333843,0.26527735216695675,0.7051064878174665,-0.9793393363949366,0.5450341439476606
15440,-1.2222514107474993,0.2864076317297339,0.7008037108289741,-0.9628254614776752,0.5596177876346615
15441,-1.2075437894020884,0.2504848183378119,0.6968798134132039,-0.9760326759390386,0.5397980376457899
15442,-1.1883783404722006,0.21233262127240365,0.6942082549622732,-0.9866937406327949,0.5229822861589873
15443,-1.168997147433334,0.1636552845591431,0.6839287137460018,-0.9712917852711391,0.5065956518086342
15444,-1.1821774368851417,0.19307832552497506,0.6855946902836855,-0.9730748108244963,0.5161764964541403
15445,-1.198543089476516,0.21443399347026945,0.6977604154645632,-0.9828742068004065,0.523261767685429
15446,-1.2011738096192903,0.2429317315237282,0.6877037902038203,-0.9500919619605641,0.5439602870129455
15447,-1.2157227769678363,0.2668738995741468,0.7022718208166429,-0.9691362521505218,0.545641836990626
15448,-1.1881305556098216,0.18503900389583167,0.7017873948968283,-1.0006474524371651,0.5077017322292152
15449,-1.1819864658615096,0.1812374736727415,0.6945165275502564,-0.9678241070040046,0.511633481839532
15450,-1.1853008717118871,0.19084569079650923,0.6929839823862576,-0.9413225005719736,0.5261959367290119
15451,-1.2143860122178909,0.2611812696241156,0.6914627624910183,-0.949917975650677,0.5539401604122651
15452,-1.1955057410614676,0.24721133258386224,0.6922920672680695,-0.9583757391243974,0.5466356848764169
15453,-1.181389435856416,0.16250538886742796,0.6946521239998796,-0.9751199709921597,0.5061346486259088
15454,-1.1868087011010446,0.1948354946038318,0.6876999882157707,-0.966273346620669,0.5224792184837631
15455,-1.183326196958861,0.21072123982728813,0.6660472668995063,-0.8988898598584368,0.5457792769152285
15456,-1.2161253044060012,0.32107627023541635,0.6451050908996422,-0.7695125994346144,0.6241757131074388
15457,-1.0927928241213833,0.010494211204025487,0.5681537158004019,-0.7534311002172742,0.5262029619918158
15458,-1.1228102147700616,0.10339188908268436,0.642789928091507,-0.7631699674334066,0.5404633709477804
15459,-1.1955970969574634,0.23491195502788728,0.695631793477951,-0.9117459468262836,0.5426953573855028
15460,-1.209430087296622,0.28229924571257353,0.6964155364909533,-0.9650177841115813,0.5530841951896414
15461,-1.2292350254327415,0.3009618558114381,0.704203152181478,-0.9621922200635619,0.5629875169532162
15462,-1.2126977913162338,0.2616021884862038,0.6938951411791443,-0.9448950182439587,0.548641664610698
15463,-1.230280737693341,0.3144471138869011,0.7060040198917944,-0.9892321568652858,0.5613368007209392
15464,-1.2159235339660575,0.2598893497024008,0.7026968953172958,-0.9850244882308717,0.542221326794304
15465,-1.2671652630210468,0.41136107398493804,0.6997471584913001,-0.9317200917679372,0.621519074969387
15466,-1.176696775772683,0.18260394991681908,0.6894178662772792,-0.9867968741725596,0.5106156745247143
15467,-1.2088995963335565,0.2560172207644638,0.6962707648886991,-0.9701677763592932,0.5471978521941633
15468,-1.219734348688452,0.28713236636702283,0.7008878728268614,-0.9689230880417941,0.5555437664822094
15469,-1.2261936703127039,0.31321850462160344,0.7011342956165171,-0.974058249900639,0.5671296890459947
15470,-1.2204102527841951,0.2975781946678196,0.707766663095095,-0.9907421264814256,0.5551712279562898
15471,-1.2459684349855953,0.3653548911783004,0.6971100516069919,-0.9471147086625074,0.5944751904729212
15472,-1.2246895734577325,0.3028101402776369,0.6974635545217212,-0.9650925745544474,0.5612987917974414
15473,-1.2371909231111784,0.3425986726037089,0.7018336549370559,-0.9598336626616454,0.5787415150043228
15474,-1.244597117841036,0.3592917940255418,0.7078218260754813,-0.9756408916908047,0.582633443599549
15475,-1.22992664962585,0.31772822378648885,0.701261516721126,-0.9552456106934013,0.5741886642332913
15476,-1.2026832635701021,0.24738095854330844,0.6904877434764856,-0.9582208503883138,0.5426498054775702
15477,-1.2339265067507863,0.3268383481933132,0.7109033138936831,-0.9624056386991708,0.5722695904734154
15478,-1.2514844621749344,0.3776164612859435,0.6975610681782477,-0.9441946441994061,0.6034353132160825
15479,-1.19233295564138,0.22050213171904412,0.6937246667278234,-0.9706003351955819,0.5242627025734409
15480,-1.1971390243120024,0.2311994694992611,0.6977818570840247,-0.9846710233917084,0.5291258046209761
15481,-1.2162446622126146,0.259092885136537,0.7123179917930618,-0.9844065891491616,0.539076378208644
15482,-1.1983223173956452,0.2522922387410913,0.6893593712012304,-0.9413546777220609,0.5524961408986965
15483,-1.25349143684501,0.3885662958496654,0.6960925223186777,-0.8855245049676029,0.6202298003083716
15484,-1.2190542029317835,0.29421071953989447,0.6947656328804557,-0.9452943680859065,0.5706339921983267
15485,-1.2498133178932291,0.3828510982616754,0.6871873368864736,-0.8916835679884991,0.6171589340203372
15486,-1.2039070233691604,0.25437298966139926,0.695639014217532,-0.9708454525028933,0.5458871731175818
15487,-1.2286280642320966,0.33149443300670944,0.6817056863346036,-0.9247188691756588,0.594654861728331
15488,-1.2026749646928376,0.23982155180739034,0.6859522681956443,-0.967898145651013,0.5435002508327667
15489,-1.2196032991655275,0.3125950280604411,0.7164308659744095,-0.9677495494748038,0.562399582114962
15490,-1.1877417142740951,0.19132362321473512,0.6883872641047828,-0.9938847261027929,0.5178185987157503
15491,-1.1969010350339455,0.2191001316283406,0.7052737033646151,-0.9575172536881646,0.5294604426570237
15492,-1.1736553402414989,0.16079604686661475,0.6668050022941224,-0.9604058071254187,0.5216596797076593
15493,-1.1892676357457828,0.20990152565345466,0.6953493064576425,-0.9511778669586085,0.5337432310247376
15494,-1.1924559935117018,0.2128225627041991,0.7025287190673034,-0.9712780964943971,0.5260561588359496
15495,-1.0241321543480835,-0.2007957872854106,0.6226690966120024,-0.8964778407929405,0.3860405871389706
15496,-1.1710841817538533,0.10312755391240182,0.6890064818897546,-0.9171800944447199,0.49997977496724516
15497,-1.1678013132079788,0.07610590672382386,0.6775529566984225,-0.9652602599268378,0.48254333803025284
15498,-1.3066035900458706,0.4316096274335328,0.7226676385209034,-0.9450757424315532,0.6306126771431195
15499,-1.2658641057651572,0.34447436283230143,0.7092665163261357,-0.9328017013289663,0.5948781385938005
15500,-1.2696851969360954,0.3861954733165068,0.6961582462663582,-0.9208487469313869,0.6149859335280118
15501,-1.2151370477520442,0.24015316216902602,0.7150592064721839,-0.9404873188764831,0.545286609845281
15502,-1.3157783249436659,0.4909320629445445,0.7124659480985147,-0.8886875918692037,0.6605489275476162
15503,-1.2428289512083264,0.30683316034687597,0.6940243604089396,-0.9266749145401875,0.581367548945997
15504,-1.24596096447018,0.3214365307488763,0.6988253071379794,-0.8942188340033836,0.5897318605743704
15505,-1.2884433144149217,0.4077557095827036,0.7170129154253749,-0.92527556340709,0.619642778433587
15506,-1.2096201509944817,0.17197434290261487,0.6869659266111107,-0.9381848077095077,0.530213383808474
15507,-1.317639547110009,0.49207253563811165,0.6977726161562782,-0.8584067447492425,0.6748888649079213
15508,-1.2210886622767922,0.3792699239128311,0.6297095309864846,-0.6146479458679027,0.7166156351204066
15509,-1.3094917530590213,0.1070900705491634,0.7469470983626075,-0.8640490689696545,0.5791109247874018
15510,-1.4176839166154052,0.3861233108173524,0.7725315329513883,-0.7979575654749094,0.7099274048694025
15511,-1.3160385058871418,0.3199231982139468,0.6692525042546615,-0.5716944355210948,0.7742408069864286
15512,-1.3754336029919665,0.36830549761401576,0.7100735639238808,-0.6162741147455391,0.7593779646835312
15513,-1.4264890163134325,0.4401805937243371,0.7677688541337799,-0.8003852425183128,0.7288199825594213
15514,-1.4082076727081085,0.3698099468793789,0.7589985369413593,-0.7926555584266473,0.7056102257495692
15515,-1.4314099271646101,0.4624291419267987,0.7800742497197543,-0.8345067597630829,0.7302026833431831
15516,-1.4141889932413885,0.40926220966735105,0.7688871591409772,-0.8183887655976637,0.7119689078816465
15517,-1.43258027653444,0.4554754293772701,0.7626269679414449,-0.7686906248349875,0.7538943018174066
15518,-1.4292340960007244,0.44366404362418727,0.769018271808521,-0.7935025078252474,0.7368055275361316
15519,-1.4712667515859577,0.5775571759377487,0.6932720405708498,-0.4464776032722668,0.8962505215791051
15520,-1.4766733750167584,0.5807209780774751,0.7799506555611073,-0.7523303778222346,0.8028637346422342
15521,-1.479025209078855,0.5689377015907918,0.7796947375664245,-0.7728594506333447,0.7964665754010832
15522,-1.4196553939923473,0.46642652539548296,0.7678029361511657,-0.820549062650815,0.7344693557688577
15523,-1.4552863866195853,0.5241580119189094,0.7729546547883612,-0.7735160456984269,0.7814764161862008
15524,-1.422088694007933,0.4504916888067505,0.7717105896244659,-0.8115225789551839,0.7339867021048463
15525,-1.4527727460373718,0.5392602411421237,0.7829780753004821,-0.8290502606792675,0.7656785059893612
15526,-1.4908656215651812,0.6284605020801027,0.7886506844256382,-0.7786014904043349,0.8159620400019769
15527,-1.3913556830915252,0.37811895274107193,0.7618456337871277,-0.8104935985646698,0.7035980465042039
15528,-1.4476142630746638,0.522295813690567,0.7703529360429201,-0.8003664485642785,0.7630053428982644
15529,-1.4774630804110973,0.5685227797807967,0.7755603762785874,-0.71077516790042,0.8072147254927283
15530,-1.4841527662334686,0.5601265424906366,0.7784946737016832,-0.8096358124682556,0.7817193777744559
15531,-1.451927041573008,0.4261860350707333,0.781409610724294,-0.7365595673930965,0.7463137047098753
15532,-1.5509431523185733,0.6685642045753523,0.7996942605971811,-0.7329986708479928,0.8551819131615921
15533,-1.4896109707327316,0.5493908354571488,0.7976631942989316,-0.7839974726619784,0.7917626987656218
15534,-1.541348614339562,0.740638836504604,0.7884832445545187,-0.6851469094173587,0.9036929514174961
15535,-1.4963597641649435,0.6149833661235018,0.779110998194472,-0.7639945299501788,0.8208859714869873
15536,-1.5169971851927262,1.2646875868464151,0.2653274188224849,0.7654659330659814,-0.4411104375709004
15537,-1.5694581737975348,0.7966994629550828,0.7977533829551088,-0.7012709701068562,0.9229229571238885
15538,-1.4833095394091729,0.5875328005108783,0.7708843538761457,-0.7279941188300191,0.8211972357716694
15539,-1.497424148350994,0.6078537994105888,0.7658786751188926,-0.6683863325606508,0.8441718465567821
15540,-1.5112207983071466,0.666884871130264,0.7793977510328532,-0.7249219890258213,0.8526975261592674
15541,-1.175817226833284,0.3694686522496032,0.5177362245109007,-0.16592449023568398,0.9455288484119713
15542,-1.3624156836887473,0.5426643564750926,0.7286676525980628,-0.8493999616379255,0.707852706862047
15543,-1.3364596879039279,0.5018111886012933,0.7314352836601423,-0.9076307940782745,0.672812151122169
15544,-1.3533172857271671,0.5402877384443243,0.728601897179883,-0.8845090712143181,0.6906843128771099
15545,-1.358715927283963,0.5532581367082205,0.7339793081877559,-0.8940259877632604,0.6942208051552231
15546,-1.356960503243953,0.5505915084893346,0.7280766098869572,-0.8767567880111108,0.6945917293427707
15547,-1.3662354961938967,0.580222757187074,0.731237711159367,-0.885703113308336,0.7039677977026985
15548,-1.3361931397032232,0.518164340826859,0.7281089773746552,-0.9117319348227785,0.6654961511892457
15549,-1.3592673296432025,0.5835061248868407,0.7262473945052362,-0.8899971173073913,0.6993174800304056
15550,-1.348050196103803,0.5595846958308198,0.7293671859140584,-0.9094937691234195,0.682162002284616
15551,-1.3732924318743387,0.6288937014599636,0.7359350865436997,-0.8984376327953193,0.7158169614257587
15552,-1.3211094476784362,0.4967545127308941,0.7202698662615743,-0.9187524595123846,0.6548115933313761
15553,-1.33100913292348,0.5059701074979505,0.7318052446326551,-0.9375718512295594,0.6533159677541952
15554,-1.3188282089180328,0.48427738475183923,0.722065534640132,-0.9214817249166146,0.6498459591834731
15555,-1.3278834540866717,0.5073478794045004,0.7303555065736259,-0.9443807695122792,0.6503670133317332
15556,-1.319233170644489,0.4945881062074491,0.7206483730500834,-0.912278731307462,0.6553316436072358
15557,-1.3367716867087802,0.5307627840746735,0.7224184375987347,-0.9024737317633676,0.6729996603147506
15558,-1.3318479678682256,0.5129173016792162,0.7348033347643973,-0.9538927265024334,0.6505767482987608
15559,-1.3586997095125213,0.5940644582857181,0.7325459323908506,-0.9180583433289344,0.6924549228223109
15560,-1.3491832631573266,0.554378220158853,0.7321154931735084,-0.9288470396806208,0.6763761503433497
15561,-1.373846209158267,0.638975721161978,0.7385856025740528,-0.9119142346239799,0.7154208293310017
15562,-1.3014342554524492,0.4607673994193944,0.7101301306023914,-0.9036170540982758,0.6429575500361376
15563,-1.279155613424691,0.3726678611730615,0.7145156180377542,-0.9283965857363644,0.6034605464296658
15564,-1.2691773374180346,0.3565457904855279,0.7137590256618429,-0.9469637831962596,0.5905850742804332
15565,-1.3227503428252916,0.5140827973250539,0.7178430566720521,-0.899311715035233,0.6653757153108472
15566,-1.2975452429306882,0.448817329204435,0.7187859331071099,-0.942745512176653,0.6258896696980637
15567,-1.3132458976323846,0.4729154247412575,0.7266691755335943,-0.9418575588449319,0.6371782334888445
15568,-1.320256239869993,0.47455962229404364,0.7277803362953541,-0.9376318225140142,0.6417977012438107
15569,-1.3144552097568123,0.4726548535601611,0.7222954552823756,-0.9277909905413807,0.6412107393423717
15570,-1.313154520748412,0.4706425345033278,0.722264208648966,-0.9293161057192981,0.64038718408134
15571,-1.320639723198153,0.4948835443635067,0.7268394995973441,-0.9377216076441777,0.6481458061599853
15572,-1.3538028974769791,0.5716951888080556,0.7288634651996335,-0.9070219128669873,0.6909330686985234
15573,-1.3740324644151882,0.6525900684327917,0.7318767908876773,-0.8917476064021644,0.7235771761969135
15574,-1.3576171533776522,0.5971709403976103,0.7369168892275719,-0.9365122194325773,0.6916158516062294
15575,-1.2193208200472445,0.2333999918480095,0.6930081779038211,-0.9246617317386107,0.5467478190848005
15576,-1.248891362833274,0.24045064778491493,0.6743050513860364,-0.7835777386852766,0.6121714412945082
15577,-1.4410689698743062,0.7215310820410133,0.7531954344508642,-0.8422964420016538,0.789639016186521
15578,-1.4709028108939417,0.7988555821199858,0.7462384926932294,-0.7804534023605871,0.8339639923887595
15579,-1.4715228785279968,0.805587076967892,0.7590920343031319,-0.8265768584433172,0.8238213119934369
15580,-1.4107494514577401,0.6589954613914909,0.7411602571922479,-0.8476248084982384,0.757934070785933
15581,-1.4506199383175902,0.7437146522699002,0.7537000925277778,-0.8243237565329987,0.7998101806798505
15582,-1.4344167990766161,0.7292555880284273,0.7487134695702707,-0.8427166046433069,0.7876590089769251
15583,-1.4902755765741729,0.8631322556596874,0.7656065172234539,-0.837608126114747,0.8446950397644944
15584,-1.4254286119264492,0.6852495902075522,0.7507959408256905,-0.8531290750062887,0.7674711494252685
15585,-1.418925538788381,0.6932893668817658,0.7488811233713158,-0.8641900128234336,0.7658176203662294
15586,-1.429475594427204,0.706464096606827,0.7514091911201134,-0.8492452712992516,0.779010457226527
15587,-1.4133254325005253,0.685640292364001,0.75235808237162,-0.8864685165966335,0.7560712429030698
15588,-1.476807384403839,0.8392994466495662,0.7584919948643081,-0.828460350392116,0.8358729649351246
15589,-1.3142998486676742,0.8903606248435543,0.33760684915578365,0.10313436342245531,-0.8558664886854803
15590,-1.2130473502275856,0.2593534304992021,0.6934089055953365,-0.952667962808834,0.5538922508268052
15591,-1.3338156709153968,0.5148822877959633,0.7300640770963114,-0.9291239065705461,0.6621785338081136
15592,-1.2046038682614844,0.21379694127865576,0.6827993450961505,-0.8973597623255749,0.5565168771666789
15593,-1.4192430675269476,0.7344090089276685,0.7402013491337347,-0.8575346400079434,0.7734692123306078
15594,-1.3515714134394865,0.5471707816618242,0.7160506972126064,-0.841423726368059,0.7068770444015047
15595,-1.4239511283355777,0.7218185839617302,0.7435449899583353,-0.8593629008130151,0.775499660246947
15596,-1.4336577219222253,0.7514044000044671,0.7518326950779329,-0.8691278142540206,0.7832511415807675
15597,-1.246484087212669,0.5327965693896479,0.6285134855180728,-0.5806755588780598,0.8258510272576746
15598,-1.3173266608294505,0.5329556477505898,0.7126530387509792,-0.9066352910026223,0.6801594478880592
15599,-1.1257528932320089,0.21029564529349232,0.6454729238161057,-0.7505478608471203,0.6439237302445134
15600,-1.3388228163279943,0.5509127501645416,0.7072695226799348,-0.838916976546083,0.7040141642001352
15601,-1.3827711691368088,0.6113944955456184,0.7287392506759923,-0.89153200448502,0.7205020564186341
15602,-1.2756634756526506,0.5305072577738748,0.6799840081705825,-0.7971543334076602,0.736987295833005
15603,-1.0955253798048414,0.4585409856035083,0.22778521860955783,0.38916206297323686,-0.8865528730478722
15604,-1.5825477554220373,0.8656339842572639,0.7884478787552075,-0.684429699073949,0.9492240655837214
15605,-1.5287825049226476,0.7619818438981882,0.7889167112372797,-0.763791396302093,0.878741866241223
15606,-1.5445075705130065,0.7705790564490437,0.7895378956854283,-0.7368348637128294,0.890634920118463
15607,-1.5053081020647805,0.6884656907448744,0.7871168073566995,-0.7710994643441536,0.8481486326693437
15608,-1.3861397248562282,0.9530705079247572,0.4834843119071998,0.11170385193190213,1.2030392665440552
15609,-1.360309929380125,0.6012281479245355,0.7300154395350763,-0.9034350051896679,0.7047680610697346
15610,-1.301274604116161,0.46911961952869374,0.7213383399289941,-0.958691470981415,0.6333137337230778
15611,-1.1270748338489749,0.10152421876873792,0.5187925492393435,-0.35468987982115624,0.7083705829429393
15612,-1.3614208565824781,1.18562295963941,0.44110183418046817,0.017454568865374567,1.2363649912461472
15613,-0.7563568328093023,-0.5324454644575473,0.3722964530330006,-0.021151161459013627,0.6862176544641887
15614,-0.7314233766269154,-1.0387582820611658,0.4559954814650216,-0.25487869299076094,0.4307159678865928
15615,-1.1932570222666872,-0.12295572414230849,0.6571717872687877,-0.531380511575676,0.6066011397553751
15616,-0.6164922162371637,-0.38663109737194346,0.20546328657402757,0.31562502902525913,0.8279674974168245
15617,-1.3648716736545223,0.6707930258899364,0.38932704503395216,0.675862214799191,1.3424556510997663
15618,-0.6611580628749029,-1.522141077230188,0.49091404244291353,-0.44616508673825256,0.18353943007042844
15619,-0.7284624389908286,-1.6504439282288377,0.6121895779810622,-0.8377483776047777,-0.05027075528722592
15620,-0.6686973111253978,-1.5946005890162727,0.5127634221537087,-0.5225306183815982,0.11985629171158892
15621,-0.7935392929879095,-1.4544098814036364,0.5764277266175941,-0.6375251856155384,0.10217718674471157
15622,-0.6009660679635919,-1.6060297242661052,0.45966464111336097,-0.3666483232156423,0.2109871437600176
15623,-0.3881027274131537,1.6302732069886088,-0.34570454845778253,1.3618300346182555,1.8733006268421708
15624,-2.3690661548663856,4.73932682018021,0.26469213874520064,2.18928397862993,3.4955846696135087
15625,-15.32248987516702,49.45144837408075,2.961431538644427,11.034980726744731,28.734776307581267
15626,-0.7642243229237979,-1.4677732899621363,0.5924216438956103,-0.7271088232116238,0.07395627728767905
15627,-0.8793974249918591,-0.20924604867315558,0.31898117046519575,0.3636845818359697,0.9465163721411508
15628,-0.7968904642040243,-0.35556303442113807,0.33389300269619065,0.16842968991023882,0.8412308919984746
15629,-0.7204503076646138,-1.1286916736333226,0.45433654156951414,-0.30181925310772856,0.35816993785379914
15630,-0.6583666975015163,-0.47636433927839655,0.2833909067760906,0.1523496561858468,0.7874749998542889
15631,-0.7342386050039992,-1.2757505528283164,0.5285955811062888,-0.608019911256459,0.17308018388912838
15632,-0.5790635638152235,-1.6426168643932992,0.5157174823965353,-0.7390090623596702,0.005773066484321372
15633,-0.6734968274198804,-1.5429048909477792,0.5702388309683535,-0.8129062515893841,0.010366829394205733
15634,-0.6353208237159045,-1.5788958717049635,0.5507728518665336,-0.7770306420144214,0.007333130719701629
15635,-0.8384537435051191,-0.5088668806182602,0.4141818691095276,-0.13950146391823107,0.6225185871356682
15636,0.0017393559044531588,1.1792341882145387,-0.4367958936502907,1.1912430840866175,1.6883658938101844
15637,-0.6925311787344398,-1.6027432354023505,0.5715857416624869,-0.7958934939104398,-0.014259301244096252
15638,-1.3158014416378734,1.8618984096893294,0.1862305597076989,1.154255508615552,1.9920498688303137
15639,-0.5929796596372786,0.8432453289939877,-0.03312677772162934,0.6836278132125496,1.305649288660554
15640,-0.4861748541769744,0.13518134768578094,0.040180391233151445,0.4526064763654378,1.0046719173606617
15641,-0.8775847136710204,0.6688665594126664,0.15101927425037825,0.6832046014374434,1.3277179873695184
15642,-0.6024034125445602,-1.153559669994745,0.3994083804243792,-0.24440707111032836,0.40546687421877603
15643,-0.6444245308747671,-0.9286647225312091,0.3876546041271413,-0.2375172610493145,0.46326513445730133
15644,-0.6916851329472047,-1.3988193465044028,0.5541874745049835,-0.7549825914209284,0.08144320785379588
15645,-0.6460252500342797,-1.5620576271142947,0.5675261957172189,-0.8342502296315601,-0.00441159795626308
15646,-0.6720737175839436,-1.4714955924027109,0.5616032291424815,-0.8081868031028265,0.037351087949723125
15647,-0.6633465636897168,-1.5415923997426888,0.5714479525440427,-0.8567028790435834,-0.0012905600323898144
15648,-0.7150914315600391,-1.4141548503576882,0.5760454422566987,-0.7814808781986738,0.06902821762209485
15649,-0.9541086637215879,-0.5612755617776141,0.49653726500790824,-0.25215717970029283,0.546378094402162
15650,-0.6415555300300374,-1.6644872500240608,0.5771699031555967,-0.8919760557119921,-0.0644366593936545
15651,-0.7503414269115696,-1.5688037650613254,0.621227621720955,-0.9101305486462006,-0.043850844338939154
15652,-1.2650308754141242,1.5055867183051501,0.18392118691503528,1.0740865819499565,1.7750298657319452
15653,-0.5019156493251519,0.6666490573761303,-0.09686326739501508,0.9689089587932173,1.4151416685205525
15654,-0.7211657358419312,-0.4457743461074224,0.27613645249027513,0.11687567213440447,0.6778046822212225
15655,-0.6679110450221294,-1.186830738992716,0.5004808920024879,-0.6641248974674082,0.16489109437117266
15656,0.04393379059669736,-1.3021473842318505,0.1731706183562149,0.2190524546721417,0.4753054947445372
15657,-0.6689734828789942,-1.0658537578858416,0.4264488741567586,-0.3082748031388541,0.35179664465282173
15658,-1.2761768660005322,0.2571649202687779,0.4464693376885363,0.2352787970534953,1.0041126812997505
15659,-0.7210290860726161,-1.4628442035304143,0.578901978221782,-0.8035725186643663,0.04429944168474105
15660,-0.7673652595479845,-0.6160226164696045,0.3925016440902543,0.08968333957317459,0.7588558092583437
15661,-0.799006722316364,0.37164082138292026,0.12976530512023685,0.7477089160282001,1.3246187059273795
15662,-0.8368579623186833,-0.4849341255248733,0.3833210193433695,-0.11234834239041736,0.6180206750927363
15663,-0.5671202355477206,-0.8539348786166003,0.28926648005579547,-0.049537863136394966,0.5132550296114927
15664,-0.4194456464101128,-0.029884697767873614,0.042838511718229354,0.484644424305566,1.0452980111259897
15665,-0.23572901773218038,-0.20016677676688344,-0.03492396387857024,0.3778571958129207,0.8551735037154057
15666,-0.7404075210769058,-0.8091385530339928,0.3886877043782061,-0.10076075799728824,0.5543041486479545
15667,-0.7422289359575754,-1.5101341702175843,0.6067120308995945,-0.8860209812575546,-0.018361597615654875
15668,-0.7090337844676926,-1.606594001797084,0.5951528726513702,-0.8673931248781723,-0.04333560970317383
15669,-0.7386577185367212,1.039101964640698,-0.0019884324272320666,0.9926394651468957,1.5963488037968212
15670,-0.6247904621573034,-1.2047581186629621,0.48540961614340966,-0.5938765160525984,0.23880003507380226
15671,-0.7796315395726018,-1.2402406782442879,0.5924040115971182,-0.8793379568755892,0.06813090977970189
15672,-0.813697360414125,-1.184600999519924,0.6038250502918592,-0.8666763163150805,0.09325007023284661
15673,-0.6198434772961072,1.4059801716124969,-0.15399031078516806,1.2270265871492492,1.6916682382907324
15674,-0.6341291927306649,-1.4593952767100065,0.5139234853277708,-0.6361666344094405,0.1105322129277625
15675,-0.8191717083199492,-1.0584480054007284,0.5493355580788468,-0.5803999553694054,0.2622856145930896
15676,-0.6949304898709977,-1.1528138451976764,0.45636382285513044,-0.2451039075853418,0.3812595541922176
15677,-0.7111109090296293,-1.465419352540077,0.5661582194932994,-0.7529521671159248,0.08599506532570593
15678,-0.6153857077196545,-0.6428074674490917,0.29545873095593833,0.13282711487136456,0.702499961508818
15679,-0.740622185917988,-1.4613067919486373,0.6008965756898824,-0.7822340245164635,0.051978199114295374
15680,-0.8207715830260082,-1.2448239786922477,0.5974286415953342,-0.7091696218992746,0.16635186379462188
15681,-0.7882731821726792,-1.3218661204711628,0.5848845286414486,-0.7384696364883943,0.12910162163306643
15682,-0.7640569487279645,-1.3738117298836,0.5859443992698102,-0.7702682632656941,0.09611231581459102
15683,-0.7065077234828426,-1.5309647315835857,0.5599832666029235,-0.7436778297604676,0.05047863838776349
15684,-0.772533672019497,-1.3450555991964144,0.5825800251474728,-0.724359730128484,0.1237259464650461
15685,-0.6752951915639122,-1.5953315207440038,0.5602875007721879,-0.7590832777038843,0.015242117944091861
15686,-0.5341758949114213,-1.5111188464294572,0.4207844271354964,-0.32296344677856687,0.23882794713012623
15687,-0.6208282422550928,-1.4993122035932558,0.5187835234438516,-0.7084599385137318,0.0781783042056873
15688,-0.6761598372838575,-1.428656774444168,0.5556561122828423,-0.7764668709077777,0.07713415292805521
15689,-0.6493708235087751,-1.4940928591578118,0.5436773070442591,-0.7867550038525672,0.04825653484963362
15690,-0.5258015349340814,-1.492566266307742,0.4430977268107341,-0.5410176902718998,0.15288315241446232
15691,-0.6383953844053836,-1.5340052463263787,0.5430542850750756,-0.7655817267855421,0.04087861004039891
15692,-0.5850948154575873,-1.6157891293542606,0.5220568110464665,-0.744582166874114,0.022335923455958313
15693,-0.7119572167805989,-1.4713870378230887,0.5764562670126882,-0.8144669556694871,0.045302268097832624
15694,-0.695541419633085,-1.4957331535235145,0.5665782588872244,-0.7868336337689457,0.038543808912206226
15695,-0.7524776104363857,-1.369191351628994,0.587060346671032,-0.804810263203915,0.07957036585495256
15696,-0.7883035127684055,-1.2953753869008247,0.6055956887006807,-0.8355935803971766,0.09661158090013891
15697,-0.8623899746138971,-1.089911199954949,0.6284422732210418,-0.8586772608284667,0.15742089968341574
15698,-0.8013080094109585,-1.2179730045568204,0.6042071229447968,-0.8194297338764566,0.12395541096267622
15699,-0.7984947504606876,-1.2464318926662823,0.6008854364231323,-0.8105518796508995,0.12103801211706781
15700,-0.7663529900194052,-1.323654769881031,0.5976174069320771,-0.8343744186755004,0.07810827772402822
15701,-0.7611242040718088,-1.3099610357610882,0.5946728937546498,-0.8359768846050115,0.08236511998342008
15702,-0.7762291325056458,-1.270971946173919,0.5915806742091413,-0.8103433590824147,0.10748014128344548
15703,-0.7480435521302645,-1.3237989168709967,0.5753320183027574,-0.7743795765993493,0.09860613318359916
15704,-0.6228231567889039,-1.4755030580064492,0.5200253771886414,-0.6724780685014378,0.0958005671206237
15705,-0.7567485881958708,-1.323125431748717,0.5895608592462711,-0.7947286540907275,0.10129662954493705
15706,-0.6345913313346327,-1.5117667053995376,0.5409997013499149,-0.767072528894925,0.050532109049612646
15707,-0.774070896544807,-1.3292094381904425,0.5938357947951469,-0.775885894831829,0.1096182646257815
15708,-1.0550256394143536,0.09926395653772443,0.37223981353175256,0.3519737297467041,1.001341976944263
15709,-0.7446055795017559,-1.382426376417439,0.5834505757846219,-0.7912227975850158,0.08309476038644979
15710,-0.7691174566191952,-1.3153341764836586,0.594754274889698,-0.7951512921296431,0.1010834345138758
15711,-0.783667851560341,-1.2677373265852685,0.5924460139071495,-0.7894439953437239,0.12269284414078273
15712,-0.7706494104566379,-1.2915299476782636,0.5963934259419931,-0.8266380510718492,0.09515546002610772
15713,-0.7780095234181669,-1.2558737369055046,0.5884629868839687,-0.807723564606667,0.11200901665356859
15714,-0.7829842658645622,-1.255035318901382,0.596729397571477,-0.8359882835323185,0.10258843911503997
15715,-0.798452618719603,-1.186751797462006,0.5931615226065688,-0.7997660609410252,0.13568035298792946
15716,-0.787541678754335,-1.2274656031527633,0.5957924351434932,-0.8146400522886676,0.1197369677279598
15717,-0.7777833471278819,-1.2519116004175965,0.5944232732434775,-0.8259801621417003,0.10610192120594622
15718,-0.7782067310119928,-1.2392655084947477,0.6009224405384656,-0.8348155049791465,0.10691327639161095
15719,-0.7821768548199161,-1.2409462871086856,0.5996979177171432,-0.8404358322280127,0.10305266687699259
15720,-0.7738276265008146,-1.2711812515904604,0.6035534691807249,-0.8562126848947668,0.08683982357483135
15721,-0.770870723923777,-1.2779250929792016,0.5953935654643339,-0.8498416212625212,0.08560537644559275
15722,-0.7684953893583801,-1.2780914117653304,0.5966963655286794,-0.8491348297544989,0.08464549237110355
15723,-0.7418143383465636,-1.3401659252940812,0.5956230744052917,-0.8780865152428953,0.053775267317289425
15724,-0.7596474870400026,-1.2883225112725212,0.5943877595910975,-0.8435343328471785,0.08678617787918068
15725,-0.7719815242519449,-1.2637478546846745,0.5998767525784101,-0.8553447533856858,0.08813743031069733
15726,-0.7651510595945161,-1.2922283882944456,0.6012672315954424,-0.8566386395429059,0.07610942894600256
15727,-0.7483243474423386,-1.3310669822916181,0.5921994241390158,-0.8628670081114989,0.060218351325306285
15728,-0.7804072650458876,-1.2492925162225075,0.6003569245563672,-0.8449755105721787,0.09654538184039174
15729,-0.7474866666005894,-1.32797216245322,0.5964984981655533,-0.8680242985482465,0.06117611265697682
15730,-0.741890749381061,-1.3234903189251646,0.5911364905921389,-0.8607359243552528,0.06322180010004551
15731,-0.8185661449882558,-0.28858925945076647,0.3464519943701588,0.11265853158346831,0.7556300284095546
15732,-1.1120033990598066,0.2742304145770629,0.3510071357716735,0.3937695375458521,1.1056592491245854
15733,-0.7933223022321088,-1.302813309417117,0.601308238813504,-0.8166345912870531,0.07308229796551721
15734,-0.7597178222410448,-1.3869884208575138,0.5986645756612498,-0.8721794781361969,0.026949881558430033
15735,-0.7991313986202855,-1.2985224375790765,0.5880250677522231,-0.7679206496312524,0.09116119849274523
15736,-0.7544775970437272,-1.360658180719832,0.5974763050081593,-0.8870748591623532,0.0274312719404235
15737,-0.7513557010626377,-1.3677343950018053,0.5931345336193727,-0.8932355290925417,0.024526753353628777
15738,-0.7725217911865968,-1.3439077356471574,0.600224979154238,-0.8602441543847418,0.04348700985785791
15739,-0.7264093002382126,-1.4641092300039074,0.5982592317788193,-0.9114644082676803,-0.01617439228800566
15740,-0.746126085122824,-1.3974176578288382,0.5986018012469999,-0.8854617649938321,0.020846230827071568
15741,-0.7699718126350866,-1.3575778316394504,0.603115102493588,-0.8522880195355717,0.04783702330455602
15742,-0.773035626664274,-1.339810362558214,0.6020295563941842,-0.8513751958655822,0.05654040185214305
15743,-0.7591164181302784,-1.405529561628425,0.6073920128544037,-0.8915833958153294,0.017634470518242813
15744,-0.7674653486463667,-1.3746915079848567,0.6072037249432592,-0.8681446987464329,0.03637441663605425
15745,-0.7549556902560486,-1.4248431176441028,0.6105307076769187,-0.9108574934713692,0.005329319322407816
15746,-0.7661165483425992,-1.3622642620130718,0.6069687783138643,-0.8842974513234099,0.037234014368493905
15747,-0.7593122944935925,-1.4145379660972364,0.6114274777448374,-0.8903581596584279,0.01570567312128737
15748,-0.7698483688935434,-1.3639733701423207,0.6121973939215472,-0.8890628935034246,0.03301375219210682
15749,-0.7657639457239913,-1.37132985018529,0.6041257126776436,-0.8735027713564839,0.035076061111088255
15750,-0.7644147567727321,-1.4034306938180476,0.601388715468955,-0.859684921560817,0.034322063247573226
15751,-0.7452543660174983,-1.4518750205809665,0.5998885060419713,-0.8707137947563066,0.013265826391844478
15752,-0.7617429330865444,-1.4035785637855485,0.6018251621964686,-0.8568618637961228,0.03303031618032074
15753,-0.7731788346853584,-1.4106122297003596,0.5952362007297978,-0.7688351184849336,0.07042612253539926
15754,-0.7475949927309807,-1.4486726022365437,0.5933752223013449,-0.7967352016259724,0.04661780646985803
15755,-0.7434140674045682,-1.402748755531474,0.5807100227896831,-0.8102765211584186,0.05659010242925833
15756,-0.7511693445456192,-1.290822838965663,0.5671237276045106,-0.7542841606251408,0.10853829074078608
15757,-0.730661249961533,-1.4195212715150314,0.5688874126134402,-0.8245302398590117,0.046309181661233864
15758,-0.7206456328241075,-1.4730529885249175,0.5698374093112302,-0.7337002163456167,0.06351147588927987
15759,-0.7990397084228127,-1.3084799999502124,0.5751860689415621,-0.7101718983334319,0.13147363446614108
15760,-0.7330544360779294,-1.4591016641294194,0.5796609978681795,-0.7121286214743923,0.08183660194630046
15761,-0.5291627592813921,-1.2652655957903614,0.4074913774871574,-0.30754434003207237,0.3033541884449954
15762,-0.4844922485391589,-1.6277183564458633,0.43755529243421787,-0.2253052626485669,0.2768369187278669
15763,-0.7185913997981982,-1.4684612877302592,0.5571455385258576,-0.6462466301143088,0.12753190374886803
15764,-0.7033778947100495,-1.4689967654515765,0.5360972147579518,-0.6180177063446686,0.14055618670382256
15765,-0.7402547510570456,-0.3676442323452486,0.27373854561076805,0.3785141512239881,0.8826951075370302
15766,-0.7956400095871717,-1.1935906988129474,0.5648690411445243,-0.864229991360887,0.11384026119731208
15767,-0.7494154281178648,-1.2624951497590466,0.5832987233178056,-0.8643901611156022,0.07426932722018284
15768,-0.9783733223551823,-0.5360549726375075,0.4988656881441243,-0.2850443478433769,0.5264944303859856
15769,-0.7900526617356741,-1.1814327334212893,0.6165695065425459,-0.9660638981964053,0.06126331068177452
15770,-0.7350519260914089,-1.273864785316453,0.5943154132803637,-0.8720865429152598,0.0645407826395095
15771,-0.8001997464657064,-1.1961230934648028,0.618704531275245,-0.9824040781864005,0.043389704999873324
15772,-0.7677103163335108,-1.1930285140368722,0.5888816885263556,-0.8888364383999338,0.09090794153735038
15773,-0.8176686695200239,-1.1724983963629605,0.6160331757260913,-0.9582907273191911,0.06357480750065775
15774,-0.7969301132792793,-1.1535982259230328,0.6132572131669344,-0.9069946518044383,0.09174968576226919
15775,-0.841098947280754,-1.0779406153231417,0.6216961150316491,-0.9463435741992621,0.09813609045099812
15776,-0.849243590718176,-1.050864092568597,0.6266113810395412,-0.9048047149165054,0.11468439922238884
15777,-0.8273785685784569,-1.1397787580326837,0.6332772861802275,-0.9538826632916666,0.06831353930397777
15778,-0.8218930293809843,-1.1450208763501444,0.631934816681154,-0.9451371807528556,0.07121246549679909
15779,-0.7853485485300263,-1.1928735176877672,0.6076660197037277,-0.8985458149420905,0.0747440187454683
15780,-0.7361941419838585,-1.2772747469868369,0.5959552972925983,-0.9145383085595655,0.043039530093115896
15781,-0.9152828375383335,0.1542603672452446,0.2536709158805953,0.35731621401636143,1.029225925583884
15782,-0.6521484114817,-1.2530741264146747,0.5376969191999058,-0.76978175248138,0.12410317244633011
15783,-0.7567438500009983,-1.2106562361531712,0.5853040081203864,-0.8555420272693911,0.09516287675081067
15784,-0.8593637651668647,-0.9467765740607219,0.601910018963532,-0.7964219529762488,0.2054907817839826
15785,-0.8211254968797937,-1.0624948494273514,0.6098788835978772,-0.8577588514949736,0.13957545204719185
15786,-0.833530442192998,-1.0630873358442527,0.6112069671930124,-0.8597629814454029,0.14086448336492985
15787,-0.819618147324158,-1.1115401104255291,0.6131473777192967,-0.8555427720748172,0.12797366161921908
15788,-0.841734307348088,-1.0593466875297182,0.599178216476463,-0.8009682643292451,0.1698187094744001
15789,-0.8161804510098133,-1.1281324219889386,0.6124336850726599,-0.8701074965943877,0.12329206120426475
15790,-0.7977804863398285,-1.1776914164715044,0.598529864990822,-0.8314459811680245,0.12072765740662225
15791,-0.8229482994272087,-1.0827702604175677,0.6042862205703252,-0.8425558859280687,0.14610380479707147
15792,-0.8261957141673086,-1.1030492892681565,0.608374250124114,-0.8446060514299045,0.1382283528403469
15793,-1.251395599525219,1.0230173095592656,0.3234613343804466,0.7013781336560863,1.5391277027207677
15794,-0.8177973260582105,-1.132578086924377,0.6121823459657012,-0.8493949615414643,0.12647176955068126
15795,-0.8197018790497509,-1.0850223916798127,0.599357778960695,-0.8447102562544301,0.14859402787998105
15796,-0.8054987584283311,-1.109942200670662,0.5997305471202079,-0.8385963531976786,0.13368712904906538
15797,-0.7889476903951973,-1.1573551271527756,0.5934132677423715,-0.8319050246915937,0.12138959562649863
15798,-0.7768296457678385,-1.123177389337201,0.5710314713830242,-0.7809654364314182,0.1545365090528445
15799,-0.7789843851337019,-1.1672885065678487,0.5886072378083825,-0.8427482205544881,0.1163202876872482
15800,-0.7231582356188258,-1.2668605335830347,0.5642519010784611,-0.8013129875254439,0.1008995369074386
15801,-0.812244024780435,-1.1045243656008332,0.5876161053741434,-0.803766228779845,0.1503581723620226
15802,-0.7355906847439797,-1.208982504146248,0.5797877123638243,-0.8032316503503066,0.11508022207142143
15803,-0.7173187501941455,-1.2964403543276424,0.5893660459367329,-0.8425229179721201,0.06698487303264992
15804,-0.6931006101555164,-1.347125025300748,0.5786269815713838,-0.8166454952256149,0.060790522097479774
15805,-0.7005783849788315,-1.3700452181145841,0.5768893106200124,-0.8254456977689134,0.05826507889124104
15806,-0.6789001026058102,-1.4123665350886128,0.5789529805068633,-0.8766740462287576,0.018583354890724508
15807,-0.7058556809490746,-1.3414580257650148,0.57093720230115,-0.8051557993085072,0.07465720598758384
15808,-0.7476805656463557,-1.2685959557295032,0.5741820053842698,-0.8087581789899059,0.09525021393442178
15809,-0.7490083818744051,-1.2330825750052816,0.5607620543181938,-0.6991896758455526,0.14207365460319998
15810,-0.7228869854066104,-1.3624614012323373,0.5783175862658946,-0.8181194435609802,0.05973501214830181
15811,-0.7548571810360808,-1.2578795190057717,0.5785310765517634,-0.7908026927261972,0.10319090892885407
15812,-0.8008820508235815,-1.1031498943299565,0.5616341429986381,-0.6686650215172032,0.19629285155411383
15813,-0.7793012243068866,-1.2459208620928715,0.5797436872066438,-0.7981411163735294,0.11316005176439238
15814,-0.7648806350860983,-1.2739194178810984,0.583398086666572,-0.8143996158523067,0.09436216224831305
15815,-0.7234821441378522,-1.376992233235951,0.5718679937762802,-0.8046168068109468,0.06644180535379461
15816,-0.7124902256123349,-1.372487582136871,0.5745098988301705,-0.7295696761560492,0.08517125212305107
15817,-0.7379342545179216,-1.363520019274639,0.5737273287654163,-0.7902232956385661,0.07212363012168511
15818,-0.6883732484045492,-1.4611540370154148,0.5604977093251834,-0.8121257754150639,0.03817243470462954
15819,-0.6676304869272177,-0.4680771001634088,0.28398732972118407,0.06806238692745599,0.7828959204435915
15820,-0.9739888891068619,-0.6137384737494733,0.6014581811628763,-0.7525978015325568,0.3590216658191352
15821,-0.9425661413567225,-0.6887362981972405,0.6044057625931337,-0.8125069541161183,0.30929651284245074
15822,-0.9830195128775573,-0.5975190784648001,0.6102216078313943,-0.7660061297086256,0.36017137722974063
15823,-0.9536632574463969,-0.6328558214442525,0.611581253888223,-0.7729826120697887,0.34346758472149175
15824,-0.9454188052959944,-0.6619179142339419,0.6177885452557237,-0.7831112375540541,0.3239095286535961
15825,-0.9775670686305081,-0.5636868749060314,0.622556437834859,-0.7773752281414558,0.36255415248457185
15826,-0.9874607099011972,-0.4842471455589351,0.629008507952664,-0.692624586450402,0.41448084648707195
15827,-0.9408155576198772,-0.6709437839234957,0.6075453504265135,-0.8084943730768108,0.3131461170414006
15828,-0.9215942177293132,-0.6887047399625996,0.623174562307462,-0.7649080498895793,0.3149955876287492
15829,-0.9295636746692789,-0.6240201699341869,0.5883724753935216,-0.7393122578130316,0.3669329693854794
15830,-1.1475878075646637,0.31993779349953533,0.4635304306637015,0.12027120473005179,1.0079893125931367
15831,-0.9503852862405004,-0.07965524220311898,0.3563597464538368,0.2050211880098813,0.9454665776224519
15832,-0.6249809957541825,-0.7357713109801339,0.3401422732046327,0.09705160576833213,0.62375238240848
15833,-0.6514026538221962,-1.6658913959049855,0.5850747322742992,-0.6581606798179122,0.029345813052402293
15834,-0.7215541428622831,-1.4992074108909832,0.5557516472516153,-0.6486702454382887,0.10948378427981852
15835,-0.6859230314019424,-1.6084485932900567,0.5672042221622712,-0.7405117531045697,0.03600402357754039
15836,-0.7575463990930987,-1.424180038969668,0.5654197896876406,-0.6763472917749267,0.11800104175932911
15837,-0.7189065412199337,-1.487307643575723,0.5692264488558678,-0.7244332641054524,0.07517786779051654
15838,-0.7257130959995102,-1.4570444077787712,0.5579380395296051,-0.7308842178544352,0.08344355597871653
15839,-0.6819872454079366,-1.5356614383932572,0.5571552037981947,-0.7671278390198211,0.04233990800612331
15840,-0.6668371909555035,-1.5426520259026695,0.5431804497379882,-0.7825008932285366,0.027057500629417145
15841,-0.6945254930760824,-1.5550235392866936,0.5536287651169819,-0.8632981988966046,-0.007357724835696225
15842,-0.6623420235687717,-1.5328043995418232,0.5703808124074587,-0.7570015715324723,0.03340048307881328
15843,-0.7088046130398864,-1.4842941324376286,0.5505319050748745,-0.8240370246834284,0.02995301576507513
15844,-1.0757810770237517,-0.32516733675460635,0.479522852352299,-0.0902515663004387,0.6789653743985873
15845,-0.6584797827658798,-1.577593351431058,0.5894860349794292,-0.8389251116462607,-0.011631542920064653
15846,-0.7062782404173877,-1.503316237900002,0.5727557414630521,-0.8646030333659932,-0.001830980969968359
15847,-0.6462536906402023,-1.5887014398395574,0.5685881549939291,-0.8203742592139882,-0.014642508599967345
15848,-0.6921521036484791,-1.562989474749309,0.5719645699825161,-0.8821784157277884,-0.027713389655693584
15849,-0.697878899700183,-1.2721950611591253,0.5043162363569343,-0.5339690686781344,0.18906576749679452
15850,-0.9779919257594081,-0.36939597305810906,0.4430651601195304,-0.04590887320554205,0.6863646246572777
15851,-1.1931774707440497,0.5676272415523664,0.34173101595688976,0.4741829477779456,1.2212991056732003
15852,-1.532392698810609,3.6032798159922903,-0.06905671181885784,1.9500636052291576,2.8465337308343175
15853,-0.27436611387626464,4.355187512281679,-0.872447889663386,2.7119339850381254,3.5102226454293435
15854,-0.5736361399803147,-1.859243219496129,0.5540877554307693,-0.8326669760437582,-0.12837480070472398
15855,-0.638009282445534,-1.800946606832447,0.5588751041734694,-0.7535922379672368,-0.07601438216562936
15856,-0.6159844195464522,-1.2398041494111005,0.3956371479484558,0.020387630150929387,0.5081785520776632
15857,-1.0329307722354035,-0.08848898675247611,0.33311510478027195,0.8866555328261889,1.3362382240595374
15858,-0.5961771541564116,-1.8563177596169473,0.5567810231944098,-0.8398238177669489,-0.13181649635580367
15859,-0.5609783834416109,-0.8622455740578036,0.3364316570051567,-0.3240240223254198,0.43375673808317233
15860,-0.6205292862007674,-1.7602650136542335,0.549158419000461,-0.8042943179592821,-0.08373613237085749
15861,-0.5177759188202609,-1.7978289806304653,0.5025683170037045,-0.690413207780268,-0.040816229969785234
15862,-1.517608109375131,4.410600300366372,-0.2036624674248707,2.8728096011859146,3.8632996533692276
15863,-0.6601546587994176,0.3153108469616212,0.0856181985636392,0.8472296220126704,1.276968505185368
15864,-0.6967207578881766,-1.6159439174083134,0.572000514439444,-0.681602105858907,0.059173742255979406
15865,-0.8014186352216222,-1.3709673006676506,0.5776983599859213,-0.6234267482513424,0.1742115157452575
15866,-0.6575620145941862,-1.6046401078285024,0.5521241924017973,-0.6257204931563547,0.09228510240941229
15867,-0.8057127392856536,-1.345074907829981,0.5926473815565682,-0.6743383773894494,0.15964805304880245
15868,-1.058134513994218,-0.16814107358740643,0.4075303023730312,0.30289032567977964,0.916430113169194
15869,-0.8057039729037678,-1.3407901234404007,0.6000939734866872,-0.7609170080970858,0.11241228027870577
15870,-0.6948197178229869,-1.5052869574171106,0.5601215194087823,-0.7394898476161261,0.06820528959663595
15871,-0.7843582595616114,-1.3614815771095377,0.5949799296888341,-0.7630168233250171,0.10324758289460649
15872,-0.7823738337875565,-1.3533400639734008,0.5954509140855202,-0.7817754076504487,0.09876743646087206
15873,-0.7892732918641968,-1.3254909946531594,0.5944070630711971,-0.7611377196517357,0.11531117535671893
15874,-0.7813793586138463,-1.34025270377568,0.5935929803548528,-0.7630917744994435,0.1089817292468497
15875,-0.7425614254335561,-1.3376122896088245,0.5826237387516785,-0.8105383004389637,0.07879918464537805
15876,-0.7911574022291304,-1.2135048206513963,0.59036805209611,-0.8000161155422968,0.12334012844438014
15877,-0.8330010600455551,-1.095472241972499,0.5819599596951739,-0.7211202810486619,0.19542183755502543
15878,-0.8065774045343107,-1.225865025976621,0.6081740259289501,-0.8575110121790174,0.1007577723468425
15879,-0.7826543196992406,-1.2490446013096002,0.5790459787493256,-0.7587685659464121,0.12388320253238795
15880,-0.8017116844158779,-1.2615020791129974,0.6017159513500604,-0.8154689006561097,0.10233711341787195
15881,-0.7877521251621084,-1.279137883027326,0.6026131613669058,-0.8515670903182991,0.08441186369829294
15882,-0.5436661021940739,-1.2307510184049846,0.32853584187570867,0.5804691063416552,0.9478377322204389
15883,-0.8426878899155993,-1.1768801563174165,0.6016393440770538,-0.7256807399688908,0.17460847970414953
15884,-0.8677814238698539,-1.1243236884128915,0.6085017758445321,-0.738557891128311,0.18797019692212552
15885,-0.8551278199363882,-1.1385290886381416,0.59989523903773,-0.7276513646630721,0.187019535988403
15886,-0.875039592661983,-1.0866125114909106,0.6074612965648529,-0.7231467245803647,0.20129712045628964
15887,-0.871663595941902,-1.0996408511774363,0.6156921688151797,-0.7593171168277113,0.18628007389427023
15888,-0.8686700139268336,-1.1058011547896978,0.6128894173093594,-0.766747254387719,0.1819060318168889
15889,-0.8235245175668852,-1.1850137803832208,0.5957806508521981,-0.7425030076688567,0.1587017203076143
15890,-0.8607918482829414,-1.1090752545647484,0.6019635002123767,-0.7252679667878789,0.1901150182870982
15891,-0.899760856958898,-1.0358100073873462,0.6181932676896795,-0.7232327414349998,0.2221996403663386
15892,-0.8625737654677763,-1.1236059373200917,0.599975004118505,-0.7450823217522332,0.18423592189516644
15893,-0.885368421360969,-1.0641118054259149,0.6144933579496261,-0.7349559625686406,0.20605325755106715
15894,-0.8558692279071968,-1.1341482025772316,0.6042182561644799,-0.7562788041494386,0.17550638797699758
15895,-1.2674135888764555,5.078695782740416,-0.459398614848046,2.9065521082626313,3.9303277342388445
15896,-1.0397508746594362,0.2939115209220956,0.2648438285479674,0.6612345532067481,1.2205241850452242
15897,-0.6986697907337924,-1.7321400559320221,0.5815889845407056,-0.7988237494286388,-0.06484350018195001
15898,-0.626515163043905,-1.8807865698461725,0.579583081506759,-0.779124479405979,-0.11176014600307768
15899,-0.6676546102646426,-1.79441823798486,0.5719892506916517,-0.7958100638632477,-0.08685588662680037
15900,-0.6427518744829536,-1.8472277365015106,0.5832643730356347,-0.8275518219578485,-0.12169043590191563
15901,-0.6871013547036706,-1.7436277948441408,0.5722611760110876,-0.7941782107360035,-0.06402395171086486
15902,-0.6670663642123632,-1.7849780616048916,0.5770943392895436,-0.8045760780793975,-0.08849387579396308
15903,-0.7052979506887588,-1.659031322075517,0.5661663347958579,-0.7668428214922317,-0.023637973110085995
15904,-0.6515616397750569,-1.8104889459125326,0.5810197382305172,-0.8166795004186777,-0.10362771121104075
15905,-0.6929247662512008,-1.7247972992136984,0.5674951260757176,-0.7924453591819013,-0.05760879475082036
15906,-0.7228037845722163,-1.6318660812176833,0.5726138851458878,-0.7480228167510548,-0.00792839419686405
15907,-0.7006862367360928,-1.6692393941727968,0.5760288340740719,-0.7668490705602868,-0.03225766202401659
15908,-0.6887796965225458,-1.7285123979938217,0.5757556917284825,-0.8077643792198003,-0.06663278929550664
15909,-0.666175391031419,-1.748482439746161,0.572019952047317,-0.8019331054148424,-0.06750210381941624
15910,-0.6378678023587583,-1.8140333972027336,0.5643341613043485,-0.7933029914504756,-0.0889906380692441
15911,-0.6844674267954618,-1.7403869253647497,0.5814492959022091,-0.818272324523105,-0.08042633246478408
15912,-0.6604473546638251,-1.7196022939555196,0.5750853366856339,-0.7201431884734658,-0.043228632269766525
15913,-0.7219079544153806,-1.6332594113509324,0.5669430845548464,-0.7436294686743325,-0.012591000232829514
15914,-0.6414321560791273,-1.8017048785970011,0.5631414843475199,-0.7523189083611151,-0.07370954008375188
15915,-0.7522486666049781,-1.525372892183597,0.550457481192424,-0.6238274586715796,0.06742614431156471
15916,-0.6850971187746214,-1.7293946961211608,0.5647715220607046,-0.7064485640022726,-0.03486192928764927
15917,-0.6476109714768832,-1.807027991980822,0.5635181626861534,-0.7407217456925419,-0.07256750739831233
15918,-0.6469781786456064,-1.8114645766510957,0.559576774120268,-0.7683407920252698,-0.08048331389523637
15919,-0.6437238919430579,-1.810859053662913,0.5668199224547833,-0.7460081889060705,-0.07300765934105147
15920,-0.6383944350093832,-1.8313468046159527,0.5505688682083507,-0.7874800211477417,-0.08436009654245243
15921,-0.674953212079786,-1.723503051652471,0.5618844146064265,-0.6918564075132595,-0.028042234207497335
15922,-0.7076912069113762,-1.6168630062473663,0.5424236679099753,-0.6337590128803204,0.03699478653724514
15923,-0.671781678861596,-1.7258194438383934,0.5499646743435594,-0.6976243338250552,-0.026520588449105237
15924,-0.6256749089760096,-1.8383630881280473,0.556259007488699,-0.7701521430264534,-0.08979564329547007
15925,-0.6301911662294697,-1.8498029612194073,0.5621020913174597,-0.7466018392461569,-0.08604375904082567
15926,-0.6394465661045403,-1.8373170557358107,0.5559689538553263,-0.7751647730832583,-0.08785055694744683
15927,-0.6455443067603222,-1.8320879961305219,0.5629262884052596,-0.7810948221198436,-0.08850736900066261
15928,-0.4315278399372911,-2.048410274292879,0.4695549973457543,-0.6830047910645168,-0.10306590726472101
15929,-0.5763438901596867,-0.9328988177985572,0.33126001123521087,0.02133249430385098,0.5529584056949731
15930,-0.8592284501679499,-1.2239487511621048,0.5777676625372807,-0.6281141731011486,0.21044333398393478
15931,-0.8183222237076576,-1.2638738426165608,0.573152234760056,-0.6338792998730347,0.20146286819371198
15932,-0.9223743355429388,-1.056015931677169,0.5915309513653315,-0.6371039258869251,0.26021513356272014
15933,-0.9222455137090481,-1.0354291404369103,0.6009687804382672,-0.6222279988552994,0.2677685510915517
15934,-0.8772484985668577,-1.1104752697982823,0.6017501724808128,-0.6843422090637044,0.2140030762657235
15935,-0.9145926916363176,-1.0550507934400424,0.625694575909717,-0.7353667999946912,0.21867602802753072
15936,-0.8206018938256273,-1.2223946722433598,0.6027899537368197,-0.6628746065376687,0.18454672835524316
15937,-0.9184947125921558,-1.0409292896418474,0.6078119776937815,-0.7079242005937812,0.24054676849591183
15938,-0.8281742460772459,-1.2363512237935508,0.6136437619664226,-0.7218005844984746,0.15340073591939538
15939,-0.8411819860515063,-1.173691587831556,0.5755663745394903,-0.6555083178456719,0.21422577717290345
15940,-0.9059461085515887,-1.0753232102412036,0.5959024927275569,-0.7309134231306957,0.2147336338527059
15941,-0.822942424419982,-1.2229428476165611,0.5926049636481895,-0.6847914971697397,0.1866160674689025
15942,-0.8956869360508581,-1.081355073630688,0.612892840023537,-0.7140231044182414,0.21597332207497638
15943,-0.8390528318762223,-1.2123147925014506,0.6021354154300161,-0.7164507839408958,0.16539620735471225
15944,-0.8298333400351563,-1.2138938545083624,0.6052646882737407,-0.7212871836711203,0.15809462607245695
15945,-0.8710754841095988,-1.1471015747207618,0.6025775698305278,-0.7166930607917389,0.19456040947938963
15946,-0.8475241869050333,-1.2023090424039595,0.6143073647611219,-0.7495555137012847,0.1549053877292021
15947,-0.8273199961828392,-1.2044136495731652,0.5940580671944264,-0.6859756093067323,0.18052894985498966
15948,-0.8460207733042245,-1.1566191779867403,0.5960557833013495,-0.7199809582268554,0.18912540053024635
15949,-0.8722290376301568,-1.129293544680024,0.6075508546549414,-0.7044991971771994,0.19982656535885546
15950,-0.8539777312389951,-1.1311792086864776,0.5840781292325977,-0.7007633013943457,0.20706382277145122
15951,-0.8505482060759371,-1.1541182287951104,0.6017104497326695,-0.725640477096476,0.18450859134314768
15952,-0.7782217986529711,-1.3020429423033624,0.6004485126151342,-0.7212810912430074,0.1268351452785597
15953,-0.8085426254966683,-0.8862934393632519,0.4912212380565954,-0.4248673791193344,0.37052036718568976
15954,-0.856373034020494,-1.2194314891682718,0.6241275443124021,-0.7904562324287746,0.13028096490187424
15955,-0.8782703089000827,-1.2026882119331261,0.6237184084368882,-0.8066966268622328,0.12780942801027004
15956,-0.8811818995000109,-1.1939545624162275,0.6223191749533111,-0.7827118908381341,0.13859051139456782
15957,-0.9259154243295333,-1.0609909592193492,0.6162048921858325,-0.6767994667096422,0.22397853320601652
15958,-1.2662322256163476,0.6933064971230952,0.3601676911510533,0.6055599278004058,1.325597024369122
15959,-0.901736143895959,-1.0500270754622494,0.6465249232976192,-0.8909927996783124,0.14473935363597748
15960,-0.8771787731923815,-1.099991084305268,0.6417332768574652,-0.8929463843437602,0.12182429386137548
15961,-0.8695321896839795,-1.1101929262774413,0.6361623166041444,-0.9003779512383342,0.11835042206222172
15962,-0.9062983898815007,-1.0295627564442584,0.6544730191618002,-0.9182871437980932,0.13840316853542553
15963,-0.8863355059202903,-1.0764303761177405,0.6473349701314928,-0.918914973535143,0.11792114671346966
15964,-0.8820550237483369,-1.0784144795800763,0.6477932953479771,-0.9318312989557014,0.11104710045680784
15965,-0.8986423553502128,-1.0393343034621862,0.640920298122485,-0.8799502205812219,0.14579633354546803
15966,-0.875519243630899,-1.0987099299628775,0.6360241259277047,-0.9104027111341622,0.11293396524221763
15967,-0.8643495100476511,-1.1216202888311209,0.632207381344882,-0.884379119293589,0.11520823990910893
15968,-0.84558823671856,-1.1722602212501512,0.6300092919212433,-0.918473167669014,0.08382809475864224
15969,-0.8225980970640727,-1.2453270653917092,0.6316248079719647,-0.9085190081866301,0.06313585255411606
15970,-0.9147003526287013,-1.0243762382637582,0.6420456801888772,-0.8482452329447271,0.16653963681011374
15971,-0.8829358126625723,-1.1189931391357477,0.6347626912457296,-0.8531068133205796,0.13088376597885024
15972,-0.9253980262149253,-1.004863885002845,0.6361273696765892,-0.807226721509949,0.19212148567200993
15973,-0.8736517498740717,-1.12414069960709,0.6297133510170733,-0.8593529639270634,0.1297930431362586
15974,-0.8576075930410925,-1.1366821863610574,0.6351845481786691,-0.8962618916495814,0.1029418175440128
15975,-0.891908198415949,-1.0496412167376212,0.63900540607311,-0.8519879434845021,0.1512080184322031
15976,-0.8942055903923355,-1.0411895878835322,0.642504416376044,-0.8983393097867134,0.14115538149745577
15977,-0.8640056735789318,-1.126815040281547,0.6370780315954458,-0.8936998653153373,0.10713494464252513
15978,-0.9237957806462221,-1.0032754615796469,0.6426566148682813,-0.842439834537813,0.1784347270279984
15979,-0.7231798224768617,-0.44234343585702707,0.30712779080908303,0.1740181366732941,0.7812791070935812
15980,-1.0153655935877866,-0.5699367209675127,0.6354826683974933,-0.740094547196541,0.3653017475123801
15981,-0.9736147757052057,-0.5918944469085664,0.5923262498762953,-0.6613695684841254,0.376802462146861
15982,-0.869505121546039,-1.1119923807206742,0.629923917916593,-0.8470749980615888,0.13717941755721452
15983,-0.8325859170693259,-1.2056918699384156,0.6284650981624662,-0.8732805826356804,0.0954132744831333
15984,-0.9089985003833689,-0.9735548947633189,0.617236735690672,-0.7451392570060615,0.22996104057968492
15985,-0.821140857205876,-1.1942377581320391,0.6142343147924545,-0.8339439760575069,0.11226986398012474
15986,-0.8515088395467586,-1.2188258043024276,0.6220516375404919,-0.806689003357617,0.12695587810376913
15987,-0.776358126736689,-1.304132853992934,0.6064336527541251,-0.871687110913433,0.049274171508232566
15988,-0.8169674192383147,-1.15200899930813,0.6055139574632459,-0.8410633976061708,0.11362891265506546
15989,-0.808307405747864,-1.1736299099219627,0.6017588916043682,-0.8536888652424912,0.10301541508193804
15990,-0.8420922691021633,-1.11675861412543,0.6103508136650644,-0.8184700023910991,0.14324443553132543
15991,-0.8878601326612714,-1.0171804634029578,0.6187048355051905,-0.7719339745472223,0.19538511848699178
15992,-0.82233691043729,-1.1712839943165696,0.5963288990303313,-0.8019808572760426,0.1288795703361069
15993,-0.8440891988873818,-1.1425910872234426,0.6096440089608003,-0.7922278221486208,0.14680420641565234
15994,-0.8399663484355477,-1.1741639335617957,0.6082850985138678,-0.7911186079527387,0.13782019344626684
15995,-0.8154256982565838,-1.1889481604301075,0.6156879429910157,-0.8331239378631723,0.10889118775566733
15996,-0.8069258205631282,-1.1801245026283629,0.6084891354547228,-0.8526717851077927,0.09964568528976664
15997,-0.8784222170632091,-1.0874373572662823,0.6087483523951461,-0.7234885426379716,0.20042450938559322
15998,-0.8010535789978189,-1.2526302979167463,0.6170261717081446,-0.8554808474721021,0.08113676464752329
15999,-0.8380555605346682,-1.1285825323414707,0.607023151778332,-0.7973912082245753,0.14392737521536286
16000,-0.8015107210157235,-1.223773738119071,0.6090693357302698,-0.8776231557506698,0.08798507753494586
16001,-0.9915359159223481,-0.6726985507697982,0.5761429035820042,-0.5137206310809596,0.40056573124287864
16002,-0.8118684908577879,-1.2475328848047573,0.6039266841867256,-0.8491471663961204,0.09274369734247169
16003,-0.8299905731245105,-1.1735155921751812,0.6066163516431621,-0.7900286059821537,0.1327583221842959
16004,-0.8067437692865167,-1.2312011284761966,0.6085993861324466,-0.8447571872469835,0.09721029026526401
16005,-0.8516463743852272,-1.132242675678865,0.6052890428245689,-0.7725589976790692,0.15999883687078512
16006,-0.8280448884435117,-1.2158332949681807,0.6143447736796387,-0.8160298311176543,0.11739103677034078
16007,-0.8032048070360841,-1.223051265094311,0.6070659336023857,-0.8330063547269259,0.10606568121709688
16008,-0.7590657497968533,-1.3379628146480833,0.6120187077607414,-0.9132800057775964,0.02823837759364706
16009,-0.7905637165331346,-1.2313120958837944,0.6015699606796537,-0.8471229134368211,0.09548173249094839
16010,-0.8308953228058531,-1.1624175981887594,0.6164697825137218,-0.8455329632509012,0.12243026734786874
16011,-0.8141049700723151,-1.230059353116288,0.6150822496901998,-0.8458139243342282,0.10425965976461495
16012,-0.7912443351477543,-1.3007324895055017,0.6073132537279582,-0.8396519221399483,0.08109017669630796
16013,-0.7980110557895445,-1.2582296413770073,0.6070692694486768,-0.8471115212429473,0.09737504677403142
16014,-0.8045302271801261,-1.2475946808836766,0.5989252550141331,-0.7886281642018621,0.11746371078829092
16015,-0.8190889641629665,-1.2148231997605878,0.5990828610533603,-0.7862851587998682,0.13422682210189313
16016,-0.814750042347456,-1.2234844922945471,0.5983434782125495,-0.7674754245311705,0.1319438608296241
16017,-0.8354120311035113,-1.1679201181521062,0.6013837234199848,-0.7609547385478392,0.15746957053763685
16018,-0.825681974152583,-1.2090882521780364,0.6000572504899914,-0.7621795177889092,0.14644301251969394
16019,-0.8305852808341304,-1.133441547568676,0.5887523525848289,-0.7235949396713195,0.18611301948967937
16020,-0.7982343804929999,-1.271532383508374,0.5923615634376301,-0.7552700815914095,0.1263606176771048
16021,-0.8524066178983407,-1.0710076690842503,0.5650228554984243,-0.5861057375953576,0.25410791344863476
16022,-0.9178593228905806,-0.9245505506933202,0.5776344126329499,-0.5772354833151719,0.3071344275968812
16023,-1.5243844622242324,1.2525905547455722,0.4116766785299587,0.7135649030013989,1.5215987605839265
16024,-1.0777821538901977,-0.384953507194387,0.5251249446249943,-0.23864726781405218,0.6150298885856176
16025,-0.9183575029823993,-0.98546796174471,0.6386462535019168,-0.8106837584426052,0.2014208071072323
16026,-0.896469273709691,-1.0535274825975385,0.6379823968070021,-0.8381318936448846,0.1661380069869026
16027,-0.8905086490232107,-1.0708037123067429,0.6355294607479655,-0.8229878208420672,0.16485948739502632
16028,-0.8855524113540184,-1.0767336712703508,0.6302533192341142,-0.8444375592166453,0.15385088452928367
16029,-0.8831109353878789,-1.0927589098371193,0.6342892811676415,-0.8396647901577111,0.147446281649496
16030,-1.3181983801473,0.47127608042922364,0.48125193366700475,0.2527985263018399,1.111230581385591
16031,-0.5061753861413968,-0.9966273491335803,0.29196999872945295,-0.10335171570200896,0.46896879890552823
16032,-0.7327206336337669,-1.5031613629566483,0.5829349796275296,-0.7758958496295256,0.020320499761467475
16033,-0.6808647689516555,-1.671007068128934,0.5778905058677001,-0.8077437386632476,-0.051921902631426466
16034,-0.7125109063144882,-1.5614700394734509,0.5741397772029483,-0.7688671330860517,0.006281333005319677
16035,-0.7284108911039835,-1.5331583731838674,0.582449187293161,-0.8157255037471215,-0.0010015868659530467
16036,-0.72579736290788,-1.5416103528698883,0.5889143935826145,-0.8416202148030926,-0.01787764701806357
16037,-0.7311886956508594,-1.5182538397774732,0.5890854017583694,-0.8562005741182303,-0.014922765451366992
16038,-0.7436717839642683,-1.5026548298997078,0.5978103269207781,-0.8464409379332231,-0.01108305234641454
16039,-0.7135586560906884,-1.5474354270008548,0.5869073862945133,-0.8555496701831957,-0.029999881671820952
16040,-0.703431473007463,-1.5712140079030252,0.5787334257065196,-0.838375694424133,-0.0317364545494004
16041,-0.7034280234967968,-1.5739015756787962,0.5838949857250016,-0.8557758250772989,-0.04042822149520247
16042,-0.7191101926120317,-1.5277577489664556,0.5900971493681401,-0.8501713324499789,-0.023528029248085752
16043,-0.7285788336042986,-1.4941768951547456,0.5869217383216083,-0.8238807696440064,-0.0049364132258440975
16044,-0.7074739123694689,-1.5477127101055461,0.5854482354990075,-0.8382842667669359,-0.02809036530666863
16045,-0.7146042126592091,-1.5518154188128737,0.5896001451825138,-0.8761223007155292,-0.04158571457460065
16046,-0.703846781541986,-1.5679836048639213,0.5900629151583597,-0.8706802360384965,-0.046248578688852855
16047,-0.6957308876412478,-1.5846898145373873,0.5847960841339342,-0.8701597483281291,-0.050216852452373215
16048,-0.7092962712341232,-1.5071629465496468,0.5732342656079664,-0.7648405070197041,0.008006114594288053
16049,-0.6973244739585365,-1.6013002164250854,0.57655342295245,-0.8731383104247438,-0.05442581407144346
16050,-0.6806485223517968,-1.6196665422365741,0.5822511501349159,-0.8796785034792101,-0.06545452185789483
16051,-0.7431674981813822,-1.3711097037932471,0.5474130361165064,-0.652097448546141,0.10105418516466817
16052,-0.6704909461966057,-1.6370108895491569,0.5852179355009911,-0.8632677548136103,-0.06713364205676822
16053,-0.6410842794818014,-1.0755263045840477,0.41793062660869884,-0.34019974368220945,0.3497449230183179
16054,-0.8026906597457131,-0.7097505243288098,0.4102511057638508,-0.128813264617444,0.5773720543179462
16055,-0.916496597801198,-1.1112916640492174,0.6255715828972815,-0.7848922035372674,0.1777866362463568
16056,-0.8850979456192496,-1.1963350877729741,0.6065602963772774,-0.7812142205334894,0.1508443517730437
16057,-0.8142461820191107,-1.3421843769774608,0.627013968493812,-0.8455805442722883,0.06642438488121144
16058,-0.8631873129570223,-1.2231843504447926,0.6322131914703882,-0.8118712873463246,0.12518742805042765
16059,-0.897717929955839,-1.124593809997575,0.6044158748453732,-0.6849334040090457,0.20417230593300195
16060,-0.779833424176857,-1.4423110516820057,0.6187088876010042,-0.804937458019433,0.046021652906665204
16061,-0.8323317738243267,-1.3223366232674314,0.6074086827281447,-0.7763538023256511,0.10762737854482171
16062,-0.7977668178147852,-1.4059092297410614,0.606313005557685,-0.8043928962880006,0.0682697668369576
16063,-0.8031316809398603,-1.4052929238799705,0.6094136557644861,-0.8171206838812801,0.06695198265963072
16064,-0.8142214460415256,-1.3718960474055504,0.6100175448745256,-0.7972991886535271,0.08393740811045555
16065,-0.7785132662175455,-1.447089908685996,0.6115237454830903,-0.8024883102212429,0.057610032201449696
16066,-0.7961177838765127,-1.4283815022882134,0.6054961073284714,-0.800196946606372,0.06480331869054597
16067,-0.7916848745983988,-1.4264751790195243,0.6113655010525668,-0.7711142019168692,0.07230821201835178
16068,-0.8092004472353493,-1.404982134225715,0.6032933260867358,-0.7359633876368681,0.09466620968579773
16069,-0.7988089192341383,-1.4241661487475075,0.6109516997031998,-0.7585282943953555,0.07602140897597025
16070,-0.8071884068529992,-1.3749647654249713,0.6112380687313014,-0.7702426209039813,0.09040999252552746
16071,-0.7998480881035773,-1.4245978508168655,0.6017318035970017,-0.7565094611400819,0.08613848442548994
16072,-0.7113600702125066,-0.30976492292818886,0.22616196918880513,0.40274383276345654,0.9099066394704131
16073,-0.6898594566738405,-1.6329557695225918,0.6002639650002217,-0.8993006219553313,-0.06877778815340199
16074,-0.6207410299580745,-1.8038554762645642,0.5789276480423142,-0.9005117568214195,-0.1277663936672261
16075,-0.6450515605540327,-1.7421464397914042,0.5714714278881302,-0.8608392955073791,-0.09292340317500841
16076,-0.6809567283809902,-1.6650046869682145,0.5833127487614701,-0.8898090696866582,-0.07476018057806066
16077,-0.6990650153147075,-1.5975106916907882,0.5824405453759096,-0.8463094641912491,-0.04146882607868362
16078,-0.7152305503514549,-1.5574306228101369,0.5919629398758876,-0.8767636214812435,-0.03552682877045722
16079,-0.700821625784459,-1.5738027118030335,0.5836501280188057,-0.8702400546501691,-0.03992617789008734
16080,-0.7124024767276871,-1.5253231529019586,0.5851301419571323,-0.8244177179717013,-0.002144693988038371
16081,-0.7278242772888136,-1.4993763027905527,0.5837254954326422,-0.8168891068284875,0.0003248132115513261
16082,-0.7086390822031494,-1.563083180435078,0.5862791523132417,-0.8811125085314157,-0.04207488648323044
16083,-0.5620155771608036,-0.33134947723724584,0.15380184800177826,0.5799579226891883,1.0404512891164537
16084,-0.5417807213985324,-1.1601293755580102,0.41186842734602813,-0.5598510825677381,0.1884258859555599
16085,-1.4393444397027415,2.7289547529289124,0.06358546266307531,1.4826432120999156,2.3607649556415295
16086,-0.6289914090271068,-1.6541869371671927,0.5506527567306674,-0.8620679662706149,-0.07419870662255548
16087,-0.6148646966918121,-1.7263781205582744,0.5595807039820561,-0.8901441321508439,-0.10625873942387955
16088,-0.7707737151457247,-1.3298471564196246,0.5795422570839288,-0.7790977402198769,0.07649680110070067
16089,-0.5874545955684765,0.371011117538702,0.011597029984533512,1.0087885439306399,1.381541506468539
16090,-1.0642923414503085,0.11002313889776544,0.32806554231036716,0.5334784811152274,1.1226201449373039
16091,-0.6917909644186107,-1.5518824745669115,0.5171345636296992,-0.5292778238266171,0.17617783640299764
16092,-0.7066304621013751,-1.4942681709399719,0.5355016726113639,-0.6069698720383536,0.14797831428284294
16093,-0.9112276260625071,-0.7360579043152825,0.474362413307992,-0.15020722743737117,0.5383619363784847
16094,-0.7759030482870107,-1.3995723849021435,0.5780468725419314,-0.6729124064997857,0.1397015681601167
16095,-0.7672755982844919,-1.431063807352811,0.5794730847386651,-0.6938742508901393,0.12166034339216382
16096,-0.788029124672336,-1.3742982055004433,0.5773104088573576,-0.6751567293647424,0.14737191017473772
16097,-1.3763534951303293,2.4077817840390163,0.16053769468724455,1.4421247793664758,2.412416226568301
16098,-0.8219797030712014,-1.2450524060590387,0.5992694061471512,-0.7605809367474508,0.14102487415146225
16099,-0.8799152844587682,-1.1003390209666082,0.6019105085764086,-0.678983228705409,0.21921250163476552
16100,-0.7577331869894306,-1.3405976066661542,0.5813746264382574,-0.7729392220821832,0.09898669758036108
16101,-1.3223930796438284,0.9838617854941494,0.34348870695216077,0.8237558441603381,1.5578318437855572
16102,-0.8251007541834073,-1.269978813044877,0.6113755515985688,-0.7763202046500624,0.12932810476601184
16103,-0.8500802680352035,-1.192443783390927,0.610955491949234,-0.7455354339778464,0.16745876698333154
16104,-0.8549766282309209,-1.170909008031498,0.6127566389925011,-0.7508991512713571,0.1745289528421947
16105,-0.8380596118756637,-1.2027456197155302,0.6085375435475334,-0.7629130120519019,0.15617421196405418
16106,-0.8654509169024122,-1.128326259296493,0.6156516271793474,-0.7549924675994379,0.1888523048705082
16107,-1.0148957956411127,-0.2714190931568362,0.4258823931736045,-0.08772164620269592,0.7222293194194789
16108,0.049083100929983345,-0.15094535964071962,-0.1850996319410044,0.40227167787030443,0.842860251307028
16109,-0.8251536443120682,0.6029645278604715,0.15974209708157255,0.7422922899599973,1.4016417678273534
16110,-0.6971788760378733,-1.6097148854458625,0.596580341285254,-0.9244363248177777,-0.0811195483747969
16111,-0.6761804244118647,-1.681577549148008,0.5887240387069881,-0.8921453046399249,-0.0969841827049792
16112,-0.6673102152254253,-1.6973764992549911,0.5829540655823542,-0.87539017827501,-0.09726198973615137
16113,-0.6602905428550931,-1.7177504544615452,0.5850277794972154,-0.8923116469329669,-0.11095390702866936
16114,-0.65353817186216,-1.7130708454758776,0.5826432527413021,-0.8963251165992409,-0.113286694408144
16115,-0.6879913879667852,-1.6333831366150862,0.5957283818106185,-0.9216668871090411,-0.09208228269229579
16116,-0.6779338171239282,-1.660334251792379,0.5862337773663852,-0.9046530338658408,-0.09554563574627552
16117,-0.7656422140928874,-0.8948194038653988,0.42544065683686555,-0.23216238522610894,0.4326992052203316
16118,-0.30055645960310595,0.7378564328899898,-0.18709868339748328,1.4175096954437474,1.8754671506327363
16119,-0.7312589178330203,-1.5524840219441038,0.5765224089284757,-0.80655641833109,-0.018948858111483072
16120,-0.958280161667458,0.11512167638831125,0.25880840176571096,1.043967735909943,1.468000677261807
16121,-0.6500756648845696,-1.78039903124933,0.5859206931244733,-0.8929507378441602,-0.1362797982686076
16122,-0.5905321189995185,-0.6048479441698845,0.2545003999244715,0.118413834445184,0.6589900477618809
16123,-0.5845767324797839,-1.6443340799524215,0.47326280149401956,-0.4942952021271971,0.1471273059482435
16124,-0.6391972822710649,-1.7076628113438097,0.5479059520380029,-0.6572348084367102,0.043940483741902445
16125,-1.2873992073736313,0.46078786882010947,0.4186467240752142,0.6374695401808281,1.2742361422104875
16126,-0.7520532037294395,-1.4434045755839167,0.5822883272774066,-0.710717128121016,0.10069462316836314
16127,-0.7936779512496805,-1.270293219248194,0.5475925461450496,-0.5522337757817559,0.211011324301653
16128,-1.6145634973233758,2.3011849650032037,0.22138519890802624,1.4109883319257364,2.20223035887301
16129,-0.18117698036752433,-3.8161077184542602,0.6090809489218331,-1.1677912995475068,-0.8179261163397928
16130,-0.18108831236358008,-3.816487461173827,0.6088981145475859,-1.1672781799176033,-0.8176634438601432
16131,-0.18179122815453777,-3.8149778979786197,0.6091982391896231,-1.1666962704614179,-0.8170752886899031
16132,-0.18180964212017417,-3.814945576468519,0.6090228129683524,-1.1668825635198539,-0.8170374190237252
16133,-0.18220052496481465,-3.8142767803402755,0.6090691257022298,-1.165828959587097,-0.8162526203618767
16134,-0.1817853695944812,-3.815089199351972,0.6090468129359481,-1.1662297579731118,-0.8167062046025186
16135,-0.22791653602216772,-3.7044797392697197,0.6068615123222895,-1.0865273136044191,-0.7458860298663007
16136,-0.29240632888907453,-3.5459053026397673,0.6033301039355192,-0.9647023715835946,-0.6385205743452813
16137,13.785821138605169,1.0775679574424457,-4.090063420911672,-0.5200842494178887,1.500174336121938
16138,9.504063357296648,1.13314461866503,-3.919442308145062,0.8065591401494817,1.342817369733436
16139,0.6123061025645666,-1.7664206905633788,-0.16134237301677137,1.4887790648557155,1.4775700341459088
16140,0.9124947912776381,-1.0415787119171098,-0.485264907106777,2.4015354795061286,2.1170235505751096
16141,0.6156582014049553,-1.6487692670479388,-0.2138375302473715,1.5956833602359206,1.5881384246426626
16142,10.853262262258895,1.0208100364903887,-4.580573048302191,-0.059116027142699805,1.4158363856781535
16143,-0.042406447088851856,-0.0021673525307784446,0.16713076566488916,-0.9197368320304152,0.26321851846960154
16144,0.18128154128627852,-0.005859335821843388,-0.06366676879176053,-0.7851721524296322,0.27374084854262143
16145,0.663295064020873,-0.4550936355536074,-0.34803371820867496,-0.589165877395534,0.15280862742093057
16146,0.33620403297689105,0.16850094669683988,-0.1595089860514831,-0.18165945795010074,0.6701631637810872
16147,0.6658031310676096,-0.16275725174808173,-0.3191272265903796,-0.21863108445345492,0.516053616043954
16148,1.963693884437289,2.343970277804429,-1.7266266911763097,1.6625667408944997,2.056723409291062
16149,-0.40525926916104954,3.186781207625441,-0.47334071627505436,0.3659888145598111,1.454785829181382
16150,-0.03560958919417362,-0.12494228942486352,0.1616592679002562,-0.8712205573498158,0.2366743502470521
16151,-0.10316363549310248,0.11855331420531227,0.15175197254156128,-0.7852580223069094,0.36172574176979155
16152,-0.16026130016045298,0.14615148023993763,0.16053539280556292,-0.889073744958985,0.3478544562912322
16153,0.07891420790592125,-0.25768496903772403,-0.02270297526948016,-0.854352370932394,0.23103824928876637
16154,-0.07492834788309005,0.012899386948142036,0.18817065016103937,-0.8143697352573211,0.2899233509446609
16155,-0.2527869302713666,0.3778597353702675,0.2119174828758172,-0.8394304648878206,0.42819020079584713
16156,-0.25620713061366307,0.48189888519564916,0.12978849691453037,-0.8006452549528039,0.48754134119773596
16157,-0.5423259057517581,1.1413199433425325,0.24598353389226343,-0.9138671083228548,0.6885578118428052
16158,-0.5514108555570266,1.4264261437621508,-0.08214691714208787,0.04814944713978456,-0.9306971947568653
16159,-0.22870828317383926,-0.014373390079711697,0.17056503193678454,-0.9286779097360834,0.2920253174306672
16160,0.23613933864725722,-0.41242691775902873,-0.01939439553560198,-0.7677352106036208,0.17563311896359493
16161,-0.038200736006439584,0.36209025883690577,-0.19177054666713592,0.04771196523827291,-1.287435332509664
16162,-0.15898285280133778,0.09740684731344504,0.16270787382968077,-0.9125429625581407,0.31002792445745
16163,-0.1338137277893821,0.07998401132863782,0.1870773287504139,-0.9222214366476674,0.29481385600728843
16164,-0.22552320883389415,0.21524816761144658,0.18580191840298313,-0.9603001630211238,0.3538612905034882
16165,0.1510972290504639,-0.06414953616738421,-0.06604407964397091,-0.6912087578690145,0.3361615416507306
16166,-0.0915896693644562,0.03885197184456736,0.12895975790574993,-0.8637826088372237,0.28869414661079984
16167,-0.25956455385351673,0.31404774695440857,0.20620067881830226,-0.9323295052008249,0.39292792751787686
16168,-0.2756124267317063,0.45605193705257957,0.20638290444487545,-0.8436992228947149,0.44051914429278444
16169,-0.21287358992970362,0.2493366846194597,0.2009700123375585,-0.9313822401761218,0.35292202798315175
16170,-0.1338986021056131,1.1854927808369484,-0.2043016210009836,-0.45640731412440483,0.7718482627344215
16171,-0.282388701417716,0.1759314858443628,0.25390883711218437,-0.9147779580521835,0.3583787843293211
16172,-0.2989196838142103,0.1646081688169527,0.2547378078414304,-0.9094839559150889,0.36344939803309273
16173,-0.21291450233104567,-0.034425578062309295,0.20402380037208956,-0.9318660501848269,0.2949175897135947
16174,-0.23316463172770766,0.06264949036994855,0.22894130180879801,-0.8947888830551401,0.32578348888109565
16175,-0.26551682189855375,0.09825713818393479,0.23968331989668454,-0.9095126814242506,0.3372011295744843
16176,-0.18308850823126382,0.1282137040899281,0.14796192606197325,-0.8282765035563388,0.37300597180577655
16177,-0.20121594508575572,-0.050603043298871705,0.2299200978808349,-0.9481951107469474,0.2767097161263326
16178,-0.20006619071739715,-0.047212677952401146,0.21735141410752487,-0.9522990494606015,0.2797938434430595
16179,-0.24700779968522224,0.05078078915473508,0.22997140698569962,-0.9360623429351119,0.3224885809219732
16180,-0.25526972903772843,0.005783761679602308,0.24232432512010818,-0.9361687329137746,0.304688255005643
16181,-0.21592027551941873,-0.041910172303231685,0.22678978629430865,-0.9745810378443737,0.27589841797122167
16182,-0.19616155558469728,-0.05624167514954195,0.22763522061710512,-0.9659226517266039,0.2684065883904759
16183,-0.2025093858804693,-0.04182799459573541,0.2264219204382289,-0.9712673135985547,0.2745490132064183
16184,-0.22153043504270745,-0.0330497333112585,0.24204048770991737,-0.9728861395551053,0.2826784751561979
16185,-0.20854627740233952,-0.05353448290841021,0.23743113241555439,-0.9694981512216966,0.27562159171998213
16186,-0.21541362375545914,0.01752279519022777,0.20451557164986883,-0.9417774129816128,0.3029774646514556
16187,-0.2472086592300713,-0.018567724148793676,0.2562839449655273,-0.9703088104549611,0.29275461022868354
16188,-0.23183825760212232,-0.09537440322317921,0.2469703408902493,-0.967031902877071,0.2662471918486704
16189,-0.2522972729721613,-0.05101517777027855,0.2542853229733995,-0.9676279001635704,0.28495890118128014
16190,-0.23337811901225042,-0.09216702294988324,0.26176920056265784,-0.9894234855468363,0.2613734107310743
16191,-0.23738187999037272,-0.055221265014261826,0.2351038784855444,-0.9834733827257218,0.2782652142543093
16192,-0.10535515002842152,0.78622747425667,-0.11355207156040621,-0.3996064663032831,0.600972164849715
16193,-0.2416503020027485,0.46229030435362434,0.14644963887729384,-0.821166940924712,0.43910578377633014
16194,-0.18392044783242245,0.05749207258947265,0.21142179325468186,-1.0046834778777716,0.27231036110284645
16195,-0.18866574493668523,0.09773584086504476,0.19478018433781424,-0.9955991809529429,0.2989835869915758
16196,-0.18019717771109947,0.06330895794513287,0.21965810317703635,-1.0092978505241887,0.27291906041704245
16197,-0.1497055367513944,0.01854515616632896,0.2045628614944359,-1.0181176498897424,0.24953766377502432
16198,-0.14092070184473288,-0.01449225132760351,0.19600305497785223,-1.0113690753885283,0.2417291735386791
16199,-0.17004056095120512,0.04342814443274146,0.216812362445111,-1.0068592069744504,0.26693722453628554
16200,-0.15491101548051747,0.020162100897213243,0.19873904886219257,-1.029247756894966,0.2586115946210878
16201,-0.173353802384053,0.0928633508108254,0.19734847631729377,-1.0139623108896412,0.2879141715736728
16202,-0.2516313603759028,0.2655002131314737,0.17765908044114123,-0.893644382317101,0.372811493368608
16203,-0.1471783450681154,0.7682487553559947,-0.06987862768778969,-0.48885538516189275,0.5883035993023213
16204,-0.26883137021755404,0.15661730567660223,0.24556422591003685,-0.9739037375963039,0.33249771450403015
16205,-0.19863956964074098,0.05151976905267079,0.22561814645749415,-0.9993957481080256,0.2837668006811641
16206,-0.17981738305450096,-0.011348443803901593,0.20324384735454423,-0.9917584042082037,0.26051134349408045
16207,-0.19009324513312686,0.03821484174980301,0.18721795291801455,-0.9459697099145353,0.3086425331062165
16208,-0.18626192993955376,0.027688612657278813,0.2185039646726255,-0.9910056222745238,0.2729763447689291
16209,-0.17455447977315916,-0.03688166875354056,0.2230705342703087,-1.0254775042338757,0.24117362798814052
16210,-0.15520232421675498,-0.0795241363425207,0.21280880990716083,-1.0439847602926475,0.22082855616205607
16211,-0.16562434382273522,-0.06333866916332592,0.23217598646685456,-1.038790588640087,0.22502111048950366
16212,-0.16059904500002326,-0.042520326360400845,0.22376805047855916,-1.0322820131489772,0.24059307655875742
16213,-0.18835987840034824,0.03309912266107082,0.21309924215053047,-1.0043673136733506,0.27248910970500156
16214,-0.19862255635627002,0.09185449662433486,0.2123024818486078,-0.9698478206774458,0.2978010934432099
16215,-0.1451659541368235,-0.035938676520196194,0.20970313994116274,-1.0267407475062662,0.23619855388967512
16216,-0.15134330845502106,0.00742542155396108,0.209379335578221,-1.0295156706379929,0.24896175326823003
16217,-0.17113844652614169,0.03723327907148672,0.2026720367643124,-1.00377689293595,0.2711523904636317
16218,-0.17423891600750963,0.018925125364395362,0.2085382765366235,-1.0206883533035112,0.2650232176319864
16219,-0.188929457093157,0.09440740639243192,0.21940344593955904,-1.002774646342611,0.2883974659268385
16220,0.08157384822425512,0.4825618256040734,-0.11641799054783326,-0.565980920428083,0.5159887506070695
16221,-0.19329712271743285,0.07496175940308575,0.21688079465524696,-0.9831600856282023,0.2962352489057718
16222,0.24548815500773202,0.20220188303223355,-0.2569880305402038,-0.4440648659715865,0.44451818211467586
16223,0.259401182753078,0.06819064707359263,-0.1606153566121939,-0.14407396221636978,0.6895907769059083
16224,-0.5215371864141766,0.5345593719942535,0.2808838831606476,-0.7872869731558049,0.5270190446155109
16225,-0.4153073963975719,0.12079793774370721,0.32480528794253555,-0.9754034101185727,0.3491110197695254
16226,-0.43199974914963785,0.0954485877831513,0.3368165715539474,-0.9979819355804592,0.3478042815131116
16227,-0.4617187962191801,0.14683281443175297,0.3431053437957284,-0.9909252536434129,0.3690601774468687
16228,-0.35337805445674964,0.07100255523734782,0.25427932270488923,-0.8999198695533256,0.3709565910249527
16229,-0.5030932235253399,0.25678984001621025,0.36211335620374674,-0.9919099782937,0.41289133445789483
16230,-0.5181540126930398,0.23420242111937464,0.374002077993676,-0.9959927118618456,0.4023288928869593
16231,-0.5049375864806317,0.21612835968737631,0.37110522155572523,-0.9758210826560385,0.397207401063896
16232,-0.4875314148895103,0.13680239308666198,0.34998718400974244,-0.9972937486454295,0.37180347336472874
16233,-0.5296529149715491,0.28793041869560265,0.36594802899555273,-0.9588128025931811,0.43513747647620643
16234,-0.36463697886942514,0.42952728336101387,0.11782121271046524,-0.5751124467042974,0.5690331590279777
16235,-0.517754892367121,0.14684261876372626,0.39294692525222846,-0.986382281576748,0.3765607464727349
16236,-0.5734859783785712,0.29390129359759787,0.3880030578804697,-0.9556737693582412,0.44655163987009655
16237,-0.5342959860368219,0.22228975181996913,0.3674288240646755,-0.949827432415376,0.4216104881253655
16238,-0.537101624144035,0.22026118956918347,0.36511008709235526,-0.9585012525220792,0.420408018887826
16239,-0.57394196670222,0.31541565935057486,0.3730029132189837,-0.9454837572951772,0.45721637246124736
16240,-0.5326955712428487,0.21490799635282198,0.3631754655031584,-0.968170079046482,0.4128277695769329
16241,-0.5491073602216009,0.24332610737742955,0.3623228288938309,-0.9486185809401759,0.432509339985545
16242,-0.5255373591817525,0.17110482486382922,0.3711612904292392,-0.9670298212144081,0.40139529046276395
16243,-0.5055978245385883,0.09222907991864782,0.3577819502067172,-0.9658610574926946,0.37418771773335835
16244,-0.4834481964715248,0.05196329745945832,0.366715104042159,-0.9981157513270242,0.34643834389251177
16245,-0.5174819841960032,0.11251102811053741,0.3720840949195331,-0.9859962379025621,0.37704390713455244
16246,-0.4621046610128397,0.02733706681755927,0.3715322359498363,-0.9976329338838551,0.32676329625911427
16247,-0.4556750265971584,-0.009749079232510446,0.37735267793735733,-1.0198507805898356,0.30990163736253734
16248,-0.521543078223308,0.13791612212341117,0.369006371621772,-0.9964685154841184,0.38150114642419386
16249,-0.41675181513481613,-0.0513890956290842,0.35103475305077375,-1.019503355255199,0.28598832922076844
16250,-0.4779132043404176,0.08276193402667748,0.3598686579291964,-0.9909222570349127,0.35620904746682974
16251,-0.4739335283931841,0.021551991590137164,0.3580436184049306,-1.022589259556716,0.3359152213906344
16252,-0.500192810123302,0.10214354795444708,0.3699711387264343,-0.9994540697772425,0.3707303951104925
16253,-0.48906776157945836,0.08106359505311393,0.3539577034816192,-0.998578900767476,0.3620807553995741
16254,-0.4633229421096636,0.03226589939683018,0.3451120726610071,-1.0008378166619707,0.33973062137173055
16255,-0.48454593820719905,0.08662613180459984,0.3553042979641643,-0.9988837578577183,0.363306623572686
16256,-0.4991006993062324,0.09232191840127787,0.3532840304504315,-0.9987772286982484,0.36780834350325076
16257,-0.48672943774494964,0.05901292581550243,0.3506439446488428,-0.9954337414558063,0.3566100094488431
16258,-0.4558295173315456,0.002462132306335115,0.3532825943762298,-1.0185404695603826,0.324102354014057
16259,-0.48186317346648166,0.045198682273488895,0.36288577572719305,-0.9838850625037138,0.3499602410581626
16260,-0.45206906164964095,-0.006354292471621113,0.36327560865232467,-1.0050763682725543,0.32264917724157327
16261,0.38180015357245883,0.9400125130137308,-0.5432887198755377,-0.1545897961207772,0.6527983913450164
16262,-0.23372527887607852,-0.13047605722584033,0.26868525342454636,-0.937124776149797,0.26973650087876655
16263,0.7101663297779574,-0.44839551129276867,-0.48756616558206967,-0.28630664394592303,0.41188569899096433
16264,-0.4707319200503904,-0.09730709965913396,0.4724798875346542,-1.0754137623140425,0.23223789557852076
16265,-0.48848549827171556,-0.047949918814272775,0.4233771237674611,-1.1109276762863158,0.2665325642635162
16266,-0.5359434434655962,0.04247344843528894,0.4238140934677645,-1.1066400116574415,0.31053127735844704
16267,-0.5204898251501516,0.009042309985478766,0.41708801864833006,-1.114356512026883,0.29609769047447954
16268,-0.5712763054403682,0.09217258381930023,0.4280824268709806,-1.106255331564173,0.3349690787638608
16269,-0.5217961723156078,0.028091582014716853,0.41490354078952757,-1.1192775336705736,0.3008162806346173
16270,-0.5154780868030716,-0.00409584338280173,0.4284255254601446,-1.1215303083028878,0.28264811033131787
16271,-0.5509494739202809,0.10455658511728909,0.42081990134058417,-1.118079015578482,0.33205287161470937
16272,-0.5265961682412765,0.014960330861152654,0.4168775884985091,-1.1241368390019522,0.29860246530484286
16273,-0.5688418701476111,0.09956059030151017,0.4377776064097616,-1.1205545701625075,0.3313494289333533
16274,-0.5258105089815631,0.03551693464419112,0.42563308850476217,-1.1259237388606609,0.2979068702708652
16275,-0.5648248761617669,0.09052169068345259,0.427424387834309,-1.1221118674425423,0.3342371042295552
16276,-0.5391106580668604,0.0852856666492727,0.4177191814694416,-1.1220186839556385,0.32148643777484615
16277,-0.5535086253439828,0.04804995495921043,0.4136964263981695,-1.12438796892153,0.3162489853742894
16278,-0.5542101695603903,0.08073871541338506,0.42423394566888994,-1.1178938007725263,0.32420064477507254
16279,-0.5402596770480529,0.06040047305987241,0.41214321806498594,-1.1358337660813083,0.31505177289101016
16280,-0.5441845107985414,0.07755080359668211,0.42805234355641925,-1.1231206725591198,0.3199505396602636
16281,-0.5437990949887559,0.06761597203537727,0.41661121972300585,-1.1081842961980006,0.3223713006098395
16282,-0.5327747030730449,0.04081229632943799,0.42019570753691765,-1.117843495188587,0.3076340674324856
16283,-0.5382216675021887,0.05688967393220594,0.4134728711068314,-1.1259327078104888,0.3146404633550817
16284,-0.5645732130738937,0.11214790669446613,0.42679150356533063,-1.1141871194800406,0.33561983295016645
16285,-0.5247989719870374,0.018196067078988278,0.40998801188238054,-1.1371619664492687,0.2956369507781128
16286,-0.5522247628499619,0.06432670317655229,0.433816148723927,-1.1132217888650489,0.31881472402066213
16287,-0.5301064994607927,0.026278347947352516,0.4297597544565304,-1.1338406670060563,0.2937400387635826
16288,-0.564468056099086,0.11330025187288041,0.42182486153885035,-1.116361465181203,0.3372711931560814
16289,-0.5580017172271903,0.11173090819311492,0.4152176016052744,-1.1043891441164677,0.3445724287815725
16290,-0.5513986982994398,0.09881888970857283,0.42262233331698523,-1.124528005349319,0.3281351596379743
16291,-0.5491274513586134,0.0908040588839862,0.43240085164054237,-1.1123863242721421,0.3257891951468299
16292,-0.5286682768864732,0.05143488924110642,0.430059510005113,-1.1219314376717548,0.30403218606380417
16293,-0.54583105877289,0.08592270847265317,0.41998947852095575,-1.1253822487836052,0.32614010188786
16294,-0.5328204644525274,0.04679565951985842,0.4267851003216571,-1.126066011209067,0.3051009737374144
16295,-0.5349632335632714,0.035545208740378295,0.4130931075177678,-1.1149399912684952,0.3063272382726165
16296,-0.5371991171753552,0.08671298016676925,0.4073394128752687,-1.1265674451570207,0.32301519015858826
16297,-0.5471768542691681,0.07170509092556879,0.4041364107431833,-1.1232827761560222,0.3237401425456291
16298,-0.5188764639154279,0.036299826710720476,0.4122197697997953,-1.1280653915679675,0.30062528112534487
16299,-0.45197792168495726,0.08362198831209779,0.33558341773665673,-0.999152133319817,0.32884060401524023
16300,-0.522030080007407,0.10104975050526746,0.4009268065889083,-1.1232800352695076,0.32456459987919345
16301,-0.5160943971146754,0.06195396723768705,0.3986794180758783,-1.1152856733481855,0.31607940051880073
16302,-0.521914980836319,0.052651825093181406,0.40502804553616983,-1.1133712894951127,0.3105154805172428
16303,-0.5224359255161793,0.06868815565730214,0.4115033252364774,-1.1261698107783702,0.3110367291885099
16304,-0.5423452333369196,0.09530804001430901,0.41399691776851555,-1.1226977340511128,0.32564029267537353
16305,-0.5305791370776038,0.08213310389472127,0.40674845433591655,-1.104724159394985,0.31856659546522115
16306,-0.5263457886079949,0.07667155138480478,0.41347983978327385,-1.1302392378230448,0.3127196865564224
16307,-0.515639686689814,0.06814318432981503,0.40552696927827303,-1.1195370462382745,0.31139988000200486
16308,-0.5152825179047523,0.07609003857356776,0.40683927267178527,-1.1204373591049779,0.31490435789129667
16309,-0.4990861739466812,0.051571611721777495,0.3976386783912527,-1.1274507306024557,0.3041578002018812
16310,-0.5056663286017966,0.04031319277089019,0.4016663862426886,-1.1198082300578511,0.29725825634973463
16311,-0.5485410623520559,0.14934917773155992,0.3970735820356487,-1.103791590760998,0.3501571731064431
16312,-0.5360792459879707,0.12864845955556378,0.4008401513599342,-1.0953588525009559,0.34369362246373314
16313,-0.522876970178819,0.05458679106420391,0.4030811179312101,-1.1290344549762124,0.3054057738142324
16314,-0.5529344541217119,0.17991964298794064,0.42105029656637716,-1.0912975439941548,0.35536891792992564
16315,-0.5112675878741987,0.07640469959356248,0.4014396590373279,-1.1244902903837497,0.3092098939862327
16316,-0.5527447810316021,0.1511676580348374,0.40610824687282354,-1.1192832232219705,0.3474783196509235
16317,-0.5512416398899469,0.16492520533253874,0.4142906175944354,-1.1100926087606267,0.35337478496305075
16318,-0.5130537248367998,0.09157834199503216,0.3978556014342762,-1.131824024270542,0.31443567676432005
16319,-0.5070497788103845,0.06168373144137891,0.4041069874256432,-1.13188750018936,0.3052488950368507
16320,-0.5211921246731498,0.08787810958950532,0.4113732331756565,-1.1288195688112266,0.31579007611722854
16321,-0.5113454558022008,0.07549721977881954,0.4014595517700862,-1.1230833684857715,0.3116011154052699
16322,-0.29730634535061107,-0.05741773676581173,0.2451052634627989,-0.9972830947008972,0.24627977033263235
16323,-0.45430666399911274,0.15339627701373496,0.3557301111188796,-1.1358050304486431,0.30940457016990597
16324,-0.455421183181663,0.1756765611060859,0.34880037587827395,-1.119630351050577,0.32037128740231263
16325,-0.4591290807796471,0.16737750279796043,0.3653920859603805,-1.1461459945371546,0.31848018524578786
16326,-0.5042378904759903,0.26641526969666945,0.3859905000064059,-1.1452767537165305,0.3556252241674823
16327,-0.5108339425544443,0.28851220605757233,0.3485984059454263,-1.1281293329996336,0.3788452795689236
16328,-0.4508623351711961,0.16362840029472997,0.3834165900130502,-1.157160809138441,0.30396584176406544
16329,-0.4726605919664377,0.21598183036992882,0.3709683854543678,-1.1471176725815055,0.3320907304081717
16330,-0.43910146511158,0.18149975456061093,0.35443522207119077,-1.142401862545282,0.30988210689016416
16331,-0.4209309900606659,0.14880150235331183,0.32468044961767084,-1.1533566614034019,0.3114849263721839
16332,-0.4330400420807923,0.2334085652233545,0.36513865488613706,-1.1275647197331835,0.3168479328989426
16333,-0.3539163738759164,0.9379162034598543,-0.014406135205628813,-0.5007538737708808,0.6483579577557376
16334,-0.398452636438282,0.08015164740637298,0.3049346274830638,-1.0369035807631526,0.30118496278785606
16335,-0.3859131185367533,0.2669143925449934,0.18808170612181804,-0.8508303123413284,0.4306207874739065
16336,0.5447013710417163,-0.5260948970943399,-0.3007258031851211,-0.6514911089584314,0.11321661699834483
16337,-0.03429625091159314,-0.3331985130200731,0.21558329367421306,-0.8806154902330918,0.18132311818609456
16338,0.026775648591755904,-0.13148868956807774,0.11124769981247877,-0.8215696728082456,0.24197590841184616
16339,-0.05744437367440836,-0.27027031470097057,0.19980220132312146,-0.9318245478781801,0.18572829676433933
16340,0.0015301158372475203,-0.30806579582941396,0.1489273554898126,-0.9626380070002376,0.16539827461626036
16341,0.021836318206253136,0.15675691581331597,-0.13823314782638785,-0.6420675549478352,0.3769219636798908
16342,0.44483553758652666,-0.4374593295475094,-0.06626492922355048,-0.5751725244337418,0.3400462887593657
16343,-0.06389181468114691,-0.05686113183613246,0.2244100918604636,-0.9251157322243693,0.2347575450107865
16344,0.06680889403162105,-0.25407674048928314,0.13340386115929528,-0.913569866679527,0.19041039157179665
16345,-0.06643981426563367,-0.06819787262365372,0.15937525934245395,-0.950491272380744,0.24528437717876686
16346,-0.0584971426160714,-0.06409589400649446,0.17707847161019794,-0.9810313130693591,0.23467079291502244
16347,-0.06513362275578229,-0.04402833399538673,0.15705823257245358,-0.9790123786236432,0.24086665699800916
16348,-0.06176565007162947,-0.023817390544362757,0.16804101786634668,-0.9708694931102769,0.24697065456988665
16349,-0.10033854758834698,0.06456287849684325,0.1597917720184394,-0.9729883820707466,0.2858536434783406
16350,-0.16172048837343317,0.8655734019116986,-0.13359103349476562,-0.5531308049842683,0.6095175517894588
16351,-0.15433901979342243,0.18132780199701004,0.23494760007509113,-0.9129243835159933,0.3180658597660107
16352,-0.3081366557672832,0.40116240548582843,0.23538179583803706,-0.9504532957991666,0.4275046714089658
16353,-0.2650683562572831,0.30000455322155684,0.234325767902243,-0.9697780353260939,0.37955793266672216
16354,-0.28032017767959083,0.3307790932760612,0.22126031999754778,-0.9741696576697788,0.39589527659061896
16355,-0.23993363065004258,0.22153869945133542,0.22945710572843367,-0.9800468104470725,0.34407452368623465
16356,-0.2642076712779206,0.2826159934582513,0.22587543369758345,-0.9820889218589781,0.37913505468526
16357,-0.2764201939352003,0.3013400566486187,0.22812300963309015,-0.9712545569511275,0.3876134489772302
16358,-0.2872355806146946,0.36034380855607245,0.22748244960368266,-0.9622956764018096,0.3998095420314679
16359,-0.3172410433724767,0.40105356720054974,0.21720430456170917,-0.9518659579068891,0.43213489798865345
16360,-0.3132190256710288,0.3918762445097501,0.23128898118268676,-0.9715012181631633,0.4197183517173797
16361,-0.29636022677812257,0.35418530322513697,0.2281998585632433,-0.981350906740026,0.40253517114492776
16362,-0.28213783208205434,0.3159315822352674,0.23979164584401683,-0.9760964285304172,0.38262787641196305
16363,-0.2867241455479298,0.32406141470417343,0.2307764648080086,-0.9778761072211268,0.3874281342311357
16364,-0.2861858701885183,0.31436597301619157,0.22154201377943789,-0.986552628148705,0.3893585631441355
16365,-0.29323163319713785,0.3327947505330309,0.22504014869277209,-1.0022627404757465,0.38850192028390484
16366,-0.30512833671106515,0.3775013676082118,0.2277036076652167,-0.991304758893671,0.40612059537476675
16367,-0.2967766758444143,0.3577301458841537,0.22194882417378206,-0.9756792118109653,0.4026070457988169
16368,-0.2852598429935363,0.31543046677210207,0.24361640699233136,-0.9962811507168539,0.3765747394791552
16369,-0.2943835485113292,0.352395410617422,0.2547231110302441,-0.9839399137240704,0.3888169259224734
16370,-0.3088947894369977,0.38284366412279813,0.24655944178384395,-0.9873198524364766,0.4043367656458885
16371,-0.3153638487546591,0.42181524024448425,0.2475051528989379,-0.9764753099993688,0.42088319393232515
16372,-0.3170885926801754,0.4049041804188174,0.22373759707281804,-0.9844244158478198,0.416231777864983
16373,-0.2958832879102565,0.3522908128515758,0.24181540588567849,-0.9809456959944023,0.39290616950453106
16374,-0.3162379531891223,0.4061341479385974,0.23374511914091012,-0.9910500860831273,0.4143831912348698
16375,-0.3072560097308883,0.3977053390351733,0.2267331684071685,-0.9901456318645145,0.4118119149758667
16376,-0.3344154409781797,0.4358037313791804,0.2350054287083166,-0.9915051014506828,0.42940714488775
16377,-0.3253313409262482,0.4344561656670848,0.2428306918629967,-0.9858601427050385,0.42699542723051104
16378,-0.31251973817558465,0.3821100442958903,0.25649268092377464,-0.9737898269533029,0.40101381405252695
16379,-0.31076139788845125,0.37476907276973925,0.23169279831762934,-0.9963648528997759,0.4052950479556595
16380,-0.3306418104144985,0.401588197402793,0.22330300208094755,-0.9775523931155385,0.4278427144267875
16381,-0.35595008312223964,0.45376430095331627,0.25202871176451114,-0.9710727277537048,0.4371410571311011
16382,-0.34868850377314065,0.44901359550785963,0.23632447661217812,-0.9684856094858674,0.43755146373094717
16383,-0.32277429077316744,0.37595427869676595,0.2351223272320488,-0.9616928240785907,0.41770811840013417
16384,-0.3102008512365267,0.3167129410183711,0.26257145072655913,-0.9993605431240485,0.3761579664099004
16385,-0.3060471485624139,0.2887359794465719,0.23720372190247024,-0.9857307375564773,0.37794019542967394
16386,-0.3058177437590301,0.33467585025190183,0.22678588373184064,-0.9950769336191254,0.39103647156579285
16387,-0.32330936147351347,0.35274535491026454,0.2499784341054663,-0.9839992253257205,0.39790658294342945
16388,-0.3263904770177636,0.34803662908359684,0.24413038014828511,-0.9795914226711407,0.3988958145415606
16389,-0.32042486132274967,0.3343285342752868,0.253483573793783,-0.9832187675747871,0.39545523927672005
16390,-0.32380605655405736,0.2971985826443651,0.2456451087246497,-0.9900981099933971,0.3887134377070168
16391,-0.3307249835853089,0.31737139324973873,0.2513958647762255,-0.9661580830982863,0.4021856000644961
16392,-0.31197021337269953,0.2726637180012166,0.24623878384393824,-0.9563283887874484,0.3777612439376142
16393,-0.3055094740021572,0.2500372284984818,0.13280727477208026,-0.917736398426585,0.4135267737733474
16394,-0.05507132796069606,-0.2947909100825346,0.1856308827073675,-0.8749975021857903,0.1822514075296293
16395,-0.33737799267572277,-0.026272575421912806,0.3053817357789403,-0.9588558719628776,0.30992482977263225
16396,-0.31061642685751806,-0.15876037091906314,0.3037672615128991,-0.9762809631125493,0.26594332678133836
16397,-0.3495282967820657,-0.04418524364734404,0.30278583836654394,-0.970654372323934,0.3118337796749807
16398,-0.31154597015251057,-0.09593706575845581,0.29659212556454834,-0.9905153226577126,0.28336438296105354
16399,-0.3900376385055603,0.020353595610718336,0.3184843912204664,-0.9761481615118309,0.34252331800838703
16400,-0.3788551106012744,-0.009857729993562365,0.33009853644242204,-0.9733826868380755,0.32415539713211144
16401,-0.38935312399828625,0.03585324297473146,0.3039300012105141,-0.9475014657579456,0.3547400119121508
16402,-0.34541712886310766,-0.025606327478059552,0.2976982042530673,-0.9695492427657003,0.3193853147314695
16403,-0.3816594723159662,0.032182736441243906,0.31982197096476817,-0.9704590586551449,0.33585584341435826
16404,-0.37244272617891666,0.050755041220291376,0.2960515274221326,-0.9623225584944753,0.35385090060569396
16405,-0.38169200216995997,0.07652985622284623,0.30539242445850673,-0.9581989320929674,0.35087550432178966
16406,-0.3599992639303059,0.044122579273182624,0.2964746936788849,-0.975687353183027,0.33512569575859374
16407,-0.39916573726964777,0.12334196396634008,0.3152444241764631,-0.9676148197385167,0.3678011789537294
16408,-0.3868587853185154,0.09626351168793335,0.3161607386671596,-0.9854943767640353,0.34996889944642817
16409,-0.3811216013546578,0.09859234439986378,0.30545559780808784,-0.9710177345033101,0.3590629484369597
16410,-0.34942805149091094,-0.0037817604368419228,0.30082764266941886,-0.9803684884013113,0.3174216627159146
16411,-0.36762092103753613,0.06731601752656874,0.30876320655165973,-0.9797275177230214,0.34096763444979983
16412,-0.37813644829113924,0.06778445056279275,0.3124192826821419,-0.9655063215402984,0.3493286766427353
16413,-0.38806025949537337,0.07757797671093156,0.2988254978795068,-0.9410300272620113,0.3594350058941735
16414,-0.3470043068100045,-0.0033639022961497855,0.3049265064738463,-0.9679947489899245,0.3202386790533553
16415,-0.35174153823254944,-0.020269482797688268,0.29507979517298477,-0.9725841498690351,0.3197918919638425
16416,-0.3564095252237917,-0.013564289196770597,0.30946535563533545,-0.9793480793521583,0.3164652961524165
16417,-0.3950316195636808,0.020275899041779063,0.31762976713107866,-0.9741204237598208,0.3403875670860685
16418,-0.35308399955333886,0.007946564179445965,0.3071666791005757,-0.9604399664558522,0.32801087579364796
16419,-0.3210535117638125,-0.006267283382216779,0.2873284621049691,-0.952497191049476,0.324055670450414
16420,-0.3282556529054914,-0.0200158880077325,0.2926029748397138,-0.9698501516947192,0.31506758282278374
16421,-0.352088089968525,-0.03180731290943801,0.30284456859006037,-0.9459081351920142,0.3257255756267256
16422,-0.32131849781973754,-0.09255180997965687,0.30109152358057645,-0.9658072111599981,0.2930070982908265
16423,-0.317551188950886,-0.11089100678780928,0.28350163345602675,-0.9663523633097391,0.2916611485306172
16424,-0.35356668591535,-0.035625370350133,0.30540048545176895,-0.9636028914795272,0.3186188386765079
16425,-0.3337746665786525,-0.07107410482613574,0.2970314247064119,-0.9684790947084213,0.3041908674711649
16426,-0.3514453516899729,-0.039970475233807576,0.30124250227433774,-0.9698712972343873,0.31797713538404254
16427,-0.3193484738493619,-0.0758276982262394,0.304181104667673,-0.9676971148728769,0.2962906940466685
16428,-0.37100778596028755,0.01551914845782452,0.298772896536182,-0.9598536544170413,0.3433122254424021
16429,-0.3345411186372021,-0.02122429137593159,0.28617979190783777,-0.9662236655785937,0.3222588641943547
16430,-0.31748334422483987,-0.07680083896897866,0.30817951998419907,-0.9770262676902224,0.2888129243030583
16431,-0.3399010755030282,-0.04792561241794949,0.28876182892831304,-0.9674381077191164,0.3148116481978057
16432,-0.3170479926705626,-0.08141163991981622,0.29623170945640553,-0.9660805738517197,0.2970151326650169
16433,-0.31972346898607884,0.057043453426188426,0.20937217201200348,-0.8609099354360416,0.40680197148283936
16434,-0.2855026345952902,-0.06672138613239205,0.28184573964332604,-0.8723002394988574,0.3398716343032329
16435,-0.41091236047100654,0.09962928654666987,0.3373751680352038,-0.9435892228764448,0.3743622797099963
16436,-0.37039262767753545,-0.0037604166447409745,0.30521525628887486,-0.9611799296179401,0.3330933039382973
16437,-0.2916048073801154,-0.07408138832778839,0.22132271677435425,-0.882998448181926,0.36983100315311707
16438,-0.3183504895695937,-0.0857096549734966,0.2802240858381352,-0.9379887043874879,0.2976128831300374
16439,-0.3402940757188974,-0.0487191994294497,0.33319710420020526,-0.9790326860504117,0.2944611377459803
16440,-0.3741232511370375,0.01758606456216315,0.3103521096703901,-0.9496930857083883,0.35057904516894656
16441,-0.3258725875019161,-0.08215294432163157,0.28378010538342546,-0.9668676143674525,0.2952929908014052
16442,-0.07443136938510504,-0.35571577203700805,0.17998117678379608,-0.8914914114389532,0.2110012551450223
16443,-0.20144325028715085,-0.09488167063415542,0.24058543200494892,-0.9837575346178585,0.2595973659732319
16444,-0.2121992026704502,-0.07416088606088782,0.24481320353137775,-0.9915141008776647,0.2612823213732656
16445,-0.21532084572582033,-0.06984608970599634,0.23555938236865034,-0.9806061851035043,0.27738310633743907
16446,-0.20992773139581195,-0.09595208740920344,0.24427119064417865,-1.000278828357819,0.2549962787136845
16447,-0.22454136605422148,-0.055012341565260456,0.2579847297567935,-0.9752077773825504,0.2702081414492733
16448,-0.23741400326013143,-0.05205372105599744,0.24433113219337269,-0.9967751616655917,0.27779531144844083
16449,-0.2787557655683817,0.01860823237928662,0.280782375698748,-0.9704216499555282,0.307513082616549
16450,-0.2369170809363295,-0.055454566530002754,0.26020137958656725,-0.9882446075682806,0.27766136873897507
16451,-0.25672982008844575,0.005389338466199364,0.24097210396053526,-0.9617232830427452,0.30691883882983967
16452,-0.2871172901973054,0.04636131358277377,0.27325229724259115,-0.9727121881292969,0.3215665408854998
16453,-0.2823493598429564,0.03326139171972679,0.26265599990483035,-0.970750995273607,0.3194268500179129
16454,-0.24378814683814853,-0.036646221471037244,0.25690341869947225,-0.9892918364144879,0.2828184125212298
16455,-0.2707917360367751,0.03167984642255628,0.26415492358691167,-0.9704382227359094,0.3157254555940811
16456,-0.2460096285740713,-0.004794435104056305,0.24460822622598266,-0.98657365842175,0.2992306729727682
16457,-0.260267381264215,0.04298568567167342,0.2584479085590476,-0.9638082520760519,0.32751162131048683
16458,-0.2382460753847005,-0.01729443260947289,0.25285767489088834,-0.9854987260907383,0.28960592109954875
16459,-0.22682019596504785,-0.06783183281618693,0.24269188448013235,-1.0031458939801143,0.27236805023424143
16460,-0.23971080897882652,-0.03414497912203537,0.24249248211492835,-0.9924854864215504,0.28628938945376214
16461,-0.2568158670922272,0.030407186730738993,0.26612072063683256,-0.979151325012234,0.3087310824034089
16462,-0.22575975411229007,-0.050098471189774146,0.2617290654212845,-0.9870794858139783,0.2711358575421381
16463,-0.22829403245462984,-0.035194111908497666,0.24669360474512136,-0.9878486215753846,0.28600617171954545
16464,-0.23327807809325254,-0.043568081825230115,0.24350468635849884,-0.9863491645011788,0.28513573822453964
16465,-0.23277400406269996,-0.047129197575156864,0.2547085131114811,-0.9825842580043961,0.2785486532300988
16466,-0.23390007926787967,-0.046619992251588076,0.23974969569019447,-0.983423866523224,0.28682093954651894
16467,-0.22162905682440076,-0.08714106005353081,0.2510337138210865,-0.9916684570700176,0.2661218565498535
16468,-0.22427366539989066,-0.04598821166378468,0.2597819869683797,-0.9879963411282624,0.27478800929961533
16469,-0.2161028978583185,-0.06869864589809233,0.24117270689407533,-0.9978027387682865,0.2680282243392622
16470,-0.23225488440311567,-0.05741550986496353,0.24560403605650197,-0.9968320281124473,0.2764716363303345
16471,-0.24266088671974212,-0.0036738005062652507,0.23726752374385474,-0.9709315274482657,0.30789838186796664
16472,-0.23771610809709903,-0.04293113322177361,0.23560462311857663,-0.9896287189738242,0.29019621528133394
16473,-0.23190727406763123,-0.0530767441617097,0.22844407872702233,-0.9846136276197013,0.29071903962764595
16474,-0.22727517644983114,-0.031898077872580304,0.24704277673858818,-0.9617235275318042,0.29999833967275075
16475,-0.23687701149671475,-0.04195150016148708,0.24437705400292717,-0.9794648054543684,0.2914980644217006
16476,-0.24575609833940698,0.021172452194493718,0.2336565247716253,-0.939106693749057,0.311155089207193
16477,-0.24151468594357461,-0.027681865612262675,0.24426928209530258,-0.9658683073491731,0.29783654422211703
16478,-0.23884883244922414,0.0016545097607093542,0.22682232342134326,-0.9348866140829207,0.31244817278851694
16479,-0.24255668949563297,-0.005764209892264339,0.24050326682679082,-0.9525028683002467,0.3118653094185602
16480,-0.23101153929875543,-0.009298827112013979,0.24671725949728315,-0.9604317323181573,0.29540205236443334
16481,-0.234144267290472,-0.01534687408365519,0.2536031837742811,-0.9417623297667319,0.2949257131867982
16482,-0.224182608422301,0.004258574680148517,0.230761054371872,-0.9310691647502091,0.30741789646829043
16483,-0.22256835369874356,-0.025182410010105256,0.23336600920960468,-0.9575960377340614,0.2968992428754708
16484,-0.23035455072882347,0.03261639794949517,0.1981969741570646,-0.9448288296753291,0.32472733589606145
16485,-0.24518670069494516,0.011143224629102682,0.21594682619886812,-0.9599769606424716,0.31845616764435886
16486,-0.22203147356588107,-0.05030534239012986,0.24555089149914563,-0.9547942030852323,0.28640040994448485
16487,-0.23582973069430244,-0.008752605221972565,0.2155968629818321,-0.9433778006501237,0.31988769126473765
16488,-0.2103369141708445,-0.10961891927011798,0.2449319874599897,-0.9791341539397005,0.2633797926260765
16489,-0.24550772610438817,-0.0511802227650965,0.23641629147971502,-0.9679746757909713,0.29943290928111893
16490,-0.23337612539816635,-0.0409916103893494,0.23864814858634284,-0.9471232130519428,0.29730313487383336
16491,-0.21427036618980283,-0.0819900554574834,0.2412712042495196,-0.9653850585005624,0.275530084461786
16492,-0.23105126824805805,-0.06604208518716403,0.2493797435312171,-0.975052784229726,0.28630271751637226
16493,-0.21608096280194147,-0.09788250561225426,0.24067921704827885,-0.9688519864686023,0.27147273139141226
16494,-0.12759733006592075,-0.04219293073263595,0.10201410271016986,-0.7989440570083581,0.3083052621802923
16495,0.12569373504282919,-0.39464681757591125,0.07845628771488085,-0.7174885918596884,0.30194414528666713
16496,-0.3070749996611438,-0.07096638234242664,0.30775571073697927,-0.9334389617649086,0.29037784755316226
16497,-0.35497613795479194,-0.0005031046784450239,0.31857357014287846,-0.92316349010101,0.33317740526244627
16498,-0.38441397738588123,0.010365564688395883,0.322346933165645,-0.9313278746072224,0.34647104847545107
16499,-0.36594297733697956,0.002032740336053232,0.31152198084495963,-0.9352747112791792,0.3365940702063281
16500,-0.40971399768058936,0.11244050877777613,0.3178040284630406,-0.9322479364150366,0.3810571097284525
16501,-0.3800361098735268,0.10019873411909927,0.29894117286410216,-0.9237283941091855,0.37378908606488176
16502,-0.01645943914276485,0.5536625809821769,-0.23754426552066207,-0.3575977176994819,0.6094816673980924
16503,-0.4304301755220978,0.06191253458051028,0.4094851014793265,-1.045824155618896,0.294854543821648
16504,-0.5570702712656337,0.23725763523344498,0.41832426673047163,-1.0660582429863208,0.38290261475672455
16505,-0.5221664668632374,0.1976945857342453,0.3978495801011802,-1.0715831595233885,0.360304864893159
16506,-0.5298342615546556,0.20284348546149789,0.38955391440563236,-1.0959627672005714,0.3639338379944947
16507,-0.5202364493114502,0.19769259091529937,0.4034571662714681,-1.1030825308901446,0.3533551485614067
16508,-0.5095311689604187,0.23384054588450184,0.34613333919450073,-1.0328053343561872,0.3883153576825906
16509,-0.5566170293230422,0.257494119820948,0.41251208369457515,-1.087892069030995,0.3816702974813943
16510,-0.5596623188262101,0.26391482471829286,0.4027603810454803,-1.092881011891644,0.38679080743798444
16511,-0.5984066850697011,0.3505139991602982,0.41896671705030597,-1.0736162886192084,0.4275058421865507
16512,-0.5430495085474365,0.2415718780253164,0.3860240139087793,-1.0790852531775124,0.38101150463353434
16513,-0.4706758226620688,0.08447867346508428,0.3771510780000821,-1.11792081438815,0.30386750996692724
16514,-0.597620896440195,0.4142749942631465,0.36677954912457356,-1.0052246287429647,0.475963219845068
16515,-0.5215173539383203,0.15233332202013014,0.40868009810896927,-1.099664401238465,0.33796278796125157
16516,-0.5109183747403677,0.1489969410498131,0.39201613962640114,-1.1057257823570068,0.3354758308635586
16517,-0.5795818745268696,0.2793215538237641,0.4148623558915352,-1.0834993360823817,0.3983461049477564
16518,-0.5140026845809266,0.15881319139318523,0.3956065194023087,-1.0985710068700982,0.34056900048107785
16519,-0.5240565320129007,0.15565139907329886,0.3946824114239399,-1.100983725708391,0.346089693398699
16520,-0.6021302558316435,0.3307840547515044,0.4258981924093044,-1.0666782865697397,0.4287662727336087
16521,-0.5214525829706228,0.1614565909993805,0.40207227082676933,-1.0918139420978665,0.3468625880723616
16522,-0.5658607145872792,0.27232988628047194,0.419107517429104,-1.0691321987040243,0.3922794940322705
16523,-0.4369381189828894,0.01924297148406171,0.3607306933909611,-1.1112082324000279,0.27797011025501217
16524,-0.594419878892587,0.3732721553845081,0.4089053980378117,-1.100225575354883,0.4246744499557659
16525,-0.5977415787564723,0.3745731340750596,0.4135295225974938,-1.0912001650916299,0.42666874399504834
16526,-0.5717195376561419,0.30425420431998085,0.40886469804532644,-1.1187191935667515,0.39636612950547384
16527,-0.604732137692932,0.4119020666077944,0.4127149300631508,-1.0997761313910468,0.436827568461172
16528,-0.5995949723553362,0.40234968081474076,0.40148339051292936,-1.0884430741586129,0.43727317087967593
16529,-0.5953284550087076,0.38920754557981607,0.4018503488114529,-1.1008155066325909,0.43101746257487455
16530,-0.5807735136780449,0.3507955402628865,0.4146602455020749,-1.1112332873952524,0.41051167528990307
16531,-0.6155417674134472,0.4283529288609826,0.40676713320227675,-1.093742767507866,0.44706544965329903
16532,-0.5812974872801232,0.35905310225541776,0.412270153786175,-1.0977237271297708,0.4135682846951837
16533,-0.603265457838629,0.3661778015285071,0.4032526957525759,-1.1099226596607084,0.4261584155080255
16534,-0.6098818502858199,0.39848953207977744,0.41581746910914347,-1.0843908014666346,0.4385956436993756
16535,-0.5730153632124899,0.31499189567635294,0.4341475174249589,-1.1070903048842522,0.38993642289994324
16536,-0.5871625155714525,0.33847758706555786,0.39863970413543437,-1.1062168745063126,0.41632862504435586
16537,-0.6085883606503939,0.377630757197935,0.4105453481263771,-1.107207187201585,0.4300516106391833
16538,-0.5818359138217364,0.3436461628938188,0.4165600444250379,-1.1051213673202567,0.4080054876619678
16539,-0.6137599622853434,0.39499648970259116,0.40304016171920765,-1.108373424880253,0.441361299238881
16540,-0.5903036302930991,0.34956615263162505,0.3952569359447823,-1.1043130116687743,0.4200486759948174
16541,-0.6045680070985113,0.3946179832342182,0.4317512802140665,-1.1030087519301741,0.4307966566403832
16542,-0.572788258776161,0.29489409447694703,0.4025848387076733,-1.1205576182017396,0.39138903805543085
16543,-0.5893611920598613,0.33039138404755897,0.39471176625543053,-1.1102475929294844,0.4121862309494081
16544,-0.5724451841904706,0.3040375673892797,0.3832079914033447,-1.1279953679726051,0.4003632447385659
16545,-0.579732532635101,0.3017467036569283,0.41866943538993256,-1.1081713640847277,0.39264206848031447
16546,-0.5929565065861482,0.3336928554390151,0.3940343141138911,-1.1110250208780932,0.41423751641628326
16547,-0.5847375784270364,0.34136437591255125,0.420014152514873,-1.0829709721904652,0.4120599581889685
16548,-0.58378315902755,0.34160799202703607,0.44675955324887906,-1.087541945290217,0.40136591763351354
16549,-0.5850070832478974,0.3253824332059963,0.44054052302473784,-1.0950314667883891,0.3975238091753569
16550,-0.6141960735332229,0.3976400739301089,0.39461054626277575,-1.1116148539919624,0.43808614681455527
16551,-0.5982157308448401,0.34963236689457383,0.4114620500555295,-1.1104281695336924,0.4123789335990619
16552,-0.5858471607161541,0.344526580550768,0.3821927642822876,-1.0978953402414304,0.42823002664881327
16553,-0.5934533414123556,0.3731048277357918,0.4156785045861915,-1.1083090883160787,0.42175724050425273
16554,-0.5875309276754926,0.33941929741905436,0.40851231639083463,-1.100116637112,0.4126731304242285
16555,-0.5682429243235488,0.3054245443469957,0.3958645756485313,-1.1090340600245994,0.398010825523943
16556,-0.6146020196087089,0.40234364650102195,0.4185458673119207,-1.0877823703444223,0.4381613700852957
16557,-0.5918451210182669,0.35361407994565863,0.4004415133487579,-1.0884937635097554,0.42515846302959054
16558,-0.5951604874039859,0.3562289039680726,0.4117463753162331,-1.1108160430299971,0.4183366501610843
16559,-0.6030225563730822,0.39858043611041416,0.413696637791773,-1.0961297010214404,0.4327595194573346
16560,-0.5970481905883787,0.37942460476190515,0.40170877922413295,-1.1024111098725735,0.4312378915211412
16561,-0.5967096739414287,0.3639543731205277,0.40932680363902735,-1.1172998240574636,0.42158212009353
16562,-0.6063904724057877,0.3826494758571723,0.4142723161049262,-1.0810476535306504,0.4292716902308485
16563,-0.6164631476193674,0.384503997857118,0.402167929722455,-1.1021003469235602,0.4380215373642165
16564,-0.6073598142028545,0.3569430661023013,0.3956286552476466,-1.1145746976828155,0.4245084916119646
16565,-0.5909685837436394,0.34599672852574404,0.44298373551738535,-1.1011685177072017,0.4019863688522053
16566,-0.5471067506414137,0.2900041778967928,0.35553386113516405,-1.1136540332563547,0.3937829440787631
16567,0.0893309905328071,2.991404140027601,-0.8216495104462416,-0.08329069700666554,1.2994875309712006
16568,0.36022536927745696,-0.41162670687435626,-0.0482030961603308,-0.4444747140090066,0.30774312671081655
16569,-0.07640973893011961,-0.23210811716297347,0.21552473174719067,-0.881780951567224,0.21788715639531603
16570,-0.04145522883512986,-0.27414564746172204,0.1730554706395451,-0.909291683225093,0.20259114976700116
16571,-0.06519634370875979,-0.230065276756725,0.18276700156928002,-0.9129822064500316,0.21209041274604423
16572,-0.10911672565280234,-0.11465120687103245,0.1792783530115965,-0.9166771688058973,0.2620541800081798
16573,-0.1349191532810015,-0.11673815253661529,0.1938862082482054,-0.9033186678597919,0.26205532521584846
16574,0.010888991601008022,-0.3087917105818002,0.11122770619387363,-0.8145499248862265,0.18747165472905256
16575,-0.5178314061352037,0.40578302219308726,0.34768840513129484,-0.9518256979010344,0.4615195249466229
16576,-0.5383410551090676,0.4470272371172697,0.33748739085355184,-0.9252680712603097,0.4881917263186751
16577,-0.5235875355326453,0.4003127236402408,0.35933168129465287,-0.9557029426941204,0.45863241518861797
16578,-0.48667622985586045,0.36441864732613577,0.3182407658294425,-0.916895555575765,0.4521375044298967
16579,-0.4531208407633554,0.26150195964950185,0.28556031594238146,-0.8909669972624645,0.4252305176207583
16580,-0.719896029060825,0.740765662221977,0.41317299433578714,-0.909233232466043,0.6234435155452545
16581,-0.6276814565466573,0.5612283214988819,0.376855842105011,-0.9143954503215291,0.5445569270551057
16582,-0.56061332906036,0.4388231613562735,0.2987067001513482,-0.9112723775032593,0.4978328898727243
16583,-0.5175804915966963,0.34940264521952996,0.36422794987253315,-0.9647837986113192,0.4339732524070642
16584,-0.49711773535247333,0.2863519560032153,0.35286287619642825,-0.9859450778997453,0.41646600330255046
16585,-0.5595682672479061,0.4224944564489555,0.3586148941806089,-0.9747804132710484,0.4792471196963823
16586,-0.47603151865300364,0.41394082170198565,0.30068683477723973,-0.9050688611979525,0.4692211018354133
16587,-0.621528219735279,0.5978801137219436,0.3610133741025573,-0.9713911895753609,0.5519341656049426
16588,-0.5800965052153154,0.4553895952206514,0.38293832203367545,-0.9607951632267462,0.5025793383718775
16589,-0.6233572283167801,0.486661958060556,0.3804823395730637,-0.9518530146848346,0.5200147133567835
16590,-0.2233851269529125,2.4186927421963214,-0.45621420900328274,-0.0752459844385186,1.1073551476609422
16591,-0.07267965138345772,-0.1447417816271034,0.06867359721385151,-0.621161302562431,0.385818494701846
16592,-0.2558736782431906,0.07319607560941595,0.12110313212393417,-0.628905055285194,0.43092384287672303
16593,0.37346478646870307,0.43730124168429774,-0.333535168384962,0.15731893369579894,0.8271344020566087
16594,-0.17862746977143207,-3.8208309864215035,0.6086951931315341,-1.1708992910297673,-0.8205960231456604
16595,-0.17941194550166017,-3.8190620486292586,0.6091801306804419,-1.170358226157854,-0.8200881620812795
16596,-0.18023011101736908,-3.817590741741793,0.6090909465588819,-1.1693071937878627,-0.8190293211851375
16597,-0.18031486561221904,-3.8175189000088148,0.6093772708722932,-1.1685657577690194,-0.8188345984177473
16598,16.36764600412341,1.5135550915304312,-3.7681339711800663,-1.0652310418192465,1.8690656541031858
16599,11.129237935570927,0.8733472585897324,-3.575177156512347,0.42179193867511644,1.0334705781344515
16600,9.529625699774757,1.0212253156576647,-3.714092027391923,0.8992956371316502,1.2135430796524895
16601,10.831953576963068,0.9719539623697041,-4.05767025811807,0.31208644700684546,1.289134943696432
16602,14.22464590957039,1.1692525528824977,-4.0334501887546335,-0.6063643467964321,1.5775356199644555
16603,15.730081873665776,1.4124965710307218,-4.169202374254154,-1.0760320631224454,1.9172639155578803
16604,-0.6325523027419503,1.724159466750418,-0.02345088392123854,0.7462923804865045,1.8370007795250005
16605,0.045440129644547946,-1.6803460698969062,0.19573652635026,0.032072288677126304,0.3461230363253491
16606,-0.22397445580299427,2.189967180462346,-0.5409714003579588,1.4758817838280691,1.9503016768624708
16607,-0.34172746543374816,-0.8342932154389758,0.21487622106653423,-0.24535613770835643,0.451114286107352
16608,-0.8553621567026871,-0.19482911463757005,0.440300172197307,-0.3921267682565156,0.6137617324563922
16609,-0.7231426468830846,-0.26197961092886374,0.4117886592290616,-0.5036037866359085,0.5460230733152878
16610,-0.45977661122570035,-0.36331565224619405,0.3086805288298724,-0.4315936098774722,0.5677778537489359
16611,-1.0155509512899585,0.3241630520555994,0.564173599847643,-0.8576700526046382,0.6001977440640919
16612,-0.9100605347492359,0.31970267745752595,0.5070229783004786,-0.7639675972867872,0.6279343100417186
16613,-1.0555468015663239,0.4032705154379938,0.5877796529198572,-0.8688884955067753,0.6168150606141756
16614,-1.1670370187630612,0.710283552334917,0.6024823786353811,-0.8199257804405621,0.7364122148526705
16615,-1.1118947137779132,0.46866105854913503,0.6144178751561998,-0.8741887274531357,0.6386446072705568
16616,-1.106200717988951,0.4708208511237832,0.6101468000414199,-0.8738786159045312,0.6431092684947196
16617,-0.775630495452237,0.033970076884915934,0.4596605854547783,-0.7121385006827861,0.5722153814141776
16618,-1.021525315410218,0.3996417248847009,0.5699495609002766,-0.796675988181943,0.6597964986984136
16619,-1.0738934524689783,0.3623747487550055,0.6003892867377205,-0.8580911702631755,0.6128214176924779
16620,-1.0312503266571729,0.27342244995814835,0.5807172447958037,-0.8293963267658588,0.5904351623158582
16621,-1.0423304554489015,0.2652181699865294,0.5973103409783687,-0.8694728775702211,0.5681678467905144
16622,-0.5589736542164123,2.469814144424025,-0.391057413036148,1.4389870098363255,2.1048272052456674
16623,-0.6477436499978796,0.07993350307315503,0.3506055086838219,-0.5206578968201162,0.6360995027694201
16624,-1.097098785386929,0.43986212250606604,0.6158988878845051,-0.9036818636851337,0.6206035739362242
16625,-1.0930352273065644,0.3713591346353354,0.6165996577246033,-0.9227343512761762,0.5914569168122141
16626,-1.1099006710404853,0.4349066526473326,0.6148354479825503,-0.8639831566640285,0.6345062487074289
16627,-1.1383736461986411,0.5039371085547948,0.6293941032119635,-0.8614397881465152,0.6597495462359203
16628,-1.1007009166830135,0.3976776764007507,0.6166516933075044,-0.8786968744384779,0.619251283537182
16629,-1.0386210560888736,0.2546343843588749,0.5995323570367945,-0.886044519425245,0.5660637131870256
16630,-1.0458445738385833,0.27949133744246174,0.5878713394918541,-0.8595057981293047,0.5750622629884425
16631,-1.065927127624459,0.29099391934390006,0.6086619119244895,-0.8839551264671976,0.5781664770039402
16632,-1.0509626012869762,0.33721284693674686,0.5879401426940384,-0.835313926878264,0.6065746696278473
16633,-1.062063944551651,0.31532866011935273,0.6033926122221959,-0.849601385724298,0.5953664335372739
16634,-1.0782080009366015,0.3542539768577645,0.6070057603812009,-0.8475186715349523,0.6161654785735714
16635,-1.0631623330931255,0.2866325341717206,0.6017779435129679,-0.8611997457159896,0.5829966114033032
16636,-1.0168129427432568,0.413132773946719,0.5564478978418209,-0.7477156333856121,0.6947393690596174
16637,-1.0746222111861417,0.3126977166606297,0.6072756940799084,-0.8733561888851773,0.5879409658685667
16638,-1.083742828371797,0.3247132369582529,0.6187709700807976,-0.8651943630215769,0.5973793077045226
16639,-1.0670894606833643,0.29204424407170687,0.6013356042132136,-0.8432459127753426,0.5915432882008907
16640,-1.0837538923201844,0.3432365703743141,0.6015829759707114,-0.8249428990949225,0.6124427092818254
16641,-1.0527707012651057,0.21874314647653736,0.6086215474715215,-0.8744662643297088,0.5541361620025229
16642,-1.0495713896273582,0.20278612225533232,0.6094228699560543,-0.8784731487262007,0.5511243268997924
16643,-1.063650601167933,0.24695098736958293,0.6101140182455376,-0.8732695160865093,0.5649671851123531
16644,-1.062320576635992,0.24890499040632547,0.5934326688795644,-0.8440573777689766,0.5747975727248094
16645,-1.0618641167629297,0.24351900308802196,0.6082416220539878,-0.8408158232618691,0.574144112115529
16646,-1.0364742641659055,0.16509278230711227,0.5998297296659449,-0.8546703254808964,0.5449231424501626
16647,-1.0667980534617056,0.2488056557818439,0.6010510972680476,-0.8395203047480988,0.5813740011794484
16648,-1.0407931337041572,0.17303282260551056,0.6003484898914445,-0.8518841262592943,0.545310402637969
16649,-1.0493996014076028,0.21620363867606088,0.5993199670028482,-0.8024241256884173,0.5755592304656625
16650,-1.0319680243648617,0.12970960354300862,0.5960088093051121,-0.8308203169412332,0.5403943658912732
16651,-1.0851600220746678,0.29352440524266205,0.5967520250787873,-0.7971583857972662,0.6085691664479748
16652,-1.0819041383622519,0.26777661844444606,0.6100879369207534,-0.8235776804692095,0.593249913416014
16653,-1.0751862361546467,0.25867244696495906,0.6190316373484168,-0.8254147659100667,0.587419685667573
16654,-1.069978316133141,0.22864920574751005,0.6018197705124452,-0.8158674522081708,0.5813455912775085
16655,-1.0735531959414488,0.2594900365758088,0.5782699950969196,-0.7594911044401091,0.6059978761288362
16656,-1.0829448755596602,0.2842660472093333,0.5914678054391285,-0.7771857955393726,0.6121921937902131
16657,-1.0653811106128244,0.2111057884247294,0.6043963245364444,-0.8291762338251637,0.5702701423186645
16658,-1.0552181560609,0.1848925003703175,0.601398487275425,-0.8164737574216968,0.5651497408337213
16659,-1.0560723244128138,0.18368365639874382,0.5950706139764432,-0.7993425819121714,0.5712371813337719
16660,-1.069019735567617,0.2093227480389335,0.5990238267621824,-0.8016444109674288,0.5796920158213303
16661,-1.0818812201923653,0.2754595332159476,0.6079146496328102,-0.799394055228911,0.6047309701909639
16662,-1.068705171996212,0.20256271357961503,0.6065829796593317,-0.8304985637644077,0.5691941619912884
16663,-1.0372162649537324,0.2637722445231263,0.5570574399110775,-0.6851115037891973,0.6407003600424822
16664,-0.9644051628070608,0.0890886088651518,0.5565364080365435,-0.8022097101038435,0.5256306507130152
16665,-1.1190930742499976,0.4159665318111522,0.6005078262056737,-0.7894850324461713,0.6582335412233576
16666,-1.1121572967390054,0.311899777352237,0.6239462527726963,-0.8360303281583593,0.6100445992215947
16667,-1.0649637215123553,0.2089217004278224,0.6024237501634754,-0.8133962515429786,0.5729032780576776
16668,-1.1047722093716132,0.2846296933414838,0.609758751229367,-0.8149029097892497,0.6102224761824273
16669,-1.0986802633586592,0.26446453280833726,0.6254174335436153,-0.8390514634271585,0.5952323359491908
16670,-1.0783127803991241,0.21214373943638357,0.6124515874319987,-0.8471406982045934,0.5713448020216212
16671,-1.0689367148905968,0.18016324163960137,0.6191313715588013,-0.844236056574807,0.5625244862949476
16672,-1.067461700093088,0.18105622649228797,0.6063140404537227,-0.831467661589968,0.566788301105848
16673,-1.0867464259855615,0.2441406875726916,0.6085806463403112,-0.7981389575413925,0.5997863822476719
16674,-1.1155830168987444,0.31482980719757375,0.6125581829451675,-0.789212700453764,0.6266543555311905
16675,-1.0898404286072132,0.2206157049189819,0.6230060208623415,-0.8499198820656101,0.5783429902073698
16676,-1.060023054125711,0.14755974037082792,0.6094855974510052,-0.8342728734364365,0.5533231466554741
16677,-1.0722277979157897,0.17185581349145,0.5971847379274126,-0.7796994504650434,0.5838373236064754
16678,-1.0227049896301987,0.022841197906774774,0.6124370488299069,-0.8374571024646679,0.5029946971855908
16679,-1.0863478125324153,0.21615405118538727,0.602914522618599,-0.7799613873797684,0.5957980342284036
16680,-1.0335356853007989,0.07229233473174024,0.6034177168956492,-0.8383440772287052,0.5263634381286242
16681,-1.0460290359893407,0.10224040344848728,0.5933298691535153,-0.7967005925645319,0.5486028559423693
16682,-0.9373537970177654,-0.08519288385547377,0.5478606206444572,-0.71863075285061,0.4883433262561588
16683,-0.938800759687766,-0.14368792701123553,0.5840147226283128,-0.8513415504081002,0.43808091823648104
16684,-1.014872294599584,0.051676361755497544,0.5887760783045148,-0.7849721254851009,0.5366465335023395
16685,-1.0216070742157664,0.07064186741640427,0.59804747986444,-0.8390444917394673,0.5230974771330653
16686,-0.997216983587942,0.04761441253066578,0.5816989565737625,-0.7936202170920535,0.5170175475152671
16687,-0.9883427781886072,0.030312735880642223,0.5701598907471364,-0.7933592823633886,0.5122255934484534
16688,-1.0904682241436472,0.21877905692582184,0.6243389311866092,-0.8024777331658207,0.5952445230477535
16689,-1.0388780785275988,0.11873018820296381,0.5924337029272592,-0.7800616736563597,0.5530165738686069
16690,-1.0890256330695702,0.2258064113020671,0.613247523377562,-0.8082182530313444,0.5963017402173767
16691,-1.0553221685900236,0.11735706092041955,0.6045094146571108,-0.7955879880175879,0.5531963162027973
16692,-1.0313050872597167,0.05351444339040835,0.603061434523862,-0.8295155052602174,0.5207524144369488
16693,-0.9910478977523645,-0.029981253589372182,0.5883369183499692,-0.8046825389564114,0.49184662361283715
16694,-1.0310995044159892,0.0940739182327748,0.5935317075903249,-0.8046574836408029,0.5403482790776504
16695,-1.0051590152531398,-0.027951679116455137,0.6044145957385205,-0.8402672879010165,0.49041726612095116
16696,-0.9953777162210488,-0.03168923649525651,0.596046549597876,-0.8347759967254079,0.49057255059971855
16697,-1.033963179256119,0.04413875904009347,0.6023829798014005,-0.7986519073386251,0.5304161765958176
16698,-1.0438226534830655,0.09544885411255431,0.5999431580015627,-0.7620688457202397,0.5567311476161754
16699,-1.0478929770098917,0.133008909218565,0.5877063559062871,-0.7617927095278532,0.5724485272431379
16700,-0.9267832445524693,-0.11185149034577706,0.5499088674645046,-0.734888335731146,0.4909181094834296
16701,-0.9224819970419408,-0.20948823734702365,0.5700762988477666,-0.8721545213771806,0.4033294769894411
16702,-1.0286586269002715,0.07111482835422361,0.6009650525032757,-0.7967916278644027,0.539746392456489
16703,-1.0936009460827905,0.20599020091599254,0.6251308697245833,-0.8267494155026086,0.5853476982109577
16704,-1.0708332542013472,0.1812528366913534,0.6084964017996003,-0.8058362957680005,0.5777517293334022
16705,-1.0533417472983089,0.08786570262176059,0.6219203455355042,-0.8517960273984677,0.5343932587988552
16706,-0.9945543151697668,-0.020938737904640715,0.590421582308769,-0.8048271656735496,0.4913763343888585
16707,-1.038025876588666,0.09654909187479208,0.6068764239849813,-0.7937295129191266,0.5470563823359368
16708,-1.0788294300228631,0.19436910370301572,0.6154851085421764,-0.7802762207651665,0.5914350440213038
16709,-1.0216835399652309,-0.003925616013554619,0.6144726511182899,-0.8638054211123222,0.494780561454588
16710,-1.0431095937084045,0.07003162091665711,0.6126476774952697,-0.8228352335250806,0.5313406967253567
16711,-1.080745707969325,0.17734592618510772,0.6118041537962483,-0.7932747550617095,0.5806652622750917
16712,-1.0769525531596094,0.1769574591028644,0.6161666677303304,-0.8278704153633034,0.5728834616686533
16713,-1.047895927652112,0.08318107765656661,0.6145549521452688,-0.808604921014569,0.5399865088829365
16714,-1.0426804061300194,0.06071621166675571,0.6148677194414752,-0.8422854819370051,0.5287163314688751
16715,-1.0579176500385084,0.14311191705522175,0.5906275597070327,-0.7529813574420177,0.5756172169630411
16716,-1.0808714775396824,0.19509805649814527,0.6153205227299587,-0.7776351767350328,0.5952360878607755
16717,-0.8974689579810066,0.016006738741484543,0.5262980998340074,-0.6951663591863254,0.5903879007358168
16718,-1.0105266872061751,-0.015583369017326015,0.6013512974208561,-0.825858240972986,0.5049129780074758
16719,-1.049196978828446,0.06873744814387901,0.6055937152610594,-0.7926181802307911,0.5448315996906158
16720,-1.0717293917098332,0.15091686835314586,0.6222512454677296,-0.8094558329746138,0.5681826697200368
16721,-1.0399296723113216,0.06445880832433495,0.6022644036952038,-0.8081786485100121,0.5379495513940873
16722,-1.0424767459531477,0.05224927602738217,0.6056357592084364,-0.8151270604834957,0.5359305596531658
16723,-1.0027364955829694,-0.04201335755581244,0.6042510081167908,-0.829390474087876,0.4941978515700174
16724,-1.0293849654764504,0.029981968587205293,0.5935876195426586,-0.7803669669971782,0.5375523445104397
16725,-0.9947606021667245,-0.08706369988680175,0.5817408810739076,-0.7774536019960219,0.4933847993943931
16726,-0.9506897514736155,0.004111520706781502,0.5237806358120802,-0.6397292806349567,0.5949004448101816
16727,-1.0051987317948738,-0.028609081298142196,0.5742604768161114,-0.7512466373749382,0.5228589311363397
16728,-1.002666741487059,-0.009323385124966305,0.5897287503334009,-0.7618500967549261,0.5285730536157079
16729,-1.0343429861853957,0.04098386534280608,0.6067085587950551,-0.813054971215046,0.5337562765806493
16730,-0.9613708238788029,-0.1358028487507872,0.589099519575448,-0.7823983197949426,0.4801576173158401
16731,-0.8846038380852546,-0.2553914263947415,0.5484631807409887,-0.7066223780240023,0.4723867613086372
16732,-0.8484984597269455,-0.2912797467791343,0.5235635869219994,-0.6773564040598822,0.48206270641477805
16733,-0.9621877768691073,-0.09658630724291456,0.5747153184223287,-0.7585815087048138,0.5054520412808264
16734,-1.044062130282066,0.04797337057116827,0.6219968860210546,-0.8055753719374698,0.5331902075597172
16735,-1.000829073748082,-0.020248011151394615,0.5781215642588698,-0.7478292431945877,0.5358763866391371
16736,-0.790249657297315,-0.35040828469618396,0.4924597514263927,-0.581519482801846,0.48659354815545236
16737,-0.7346163906323041,-0.5304772761651835,0.45336426954903813,-0.5347356773643396,0.43998353142209295
16738,-0.5893839643127728,-0.8668171477334571,0.4422988887823644,-0.5669623954650026,0.32866087753351303
16739,-0.4520920092230915,-0.8948976737288369,0.33843625583150067,-0.30947131393589844,0.4096966202774689
16740,-0.5550874292737364,-0.7684492082269034,0.36961265754002187,-0.5591164454040104,0.346257155375748
16741,-1.0693674523056096,0.1693679794882218,0.6044170625298153,-0.5730115512433013,0.6499995887061896
16742,-0.7484167867866568,-0.5602761952448224,0.5195440192332034,-0.6705732700698469,0.3720888468465335
16743,-0.9571578369786151,-0.1535066979490743,0.558523997939418,-0.7077674567588318,0.5085786340231416
16744,-0.8328613270645173,-0.37228988370800525,0.5174576186979976,-0.6359536346270226,0.4667736322901206
16745,-0.877338841804767,-0.3136928367639553,0.5556635966439676,-0.6939198788687145,0.45564636883571574
16746,-0.7392019219324633,-0.5869905534565638,0.46465428617633553,-0.5936027187958547,0.4134899927269439
16747,-0.5010876833961337,-0.9981576586251326,0.37811491203910286,-0.4219946637887766,0.3628664936217179
16748,-0.5447704720268354,-0.8797766133779632,0.3896087583364529,-0.430687311703518,0.41002062323772737
16749,-0.48820052284242443,-1.0174935483561753,0.3627238212356401,-0.48456600600023125,0.34623848338219027
16750,-0.42277075339048237,-1.1675116539930463,0.3704468333176568,-0.40570496119875443,0.30577218870015244
16751,-0.26396851205945515,-1.4015157731299859,0.3034879259223916,-0.29362351122457087,0.30863339608155654
16752,-0.2022165168158421,-1.533574841386762,0.30753421432185957,-0.3160098660991998,0.24755246310671933
16753,-0.15321426705516494,-1.6076224514594573,0.28402423445221303,-0.31541597398745064,0.2217538861009277
16754,-0.37652841216112864,-1.2712665248006767,0.3501400036534684,-0.40344048480602795,0.2841721998953213
16755,-0.3796017571195018,-1.2512685588123469,0.32148125722040116,-0.3740694834034027,0.299268078006852
16756,-0.4382805337012689,-1.1094875751243674,0.3366673232978594,-0.37144052271759376,0.3584273357666983
16757,-0.9222819836243487,-0.26641436325086726,0.5441579880100621,-0.7220386745507146,0.4811361239589142
16758,-0.47000826554283687,-1.1046485463034468,0.35667614096593986,-0.3757675375695134,0.3635854688628586
16759,-0.39324058716016563,-1.204113445364822,0.32924427018754926,-0.3444001578735299,0.3837933835477804
16760,-0.420107626450379,-1.1191987103814864,0.3432766857817499,-0.3546814252680992,0.38802237729018163
16761,-0.12759138461064726,-1.6172303698461152,0.2516663803153306,-0.12935517934242724,0.34154147136886
16762,-0.24738598001690928,-1.4553782287574417,0.29339357405445093,-0.2549572516654939,0.323722936000616
16763,-0.33034815112472127,-1.3896470105412968,0.3557738116632171,-0.39373106672812536,0.23416044061414845
16764,-0.34362964230622917,-1.3185303756395041,0.35061328028797795,-0.3622940301013893,0.2671503153911398
16765,-0.39987921521073244,-1.2582437664553159,0.354191989189346,-0.41087049922939123,0.28616202869194507
16766,-0.5679786422177223,-0.9553076325752049,0.40741176869943335,-0.45926344740295955,0.3475378568593809
16767,-0.5253821797935362,-1.0257637945376166,0.39147232831399625,-0.43999242822936263,0.33943325478179964
16768,-0.5056983580664632,-1.032069077278814,0.3961547147747041,-0.4505860061371962,0.3381273368988827
16769,-0.4141562634879337,-1.276899434942332,0.38917674917930667,-0.4418479891261441,0.2580308464209887
16770,-0.5436972531936556,-0.9111587653119655,0.3852894239472162,-0.3557763272939673,0.3906155198515792
16771,-0.7018564046284387,-0.5258035400805238,0.44223705480594727,-0.6053473441098712,0.43013549428776726
16772,-0.9056176931702691,-0.1584710826540985,0.46661073347121657,-0.6824246891849455,0.5230226472486256
16773,-0.53912281854727,-0.8386193442473698,0.36180775557465533,-0.33646879725329026,0.4994740284477837
16774,-0.6153390606655272,-0.6957634101205903,0.40654632220017795,-0.41867076996709146,0.4834720157177334
16775,-0.7031288208038563,-0.48496801301057835,0.4258893768164255,-0.34785060608130447,0.5796649644971427
16776,-0.3297635143990677,-1.376909444022413,0.30035276316260723,-0.3293779336220281,0.31199767755702845
16777,-0.3037696918177887,-1.2934020621598281,0.2965647904760784,-0.15788342969183877,0.48863681369112927
16778,-0.4963952598636344,-1.07182004834847,0.401820121091871,-0.45925158426363,0.357251792259174
16779,-0.15048901406259724,-1.4202195724702764,0.23295989141616405,0.12778968009943298,0.5605338882863338
16780,-0.2514846319416121,-1.3904404279830387,0.290305733190814,-0.20418273134613782,0.40614870971314576
16781,-0.3266893432220615,-1.4191337098596226,0.3396701073163568,-0.36512079526631264,0.2800241591037989
16782,-0.529074337118619,-1.0278306320734505,0.4009766162546264,-0.4121087023920589,0.36490824341078926
16783,-0.16477745883371103,-1.529620098131729,0.2674910330276172,-0.06896492170016232,0.43820747628808354
16784,-0.29305140140802155,-1.3644808824574062,0.2878469756768645,-0.26949586912662143,0.39072297607187223
16785,-0.3462162651956666,-1.1045958787268808,0.2945693678768255,-0.08843479525456464,0.5703013006353866
16786,-0.6839893859199941,-0.6628814853163864,0.4337243481102795,-0.5445415143758158,0.4400125581569234
16787,-0.4502659062617582,-1.0812287319140301,0.3503359970625871,-0.3529009303030209,0.43040060456561496
16788,-0.22096464284047893,-1.3708183376438898,0.3148569908754872,-0.3440136583242762,0.2918310866851806
16789,-0.5213414566706638,-0.8228541990093535,0.34332519787955046,-0.27477686482380004,0.4888144229960881
16790,-0.25325217428907254,-1.4540015301603193,0.3512116956971791,-0.2956486068986543,0.2953788930008269
16791,-0.4330171519233555,-1.0981316013075433,0.30602854779424954,-0.3121649280313495,0.4179268111192415
16792,-0.2717436446867271,-1.4351608162461817,0.30385622152967784,-0.2750503695023888,0.3197207405285275
16793,-0.6995624500717005,-0.6812591445664083,0.4204834298532844,-0.5854880394331861,0.4177923414007443
16794,-0.36684151060793446,-1.1968125004652383,0.35462849407722374,-0.30989455391884907,0.36283334515654064
16795,-0.24828795760543204,-1.2263903755916437,0.19925124495730012,-0.05124840912915472,0.5457825799224558
16796,-0.65181251234217,-0.7340718487169791,0.4076347788024902,-0.4865946479299092,0.4236149199739557
16797,-0.8740884923596113,-0.2854746163563177,0.5216950258566663,-0.6833470147676454,0.49004780630823624
16798,-0.04609595530510999,-1.8002571827125162,0.31017173953357946,-0.1601177148409712,0.22950067113728662
16799,-0.6674548559388415,-0.7847470359925559,0.4404056147914726,-0.569795804951143,0.37380204854031346
16800,-0.4468853857705397,-1.0477944066714682,0.3479810638597329,-0.36479733086787847,0.3965644717494831
16801,-0.4358293988743689,-1.1113725246205644,0.36140879639888357,-0.3600594633224266,0.3593429855440695
16802,-0.3361553481955705,-1.242665775879677,0.35761506242782715,-0.373809792567278,0.3229400968280957
16803,-0.4935965269506203,-1.0117513935233964,0.3615027043365622,-0.5336221640279964,0.3315478258265219
16804,-0.3548207982686578,-1.210401181151282,0.33300743617721384,-0.25305050614338,0.39679527761503786
16805,-0.5221803855814686,-1.0235601722895662,0.46054876135784467,-0.5516529386649568,0.2816630690384876
16806,-0.6548206688569475,-0.6480650276216223,0.408574151585141,-0.44810260897460386,0.4648655303722808
16807,-0.6295653521113905,-0.8291044210345054,0.44975278883260583,-0.5733242238789682,0.3452392681448132
16808,-0.6367451514633311,-0.7368056412961538,0.43829677082559765,-0.47139487849349476,0.41973592385480823
16809,-0.7991078952948693,-0.5164003856981384,0.5207706459904728,-0.7362649301878275,0.3881752827633306
16810,-0.6109623491435219,-0.7614767600027578,0.39702325414217926,-0.45482796081863414,0.4325049168788127
16811,-0.842825722654239,-0.40799582777795257,0.48216069067658424,-0.7433578560469941,0.42682877450931317
16812,-0.4097695645016988,-1.073402355383303,0.3728942967956075,-0.3967243329269637,0.354677051428567
16813,-0.46643912092870393,-1.0064494849132974,0.4011605035608449,-0.4721739505870895,0.3376872896496881
16814,-0.7566225836760466,-0.6164396964440888,0.5076538088583241,-0.8026238938290691,0.3163773069035435
16815,-0.4696159359794211,-1.1157584308948165,0.437961228420251,-0.5397425686127852,0.23649492679889422
16816,-0.7282508380870014,-0.6159084020839458,0.5224859525809413,-0.741730737671497,0.3149037180962607
16817,-0.6209013611807783,-0.5719478855707073,0.4220046582237461,-0.5747197005094868,0.4470303273518071
16818,-0.8046526308476277,-0.4046476190510441,0.4629145074953153,-0.69519689577502,0.45407739026096566
16819,-0.8959087188546476,-0.28136044535001514,0.5106520765699397,-0.7257862219666487,0.4681961431911889
16820,-0.27425932975658557,-1.3307680173340202,0.3060551472105425,-0.3264913884984716,0.3472357876859698
16821,-0.9696631683816769,-0.1792703308649895,0.5830488708724844,-0.8243914295751464,0.4557943990641131
16822,-0.17624650835229774,-1.5428844641718218,0.28264395123347097,-0.24349614217151383,0.31739620203224045
16823,-0.07544584374872862,-1.5554773749288275,0.2609176839294228,-0.047109048560305546,0.38981688560625044
16824,-0.5912387408005687,-0.8641677158066123,0.4047170254415318,-0.5289209604972561,0.3735822793502904
16825,-0.598631185359726,-0.9266437495240966,0.43980842686949617,-0.6061067821562374,0.30867211237730285
16826,-0.5321117800758103,2.4179231315526573,-0.3684242069878496,1.4235430879210755,2.1421325925225694
16827,-0.6998178808660821,0.0855612153121986,0.38756882345110294,-0.2457716578584918,0.7909496998232058
16828,-0.9633748242847123,0.11323157668376377,0.546764240071188,-0.6425863127720112,0.6626475829571901
16829,-0.7842567502310681,-0.19730395823409327,0.4559199219648284,-0.5017303644284832,0.6394049404819664
16830,-1.0786626696046222,0.30690088926860953,0.6031905915791194,-0.7359261897367035,0.6827040317525707
16831,-0.6323143275495307,-0.6944322485857808,0.41862402536903215,-0.45551855293296994,0.4568531440511178
16832,-0.12391898694465871,-1.5527274779342535,0.2706668925726269,-0.12064045737858303,0.3381848755449815
16833,-0.43555725135146883,-0.869129147849109,0.29842962997146616,-0.2887052163645745,0.556023391970037
16834,-0.6722761301416063,-0.35472292129203,0.39188109241087293,-0.4420376678220016,0.6179719641564204
16835,-0.5165321946519518,-0.5263910153814496,0.38743165349564773,-0.2373380609580536,0.6682629543941916
16836,-0.3937323062977534,-0.7985777547693158,0.22800944321254696,-0.10629745135203765,0.7098855095279619
16837,-0.656800396880852,-0.4907662650250132,0.4343355075153827,-0.516455483299878,0.5200003647406412
16838,-1.029568708524981,0.1683493284828713,0.5697093746354851,-0.7787534764310737,0.6168231049476195
16839,-1.0819622356211307,0.4432743034646484,0.5756861087087838,-0.7023554831120961,0.7476390550454477
16840,-0.7110743274751882,-0.39619433303678625,0.43703777275484057,-0.5242465076625928,0.5347618098616791
16841,-0.5392896178320528,-0.5873144265766871,0.3506360250839023,-0.3198664476468097,0.5914808584495619
16842,-1.1163844215538397,0.31993633755891127,0.6444883994093615,-0.9111093757089979,0.6111207569659821
16843,-0.8335699311599085,-0.19188066257727968,0.5011931703195415,-0.6195034207728252,0.5546712596109757
16844,-1.0449621574366617,0.2874744928226952,0.58431581917157,-0.816677609703049,0.6457634021220865
16845,-1.1142783162966805,0.3263660215408799,0.627498115688507,-0.8453990225629207,0.6300186691235761
16846,-0.8390845947493274,-0.040108632258005456,0.486277708570703,-0.5664219620573608,0.6316694708634486
16847,-0.5110073937812214,-0.7377559209685937,0.3834029219368948,-0.4184609164080993,0.4761682395429461
16848,-0.6842734084031763,-0.4557025174047943,0.4096385236223106,-0.5354300546258978,0.5186301770763548
16849,-0.523169742087296,-0.29372501373048715,-0.02947117323139057,0.6396688468489167,-1.0094539218535283
16850,-0.36429332004768794,-1.0571236094520624,0.33062114269977794,-0.34252894852718446,0.4285765965686822
16851,-0.1842762616306447,-1.5235848608645466,0.2940136010307328,-0.3584552947375353,0.23425184742193594
16852,-0.19512892289097633,-1.4906525486022362,0.29203677289391344,-0.274711369269285,0.2975190258907189
16853,-0.4645336405352714,-0.8874371471635727,0.34052155153690705,-0.45429020270928683,0.4333184338361649
16854,-0.3870733538965809,-1.205015700554715,0.3869821391025402,-0.47151054119221875,0.27345576798037735
16855,-0.3778108134065235,-1.0850343495718833,0.3180060300341188,-0.36017180421293143,0.40411654468893654
16856,-0.34131225546429156,-1.2607796465263654,0.33788681813220195,-0.41487823439832666,0.3079053940174169
16857,-0.4354222609622689,-1.0742092828599157,0.37238481479224506,-0.4272951377691069,0.33975735790492123
16858,-0.5010507218115641,-0.993194672633738,0.36668277573596264,-0.5110360181137527,0.33896958865431
16859,-0.3952215149562986,-1.1766373497586706,0.37853137000058684,-0.49060451623637485,0.272589736662754
16860,-0.4893865781652974,-0.8960052043590481,0.3914988614980396,-0.5278398412477747,0.35181001806609824
16861,-0.6236576123439789,-0.71941051081035,0.43915805471147634,-0.5952289805388679,0.38455093158646436
16862,-0.5900653945740844,-0.74741435941434,0.39917642616834803,-0.5307421938230038,0.4188331745215987
16863,-0.23073126601529026,-1.386515968592109,0.29114465057564615,-0.3411089515565098,0.31052096789072964
16864,-0.306178228793752,-1.3068472474226962,0.33646650461866734,-0.37666260239590865,0.2873316098924096
16865,-0.555064192453292,-0.8702756376367919,0.40620983965652435,-0.5529388013997488,0.35144998980747916
16866,-0.42414037156609247,-1.0640524547284362,0.3592463865384577,-0.4275603185565495,0.35558408160748833
16867,-0.5446644879966435,-0.7486666052674565,0.3785991440562402,-0.45548713252542505,0.4464882319163402
16868,-0.4263639115665996,-1.0403459681320035,0.3645222995250143,-0.3948828430078852,0.37459424039659955
16869,-0.514134899853119,-0.9876535087659483,0.41656293631836805,-0.5414209176268874,0.31204668588106194
16870,-0.6555114712349865,-0.6727949039080209,0.43921132755848813,-0.5764712997245125,0.40297834476887556
16871,-0.7367223780279321,-0.4234824972023021,0.45656004750785856,-0.5639161463560324,0.5051262710577628
16872,-0.554180216900073,-0.870484905596971,0.40755359935392754,-0.5267313418036962,0.3613467582135252
16873,-0.5615920926504251,-0.8176059589096958,0.4106357887221839,-0.5788860359263265,0.36988935118353494
16874,-0.44408224180163774,-1.0351547019934242,0.3759236404525178,-0.43235059606743975,0.3579968659720519
16875,-0.6146768798926358,-0.045161092585350865,0.19211882911748793,0.09242890482379203,0.8000497698420844
16876,-1.0419197141060694,-0.11800266214717878,0.607414418179495,-0.8117255089878309,0.5015453304412465
16877,-0.6047740006409734,-0.8829090917241362,0.41776805386883514,-0.4728101798362238,0.4150287520857149
16878,-0.54116890584413,-0.9446276301939862,0.37313785177171044,-0.35334725554875474,0.4467004114556909
16879,-0.6997656827607736,-0.7092704210286901,0.4716073768765417,-0.4639498826272746,0.4501355691527216
16880,-0.26717486606699886,-1.4777078815335836,0.33772819730907777,-0.2251281142755991,0.3263961673692486
16881,-0.6116013897451797,-0.7939158628767796,0.38704467850098395,-0.47538563999736994,0.45325715216528034
16882,-0.5262140204409951,-0.9432797314086337,0.36379393392441217,-0.29573304697882635,0.4838348849098832
16883,-0.43728206186610297,-1.2381341515267381,0.3444714881177608,-0.3319881025813035,0.3509321301283876
16884,-0.3701383956463743,-1.4074725865470932,0.3454069206030366,-0.3568758513352924,0.26834755708510866
16885,-0.5946834642054949,-0.9022267575986574,0.44572845515939347,-0.4548287866257891,0.4114095401482845
16886,-0.4660011124234967,-1.029206871851059,0.3737788492247877,-0.3073329373129754,0.4590582436904778
16887,-0.5573280513617666,-0.9574486709074186,0.3947816226523086,-0.4225188791178831,0.410783268842621
16888,-0.7779886163208106,-0.5590361916120017,0.5020446237436572,-0.5958029422781511,0.44338820677033636
16889,-0.500683194263329,-0.9497890352990139,0.3661772932325353,-0.31755818495714433,0.5110426647434678
16890,-0.4772319214733441,-1.0937159520645865,0.3952531236184263,-0.3580252846243768,0.3750755545486602
16891,-0.3574316248059527,-1.3552972792482403,0.3378937799248656,-0.2758445076795486,0.34020363044556223
16892,-0.7168409749212692,-0.6932031959017182,0.4568600134526391,-0.5633472880651423,0.4338345884767304
16893,-0.33914623249884535,-1.3684053107319123,0.34058186328768475,-0.2806643897062694,0.3783396083595781
16894,-0.346421149288834,-1.3466989315607187,0.3594963038878942,-0.2987009630764877,0.3246322176210658
16895,-0.5974127146752366,-0.8775576661480436,0.3993180016160958,-0.4664697639395973,0.417516575972715
16896,-0.5350967843332742,-1.0931356614589713,0.4004574907333876,-0.44566777036187355,0.36745839952442755
16897,-0.3504407404120502,-1.362135432188108,0.3420849514266433,-0.34370816814058847,0.2982620891856655
16898,-0.23973062094144196,-1.65690157297444,0.3344991721108482,-0.33675168655689475,0.22441622182430832
16899,-0.3663179223866397,-1.3113883115621683,0.3325798855811483,-0.2843792903000057,0.3643991346942216
16900,-0.47335039204872587,-1.2488225938547624,0.4213578399443597,-0.4283246897013212,0.2909957509049852
16901,-0.30288121605490786,-1.4335701637830915,0.3214448192398849,-0.2309488841588588,0.3533714651215407
16902,-0.4917018239535576,-1.1471856741390751,0.39202454265879333,-0.42081766568361323,0.32187385899052073
16903,-0.4088175291910525,-1.2531550842861823,0.3408915340838116,-0.3788571170542109,0.3544755181941098
16904,-0.40296028089276736,-1.3135931404327041,0.3793518117305685,-0.36791822760344933,0.2990779955911432
16905,-0.48938075566603473,-1.1652790399420578,0.4169660025230473,-0.46586076412932464,0.2978670120104013
16906,-0.5790173178236232,-0.8691690877925529,0.3833216059086952,-0.41099740462991025,0.4642853017290852
16907,-0.22898295041346056,-1.5021010727451793,0.2796771002774209,-0.3221447308700131,0.306754964993421
16908,-0.43559494560501266,-1.150949276184663,0.34644449449878606,-0.3530158408314909,0.37319922937760136
16909,-0.14788849061787543,-1.807820673503404,0.35894869383045774,-0.3285131110029989,0.12722968885636704
16910,-0.5836026278395919,-0.9316624184656104,0.43326865346676136,-0.5494026643780998,0.34400048877587774
16911,-0.44787142760001064,-1.110670442144574,0.3696681594519772,-0.3670670828791065,0.38367773279683964
16912,-0.8511785705971386,-0.4582357113587743,0.5153217668372968,-0.682210055762096,0.438440031057289
16913,-0.3837246347176586,-1.151789711586132,0.3110546844502545,-0.38470276185233754,0.4078037331823702
16914,-0.47310119110934323,-1.0086388477546648,0.3474881294100275,-0.39130344842479087,0.40218454370694356
16915,-0.5001617324428017,-0.9706406881193156,0.3792741072990006,-0.34484749493755057,0.4881426689696637
16916,-0.459007549497419,-1.1988256114115978,0.3822557103151889,-0.44907785220529806,0.29049734978039027
16917,-0.14666345903914504,-1.7128128352512761,0.3133046249146056,-0.32253971131927706,0.1874129271495935
16918,-0.2993674063594733,-1.4471184613266763,0.3304058778420949,-0.4524190186089377,0.21731271621477785
16919,-0.9245965399109594,-0.316205171684971,0.5463559538598842,-0.7611347695155456,0.42812848039373397
16920,-0.9488094872001912,-0.24296946885017656,0.5895281473165971,-0.7824532396724876,0.4438554079356169
16921,-0.6586582580245932,-0.7248141631952625,0.44776343025650234,-0.47208330172603785,0.4117659811442537
16922,-0.1854290668907796,-1.5154961045489903,0.30091793726387456,-0.27650287060909023,0.27166499251380505
16923,-0.5321894204655703,-0.9697711586264577,0.42184235363427547,-0.5343556005218129,0.3088493248705219
16924,-0.6644997916127405,-0.7270607142102802,0.4071646611498219,-0.5893909194201334,0.39223295057092267
16925,-0.5280455557578064,-0.8455254337499091,0.3665173801770964,-0.3718201543936111,0.46743012142208845
16926,-0.4528623277441379,-1.0505673675442515,0.32909832725971516,-0.42172194379776395,0.37723246982840275
16927,-0.9347224492209267,-0.16982971906198668,0.5523807204653917,-0.721526066952937,0.5060478677605103
16928,-0.5448927418329876,-0.7272149326623628,0.391713826997016,-0.3961116410546238,0.506708999659936
16929,-0.8634638983142225,-0.08367675645100989,0.5260461310512581,-0.597767623192966,0.6038252976792297
16930,-0.5454896242230649,-0.7187357034249541,0.35539297314770557,-0.34136300749313686,0.5332200179829844
16931,-0.8121743242308026,-0.35209150149039586,0.5167700340760123,-0.6638154777498411,0.45445330610523077
16932,-0.9489906687137463,0.41624326733789063,0.40893933149454476,-0.17808931082773877,0.9099272666649494
16933,-0.7460542721019994,-0.4191811930812381,0.4952046617299772,-0.7017682180233057,0.4287539953571362
16934,-1.0677305501847034,0.07619064029045039,0.6332526352796036,-0.7879525950540588,0.5528986052965738
16935,-1.0138340709906466,-0.03700552532176606,0.6101264070848764,-0.7872278649319701,0.5121747996016023
16936,-1.0421285176181938,0.09238208447178264,0.5949710075896061,-0.7548294288814263,0.5827365951875367
16937,-0.9976929394046363,-0.023061580724140444,0.5861913663358123,-0.7525991911463833,0.5465305119428469
16938,-0.6577548915787277,0.09926176261435254,0.2588121233353165,-0.06041508728940598,0.8196980653835648
16939,-0.6897531398701146,-0.24925582162014956,0.3736023646307403,-0.3947336019364342,0.5801217849088993
16940,-0.22023215286127804,-1.5772133346725874,0.36466308300374906,-0.4144677448771158,0.1560306603958235
16941,-0.2620253140690989,-1.4302468157512331,0.3200682962009043,-0.3460949333456,0.2715295731521851
16942,-0.6039017845047663,-0.7054422266498427,0.41328519302303574,-0.485065013907527,0.4509436152561767
16943,-0.5276681734467603,-0.7644392183422982,0.3338582266859826,-0.44642828386967975,0.49689409112360566
16944,-0.5494530341751972,-0.7564907091237847,0.3709885572616481,-0.43706328502004843,0.4675233186556912
16945,-0.9326809214939263,0.21042803254912207,0.5106984113127633,-0.6160163042452101,0.7271133890740772
16946,-0.8093968748122429,-0.22741400918576085,0.5067640394066362,-0.6942517402485309,0.5263266923696818
16947,-1.0397858301024394,0.22030703285492337,0.5974986411975702,-0.8159243721448203,0.6147705788319481
16948,-0.7469772212050282,-0.25551556227503713,0.4770822344465262,-0.5693638687946446,0.5674306934121515
16949,-0.6428045887028907,-0.6284893117473774,0.4215094404088025,-0.5244207828791142,0.4632777402287995
16950,-0.9579668494391235,0.0617687232415565,0.5520046784567256,-0.7335352720590429,0.5908071579278197
16951,-0.9048959266081232,0.04497410770308892,0.5397108128972897,-0.714210884789414,0.608127720461059
16952,-0.8594532342385073,-0.17562581365041832,0.5314353447555193,-0.7165057466330991,0.5186965459372578
16953,-0.7953427869361123,-0.2953216416614305,0.49257038012062176,-0.6583912872443293,0.5106147746141385
16954,-0.6727311779678572,-0.5564147614829734,0.45485780863786796,-0.5784528291517218,0.43964715013905936
16955,-0.6728242654439883,-0.6075257341993267,0.45320898594426223,-0.5933048392134399,0.43461257314314855
16956,-0.46678812293715194,-1.010454336966207,0.38195405122527737,-0.4999523513567943,0.3253530897572547
16957,-0.39511732114073783,-1.1179491952236447,0.35853662943460024,-0.4231668473492183,0.33066368231428755
16958,-0.684849398750144,-0.5688368488843796,0.4431559526343234,-0.6152664723346816,0.4347197778725764
16959,-0.62843300427294,-0.553394327694667,0.4266086523317807,-0.5429065084581364,0.48343998623909673
16960,-0.5394781496258204,-0.9106646891881682,0.42410979306315183,-0.5305085624191997,0.34208054306323543
16961,-0.6173877012541423,-0.7286573389041237,0.46252895270776834,-0.5963808126226243,0.38991514995717896
16962,-0.6672543506389251,-0.6471912295852073,0.4458811265442342,-0.5966775997487491,0.40736216274383424
16963,-0.5431185265610329,-0.8252191553506782,0.41642045802610705,-0.57606245880522,0.35744819596016647
16964,-0.5600996448037232,-0.7577901489610311,0.41875540248651755,-0.5081163792665843,0.41903069510020474
16965,-0.529478707903825,-0.8790025695675122,0.41753068890009404,-0.5157614173966988,0.3624530346640086
16966,-0.625680215966905,-0.7009371203006375,0.46876491096742967,-0.633126400919277,0.36972008093721337
16967,-0.7229336760701095,-0.475725284605088,0.47601385621421133,-0.6542989997392569,0.4422314131033847
16968,-0.7113578920061233,-0.43188881280238317,0.46167870418065304,-0.6854074060464065,0.46424175649249433
16969,-0.6138867882645347,-0.7102857122553213,0.43662200427862374,-0.5822030755231355,0.3981189814061224
16970,-0.9708321634219979,0.012460689821476936,0.5566988583413692,-0.8042664718235666,0.5358711953347179
16971,-0.6087406970584488,-0.5837331802067293,0.3570031062881576,-0.4769029025978461,0.4446214060790742
16972,-0.445150288527152,-1.1078117975111257,0.38547930081634435,-0.3443634661665819,0.402964001297011
16973,-0.6899359510925331,-0.7720493463011416,0.4628378875518279,-0.5588531281160691,0.3927185311964684
16974,-0.42764636140396434,-1.2488825910708454,0.38260676529049703,-0.43792555979879655,0.2816392435936558
16975,-0.49356811031142767,-1.2115728316563283,0.4131325213230995,-0.46194237897386314,0.28743904567862943
16976,-0.5051979856319073,-1.1101805051017608,0.3820082516280369,-0.4077118662689948,0.3460037381843231
16977,-0.47267269969643017,-1.2364058682832597,0.4190581928756422,-0.5064110865146921,0.251010454617558
16978,-0.3724696398108768,-1.3968924970690817,0.36824044146935986,-0.3385122356541569,0.28340670627622955
16979,-0.41249117566909627,-1.1978892177738447,0.32266309604138416,-0.3229734845541713,0.3955666640097254
16980,-0.3048689309718335,-1.5025650158256347,0.35035245514195695,-0.35281036791253667,0.26707853172349616
16981,-0.6151142882074351,-0.9057855734916563,0.42584436056787994,-0.4394580614119934,0.3816466440293288
16982,-0.23068146221273245,-1.6547853646242001,0.35146018182626554,-0.3802479691689365,0.17540035005142943
16983,-0.5996885833006561,-1.0215741868137904,0.4636570644065499,-0.5981562821087285,0.276167914150054
16984,-0.5948241741136436,-0.9761874875992286,0.4596919683882316,-0.5186271056376454,0.31548724876102824
16985,-0.5195636619230098,-1.1562213326057453,0.40679654804159004,-0.5023926360327137,0.28516266893366127
16986,-0.5996248262496839,-0.932929046281476,0.4635341009177313,-0.5733156766687129,0.313938346630421
16987,-0.6484744281575109,-0.8452083664341647,0.4507610677629488,-0.6572833221720125,0.3291127613119399
16988,-0.443540973395375,-1.2797900206801844,0.3969118811234528,-0.45415768882530916,0.26022906251013056
16989,-0.6365164900971808,-0.8912357816152018,0.4582954581261021,-0.5492572968315359,0.33598312469846475
16990,-0.618424782640544,-0.7630957586530297,0.43993417901856446,-0.47229358905816854,0.44349104700947356
16991,-0.6461753259865736,-0.7693730730880716,0.42916265968241046,-0.5225780864408607,0.4201141016802784
16992,-0.6249934197665475,-0.7546357690501632,0.40158412396003523,-0.4424165340077436,0.45904622267922757
16993,-0.5178823911381245,-0.9962697572430688,0.3934164716011277,-0.45554762696647555,0.3796001509224044
16994,-0.5205313864925892,-1.0244870307063056,0.44915662349098784,-0.4682110775704518,0.3408681893840358
16995,-0.5357848756314713,-1.1622636065090508,0.4667716847197279,-0.5727462613050207,0.2340759278661539
16996,-0.6553190845571093,-0.7966660398464727,0.43691594455797084,-0.5607715013284661,0.3886101549997391
16997,-0.4154954410518888,-1.3716870885704302,0.39615364683049503,-0.49241808790530694,0.20545203383951163
16998,-0.7124820246213592,-0.7838392673682314,0.5021788285334032,-0.6489774421051305,0.3226537134637459
16999,-0.6580650541850748,-0.9369495696089444,0.5013942901663498,-0.7155910332591763,0.2422415819797922
17000,-0.6620928980427189,-0.8986896657745609,0.47552025283086724,-0.6558618046647208,0.2918286697405525
17001,-0.6180551963559682,-0.8361756827752814,0.42684619076509445,-0.48284082300217995,0.3877951157329183
17002,-0.6822540466232028,-0.9099693964050047,0.49426612389636365,-0.6982721158533514,0.2639673925176669
17003,-0.6876758796408977,-0.8806113463093967,0.5253070016549776,-0.6921057131381917,0.2686076501082936
17004,-0.6679825752475154,-0.8652514572462011,0.46798729480549733,-0.5596672887618582,0.3407381858154053
17005,-0.6633752200835146,-0.910474635972326,0.46399909042020915,-0.6521693963826335,0.27911474261860775
17006,-0.8414345615798865,-0.5082388753441769,0.5345579318713592,-0.6587344059689492,0.4251782587530289
17007,-0.6755497129859288,-0.7668186689045706,0.45557330122135226,-0.547701031969488,0.38687644559986073
17008,-0.5910974372362842,-0.959077650855979,0.4742519764972853,-0.5473844402815204,0.3128799643966161
17009,-0.6852882770448492,-0.8728040766649335,0.5324213563057212,-0.8067244941909845,0.20275763099686833
17010,-0.6654796628008238,-0.8946658430309657,0.4866284510280105,-0.7107780929839506,0.2628342851375611
17011,-0.8098927032981933,-0.5921008287333043,0.5009915953960399,-0.6246049368348339,0.4000627618851277
17012,-0.5261638050168201,-1.1539069935800623,0.4414711630974776,-0.5759527118000499,0.24294040518208837
17013,-0.6875612531794777,-0.8238814186403133,0.4824441907156476,-0.6343389898596213,0.3251302018116238
17014,-0.6966551439867901,-0.7580094341273332,0.4890499144357486,-0.6388602669063352,0.3408698068526545
17015,-0.6416399154565667,-0.8292515173854196,0.4898278581931213,-0.5937691632758846,0.32204125245143833
17016,-0.7638977769905988,-0.3664721608868692,0.4025087701910404,-0.37745941822364804,0.5324707583724213
17017,-1.1149138415037914,0.10653231055485836,0.6269041455043667,-0.7863732589051989,0.5958326488851537
17018,-0.5456790540911745,-0.6452667584027291,0.33046153513079946,-0.3889726234261207,0.48019465814921547
17019,-1.1722587980111718,0.3168889639440473,0.6489169802125145,-0.856340660877205,0.6324140364327023
17020,-1.0199087982436847,-0.013219391951785484,0.5941862309725351,-0.8023739106296344,0.5439730445953714
17021,-1.0096347972949022,0.06078824556995764,0.5425811938903317,-0.6650536348896255,0.6031314515540546
17022,-0.9896948042432471,3.393089647039704,-0.228164126947926,2.331895155571948,3.196609238112647
